-180 -180 132.46
-180 120 130.05
-180 130 130.183
-180 140 130.774
-180 150 131.157
-180 160 131.575
-180 170 131.952
-170 -180 132.941
-170 -170 133.295
-170 -120 137.45
-170 80 130.461
-170 90 130.299
-170 100 130.404
-170 110 130.427
-170 120 130.511
-170 130 131.118
-170 140 131.287
-170 150 131.838
-170 160 132.377
-170 170 132.72
-160 -180 133.569
-160 -170 133.801
-160 -160 134.171
-160 -150 134.613
-160 -140 135.572
-160 -130 136.704
-160 -120 138.131
-160 -110 139.18
-160 -100 140.459
-160 -20 142.137
-160 -10 140.788
-160 0 139.179
-160 10 137.125
-160 20 135.396
-160 30 134.057
-160 40 132.845
-160 50 132.188
-160 60 131.453
-160 70 131.151
-160 80 130.768
-160 90 130.917
-160 100 130.894
-160 110 131.095
-160 120 131.26
-160 130 131.554
-160 140 131.913
-160 150 132.306
-160 160 132.645
-160 170 133.087
-150 -180 133.747
-150 -170 133.857
-150 -160 134.381
-150 -150 135.082
-150 -140 135.82
-150 -130 136.888
-150 -120 138.389
-150 -110 139.632
-150 -100 140.703
-150 -40 143.623
-150 -30 143.014
-150 -20 142.272
-150 -10 141.071
-150 0 139.543
-150 10 137.679
-150 20 135.914
-150 30 134.421
-150 40 133.428
-150 50 132.644
-150 60 132.085
-150 70 131.624
-150 80 131.435
-150 90 131.538
-150 100 131.336
-150 110 131.527
-150 120 131.635
-150 130 132.057
-150 140 132.048
-150 150 132.532
-150 160 133.206
-150 170 133.348
-140 -180 133.669
-140 -170 134.068
-140 -160 134.678
-140 -150 135.258
-140 -140 136.335
-140 -130 137.431
-140 -120 138.604
-140 -110 140.177
-140 -100 141.104
-140 -90 142.183
-140 -70 143.1
-140 -60 143.756
-140 -50 143.626
-140 -40 143.659
-140 -30 143.098
-140 -20 142.528
-140 -10 141.032
-140 0 139.658
-140 10 137.733
-140 20 136.23
-140 30 135.028
-140 40 133.728
-140 50 132.925
-140 60 132.336
-140 70 132.054
-140 80 131.76
-140 90 131.784
-140 100 131.989
-140 110 131.705
-140 120 131.793
-140 130 132.02
-140 140 132.401
-140 150 132.989
-140 160 133.38
-140 170 133.373
-130 -180 134.013
-130 -170 134.216
-130 -160 134.726
-130 -140 136.659
-130 -130 137.786
-130 -120 139.345
-130 -110 140.415
-130 -100 141.513
-130 -90 142.366
-130 -80 143.112
-130 -70 143.524
-130 -60 143.853
-130 -50 143.844
-130 -40 143.689
-130 -30 143.052
-130 -20 142.252
-130 -10 141.222
-130 0 139.617
-130 10 137.706
-130 20 136.415
-130 30 135.101
-130 40 134.004
-130 50 133.243
-130 60 132.969
-130 70 132.493
-130 80 132.376
-130 90 132.195
-130 100 132.108
-130 110 132.1
-130 120 132.029
-130 130 132.174
-130 140 132.696
-130 150 132.86
-130 160 133.199
-130 170 133.521
-120 -180 134.2
-120 -170 134.456
-120 -160 135.151
-120 -140 136.973
-120 -130 138.19
-120 -120 139.31
-120 -110 140.575
-120 -100 141.317
-120 -90 142.562
-120 -80 143.098
-120 -70 143.41
-120 -60 143.751
-120 -50 143.829
-120 -40 143.361
-120 -30 143.131
-120 -20 142.337
-120 -10 140.923
-120 0 139.539
-120 10 138.233
-120 20 136.694
-120 30 135.168
-120 40 134.245
-120 50 133.656
-120 60 132.91
-120 70 132.717
-120 80 132.514
-120 90 132.366
-120 100 132.094
-120 110 132.142
-120 120 132.087
-120 130 132.462
-120 140 132.576
-120 150 133.095
-120 160 133.437
-120 170 133.789
-110 -180 134.41
-110 -170 134.631
-110 -160 135.472
-110 -130 138.465
-110 -120 139.402
-110 -110 140.605
-110 -100 141.591
-110 -90 142.425
-110 -80 143.016
-110 -70 143.24
-110 -60 143.642
-110 -50 143.66
-110 -40 143.282
-110 -30 142.698
-110 -20 142.184
-110 -10 141.056
-110 0 139.537
-110 10 138.164
-110 20 137.055
-110 30 135.501
-110 40 134.251
-110 50 133.742
-110 60 133.015
-110 70 132.678
-110 80 132.428
-110 90 132.245
-110 100 132.06
-110 110 131.986
-110 120 132.234
-110 130 132.362
-110 140 132.53
-110 150 132.991
-110 160 133.425
-110 170 133.801
-100 -180 134.356
-100 -170 134.888
-100 -160 135.564
-100 -120 139.364
-100 -110 140.545
-100 -100 141.44
-100 -90 142.129
-100 -80 142.538
-100 -70 143.228
-100 -60 143.423
-100 -50 143.336
-100 -40 143.221
-100 -30 142.718
-100 -20 142.101
-100 -10 140.972
-100 0 139.707
-100 10 138.282
-100 20 136.524
-100 30 135.509
-100 40 134.176
-100 50 133.461
-100 60 132.823
-100 70 132.806
-100 80 132.271
-100 90 132.346
-100 100 132.005
-100 110 131.938
-100 120 132.203
-100 130 132.172
-100 140 132.548
-100 150 132.816
-100 160 133.316
-100 170 133.795
-90 -180 134.337
-90 -170 134.897
-90 -160 135.611
-90 -80 142.57
-90 -70 142.98
-90 -60 143.201
-90 -50 142.913
-90 -40 143.004
-90 -30 142.615
-90 -20 141.847
-90 -10 140.948
-90 0 139.664
-90 10 138.306
-90 20 136.657
-90 30 135.022
-90 40 132.074
-90 50 131.138
-90 60 130.95
-90 70 132.108
-90 80 132.144
-90 90 131.775
-90 100 131.812
-90 110 131.692
-90 120 131.777
-90 130 131.885
-90 140 132.352
-90 150 132.605
-90 160 133.416
-90 170 133.945
-80 -180 134.299
-80 -170 134.683
-80 -160 135.415
-80 -80 141.964
-80 -70 142.711
-80 -60 142.876
-80 -50 142.881
-80 -40 142.95
-80 -30 142.54
-80 -20 141.991
-80 -10 140.858
-80 0 139.617
-80 10 138.038
-80 20 134.41
-80 30 132.67
-80 40 131.369
-80 50 130.574
-80 60 129.53
-80 70 129.342
-80 80 131.71
-80 90 131.55
-80 100 131.782
-80 110 131.431
-80 120 131.55
-80 130 131.629
-80 140 132.246
-80 150 132.67
-80 160 133.259
-80 170 133.736
-70 -180 133.909
-70 -170 134.275
-70 -160 134.562
-70 -80 141.877
-70 -70 142.29
-70 -60 142.59
-70 -50 143.088
-70 -40 142.814
-70 -30 142.582
-70 -20 142.005
-70 -10 140.913
-70 0 139.324
-70 10 136.059
-70 20 133.98
-70 40 130.622
-70 50 129.595
-70 60 128.912
-70 70 128.704
-70 80 131.012
-70 90 131.1
-70 100 131.161
-70 110 131.141
-70 120 131.496
-70 130 131.753
-70 140 131.921
-70 150 132.695
-70 160 133.123
-70 170 133.598
-60 -180 133.398
-60 -170 133.545
-60 -80 141.571
-60 -70 142.191
-60 -60 142.606
-60 -50 142.87
-60 -40 142.698
-60 -30 142.486
-60 -20 141.633
-60 -10 138.924
-60 0 137.527
-60 80 130.226
-60 90 130.489
-60 100 130.699
-60 110 130.839
-60 120 131.157
-60 130 131.297
-60 140 131.832
-60 150 132.286
-60 160 132.879
-60 170 133.167
-50 -60 142.706
-50 -50 142.843
-50 -40 142.497
-50 -30 142.022
-50 -20 139.824
-50 100 130.316
-50 110 130.557
-50 120 130.719
-50 130 130.972
-50 140 131.674
-50 150 131.812
-50 160 132.252
-40 -60 142.524
-40 -50 142.608
-40 -40 141.986
-40 -30 140.199
-40 -20 139.93
-40 100 129.884
-40 110 130.177
-40 120 130.296
-40 130 130.631
-40 140 130.759
-40 150 131.267
-30 -60 142.029
-20 100 129.452
-20 110 129.24
-10 100 129.023
-10 110 128.883
0 100 128.735
0 110 128.642
40 -140 134.831
40 -130 136.193
40 -120 137.502
40 -110 138.835
40 30 132.616
40 40 132.368
40 50 131.168
40 60 130.553
40 70 130.104
40 80 129.891
50 -140 134.774
50 -130 136.092
50 -120 137.533
50 -110 138.818
50 20 133.943
50 30 133.125
50 40 132.079
50 50 131.296
50 60 130.854
50 70 130.446
50 80 130.221
60 -150 134.02
60 -140 135.243
60 -130 136.666
60 -120 137.999
60 -110 139.215
60 -40 141.6
60 -10 138.778
60 0 137.109
60 10 135.504
60 20 134.487
60 30 133.575
60 40 132.503
60 50 131.663
60 60 131.042
60 70 130.686
60 80 130.245
60 90 130.075
60 100 130.0
60 110 129.671
60 120 129.659
60 130 129.876
60 140 130.119
60 150 130.6
60 160 131.058
60 170 131.273
70 -180 132.492
70 -170 133.029
70 -160 133.738
70 -60 141.719
70 -50 142.039
70 -40 141.491
70 -30 141.319
70 -20 140.325
70 -10 139.123
70 0 137.945
70 10 136.542
70 20 135.303
70 30 134.122
70 40 133.045
70 50 132.132
70 60 131.733
70 70 131.23
70 80 130.547
70 90 130.445
70 100 129.876
70 110 129.676
70 120 129.613
70 130 129.748
70 140 130.031
70 150 130.602
70 160 131.331
70 170 131.636
80 -180 133.192
80 -170 133.917
80 -60 142.507
80 -50 142.162
80 -40 141.976
80 -30 141.522
80 -20 140.917
80 -10 140.086
80 0 138.905
80 10 137.576
80 20 136.21
80 30 134.768
80 40 133.746
80 50 132.931
80 60 132.39
80 70 131.768
80 80 131.328
80 90 130.838
80 100 130.594
80 110 130.241
80 120 130.229
80 130 130.226
80 140 130.619
80 150 130.979
80 160 131.918
80 170 132.626
170 130 129.403
170 140 130.1
170 150 130.449
180 180 132.46
180 120 130.05
180 130 130.183
180 140 130.774
180 150 131.157
180 160 131.575
180 170 131.952
-170 180 132.941
-160 180 133.569
-150 180 133.747
-140 180 133.669
-130 180 134.013
-120 180 134.2
-110 180 134.41
-100 180 134.356
-90 180 134.337
-80 180 134.299
-70 180 133.909
-60 180 133.398
70 180 132.492
80 180 133.192
180 -180 132.46
-180 180 132.46
