-180 -180 -180 133.801
-180 -180 -60 131.194
-180 -180 60 135.584
-180 -170 -180 133.627
-180 -170 -60 131.48
-180 -170 60 135.925
-180 -160 -180 133.842
-180 -160 -60 131.963
-180 -160 60 136.538
-180 50 -180 131.552
-180 50 -60 129.676
-180 50 60 133.82
-180 60 -180 131.265
-180 60 -60 129.032
-180 60 60 133.307
-180 70 -180 130.712
-180 70 -60 128.733
-180 70 60 133.045
-180 80 -180 130.56
-180 80 -60 128.592
-180 80 60 133.039
-180 90 -180 130.641
-180 90 -60 128.397
-180 90 60 132.993
-180 100 -180 130.762
-180 100 -60 128.445
-180 100 60 132.697
-180 110 -180 131.032
-180 110 -60 128.451
-180 110 60 133.008
-180 120 -180 131.14
-180 120 -60 128.942
-180 120 60 133.234
-180 130 -180 131.666
-180 130 -60 129.257
-180 130 60 133.614
-180 140 -180 132.128
-180 140 -60 129.573
-180 140 60 134.222
-180 150 -180 132.747
-180 150 -60 130.055
-180 150 60 134.501
-180 160 -180 133.525
-180 160 -60 130.649
-180 160 60 134.833
-180 170 -180 133.502
-180 170 -60 130.991
-180 170 60 135.329
-170 -180 -180 134.12
-170 -180 -60 132.391
-170 -180 60 135.944
-170 -170 -180 134.047
-170 -170 -60 132.455
-170 -170 60 136.233
-170 -160 -180 134.017
-170 -160 -60 132.8
-170 -160 60 136.799
-170 -150 -180 135.301
-170 -150 -60 133.488
-170 -150 60 137.685
-170 40 -180 133.133
-170 40 -60 131.502
-170 40 60 135.284
-170 50 -180 132.328
-170 50 -60 130.722
-170 50 60 134.544
-170 60 -180 131.743
-170 60 -60 130.226
-170 60 60 133.888
-170 70 -180 131.439
-170 70 -60 129.916
-170 70 60 133.562
-170 80 -180 131.145
-170 80 -60 129.735
-170 80 60 133.559
-170 90 -180 131.239
-170 90 -60 129.59
-170 90 60 133.441
-170 100 -180 131.448
-170 100 -60 129.775
-170 100 60 133.661
-170 110 -180 131.476
-170 110 -60 129.806
-170 110 60 133.585
-170 120 -180 131.88
-170 120 -60 129.877
-170 120 60 133.689
-170 130 -180 132.149
-170 130 -60 130.216
-170 130 60 134.13
-170 140 -180 132.758
-170 140 -60 130.943
-170 140 60 134.557
-170 150 -180 133.305
-170 150 -60 131.294
-170 150 60 135.01
-170 160 -180 133.933
-170 160 -60 131.61
-170 160 60 135.475
-170 170 -180 134.167
-170 170 -60 132.026
-170 170 60 135.682
-160 -180 -180 134.378
-160 -180 -60 133.155
-160 -180 60 136.111
-160 -170 -180 133.987
-160 -170 -60 133.228
-160 -170 60 136.475
-160 -160 -180 134.211
-160 -160 -60 133.677
-160 -160 60 136.883
-160 -150 -180 135.354
-160 -150 -60 134.347
-160 -150 60 137.74
-160 -20 -180 143.438
-160 -20 -60 141.954
-160 -20 60 145.281
-160 -10 -180 142.06
-160 -10 -60 140.736
-160 -10 60 144.037
-160 0 -180 140.048
-160 0 -60 138.774
-160 0 60 142.092
-160 10 -180 137.888
-160 10 -60 136.749
-160 10 60 139.891
-160 20 -180 136.018
-160 20 -60 134.945
-160 20 60 138.355
-160 30 -180 133.919
-160 30 -60 133.46
-160 30 60 136.812
-160 40 -180 133.345
-160 40 -60 132.47
-160 40 60 135.597
-160 50 -180 132.336
-160 50 -60 131.515
-160 50 60 134.735
-160 60 -180 132.07
-160 60 -60 131.095
-160 60 60 134.227
-160 70 -180 131.85
-160 70 -60 131.116
-160 70 60 133.826
-160 80 -180 131.631
-160 80 -60 130.73
-160 80 60 133.9
-160 90 -180 131.518
-160 90 -60 130.993
-160 90 60 133.669
-160 100 -180 131.492
-160 100 -60 130.8
-160 100 60 133.718
-160 110 -180 131.564
-160 110 -60 131.085
-160 110 60 133.857
-160 120 -180 131.994
-160 120 -60 131.157
-160 120 60 134.101
-160 130 -180 132.26
-160 130 -60 131.527
-160 130 60 134.387
-160 140 -180 132.932
-160 140 -60 131.902
-160 140 60 134.687
-160 150 -180 133.595
-160 150 -60 132.236
-160 150 60 135.062
-160 160 -180 134.145
-160 160 -60 132.617
-160 160 60 135.529
-160 170 -180 134.202
-160 170 -60 132.714
-160 170 60 135.88
-150 -180 -180 134.375
-150 -180 -60 133.79
-150 -180 60 135.941
-150 -170 -180 133.959
-150 -170 -60 133.997
-150 -170 60 136.308
-150 -160 -180 133.995
-150 -160 -60 134.304
-150 -160 60 137.035
-150 -150 -180 135.362
-150 -150 -60 135.333
-150 -150 60 137.596
-150 -40 -180 144.216
-150 -40 -60 143.678
-150 -40 60 146.322
-150 -30 -180 143.986
-150 -30 -60 143.297
-150 -30 60 146.034
-150 -20 -180 143.103
-150 -20 -60 142.726
-150 -20 60 145.137
-150 -10 -180 142.132
-150 -10 -60 141.253
-150 -10 60 143.806
-150 0 -180 140.058
-150 0 -60 139.473
-150 0 60 141.89
-150 10 -180 137.948
-150 10 -60 137.51
-150 10 60 140.185
-150 20 -180 136.053
-150 20 -60 135.888
-150 20 60 138.344
-150 30 -180 134.728
-150 30 -60 134.336
-150 30 60 136.911
-150 40 -180 133.49
-150 40 -60 133.417
-150 40 60 136.055
-150 50 -180 132.842
-150 50 -60 132.509
-150 50 60 135.042
-150 60 -180 132.497
-150 60 -60 131.904
-150 60 60 134.671
-150 70 -180 132.126
-150 70 -60 131.872
-150 70 60 134.289
-150 80 -180 131.918
-150 80 -60 131.759
-150 80 60 134.013
-150 90 -180 131.639
-150 90 -60 131.77
-150 90 60 134.184
-150 100 -180 131.727
-150 100 -60 131.718
-150 100 60 134.015
-150 110 -180 131.884
-150 110 -60 131.683
-150 110 60 133.901
-150 120 -180 132.133
-150 120 -60 131.956
-150 120 60 134.229
-150 130 -180 132.4
-150 130 -60 132.317
-150 130 60 134.367
-150 140 -180 132.874
-150 140 -60 132.765
-150 140 60 134.749
-150 150 -180 133.555
-150 150 -60 132.875
-150 150 60 135.123
-150 160 -180 134.081
-150 160 -60 133.322
-150 160 60 135.487
-150 170 -180 134.302
-150 170 -60 133.794
-150 170 60 135.784
-140 -180 -180 134.165
-140 -180 -60 134.041
-140 -180 60 136.083
-140 -170 -180 133.779
-140 -170 -60 134.376
-140 -170 60 136.414
-140 -160 -180 134.156
-140 -160 -60 134.832
-140 -160 60 136.965
-140 -150 -180 135.335
-140 -150 -60 135.544
-140 -150 60 137.858
-140 -60 -180 143.986
-140 -60 -60 144.044
-140 -60 60 146.164
-140 -50 -180 144.059
-140 -50 -60 144.303
-140 -50 60 146.301
-140 -40 -180 143.903
-140 -40 -60 143.848
-140 -40 60 146.176
-140 -30 -180 143.668
-140 -30 -60 143.574
-140 -30 60 145.732
-140 -20 -180 142.894
-140 -20 -60 142.823
-140 -20 60 145.034
-140 -10 -180 141.502
-140 -10 -60 141.464
-140 -10 60 143.726
-140 0 -180 139.827
-140 0 -60 139.552
-140 0 60 142.093
-140 10 -180 137.991
-140 10 -60 137.996
-140 10 60 140.093
-140 20 -180 136.094
-140 20 -60 136.143
-140 20 60 138.579
-140 30 -180 134.833
-140 30 -60 135.074
-140 30 60 137.196
-140 40 -180 133.627
-140 40 -60 133.838
-140 40 60 135.951
-140 50 -180 132.98
-140 50 -60 133.064
-140 50 60 135.196
-140 60 -180 132.497
-140 60 -60 132.744
-140 60 60 134.628
-140 70 -180 132.111
-140 70 -60 132.46
-140 70 60 134.321
-140 80 -180 132.073
-140 80 -60 132.2
-140 80 60 134.33
-140 90 -180 131.799
-140 90 -60 132.187
-140 90 60 134.257
-140 100 -180 131.829
-140 100 -60 132.102
-140 100 60 134.047
-140 110 -180 131.887
-140 110 -60 132.027
-140 110 60 134.038
-140 120 -180 132.157
-140 120 -60 132.407
-140 120 60 134.058
-140 130 -180 132.448
-140 130 -60 132.583
-140 130 60 134.347
-140 140 -180 132.899
-140 140 -60 132.971
-140 140 60 134.669
-140 150 -180 133.285
-140 150 -60 133.066
-140 150 60 135.029
-140 160 -180 134.075
-140 160 -60 133.764
-140 160 60 135.31
-140 170 -180 134.234
-140 170 -60 134.027
-140 170 60 135.768
-130 -180 -180 133.868
-130 -180 -60 134.435
-130 -180 60 135.995
-130 -170 -180 133.734
-130 -170 -60 134.731
-130 -170 60 136.348
-130 -160 -180 134.05
-130 -160 -60 134.901
-130 -160 60 137.009
-130 -120 -180 138.849
-130 -120 -60 139.302
-130 -120 60 141.574
-130 -110 -180 140.083
-130 -110 -60 140.678
-130 -110 60 142.736
-130 -100 -180 141.318
-130 -100 -60 141.783
-130 -100 60 143.375
-130 -70 -180 143.422
-130 -70 -60 143.663
-130 -70 60 145.876
-130 -60 -180 143.884
-130 -60 -60 144.162
-130 -60 60 146.053
-130 -50 -180 143.835
-130 -50 -60 144.207
-130 -50 60 146.31
-130 -40 -180 143.76
-130 -40 -60 143.972
-130 -40 60 145.848
-130 -30 -180 143.39
-130 -30 -60 143.605
-130 -30 60 145.687
-130 -20 -180 142.575
-130 -20 -60 142.513
-130 -20 60 144.78
-130 -10 -180 141.18
-130 -10 -60 141.364
-130 -10 60 143.414
-130 0 -180 139.511
-130 0 -60 139.806
-130 0 60 141.919
-130 10 -180 137.821
-130 10 -60 138.052
-130 10 60 140.132
-130 20 -180 136.069
-130 20 -60 136.405
-130 20 60 138.592
-130 30 -180 134.533
-130 30 -60 135.006
-130 30 60 137.184
-130 40 -180 133.62
-130 40 -60 134.173
-130 40 60 135.921
-130 50 -180 132.929
-130 50 -60 133.218
-130 50 60 135.386
-130 60 -180 132.352
-130 60 -60 132.975
-130 60 60 134.71
-130 70 -180 132.297
-130 70 -60 132.392
-130 70 60 134.555
-130 80 -180 132.054
-130 80 -60 132.393
-130 80 60 134.219
-130 90 -180 131.854
-130 90 -60 132.338
-130 90 60 134.285
-130 100 -180 131.706
-130 100 -60 132.392
-130 100 60 134.075
-130 110 -180 131.913
-130 110 -60 132.358
-130 110 60 134.006
-130 120 -180 132.105
-130 120 -60 132.578
-130 120 60 134.047
-130 130 -180 132.327
-130 130 -60 132.649
-130 130 60 134.229
-130 140 -180 132.614
-130 140 -60 132.927
-130 140 60 134.461
-130 150 -180 133.286
-130 150 -60 133.254
-130 150 60 135.005
-130 160 -180 133.799
-130 160 -60 133.685
-130 160 60 135.28
-130 170 -180 133.936
-130 170 -60 133.939
-130 170 60 135.521
-120 -180 -180 133.719
-120 -180 -60 134.273
-120 -180 60 135.915
-120 -170 -180 133.669
-120 -170 -60 134.667
-120 -170 60 136.323
-120 -160 -180 133.979
-120 -160 -60 135.178
-120 -160 60 137.091
-120 -150 -180 135.465
-120 -150 -60 136.052
-120 -150 60 138.28
-120 -140 -180 136.447
-120 -140 -60 137.061
-120 -140 60 139.396
-120 -130 -180 137.555
-120 -130 -60 138.396
-120 -130 60 140.379
-120 -120 -180 138.464
-120 -120 -60 139.551
-120 -120 60 141.705
-120 -110 -180 140.008
-120 -110 -60 140.478
-120 -110 60 142.774
-120 -100 -180 141.265
-120 -100 -60 141.57
-120 -100 60 143.39
-120 -90 -180 142.245
-120 -90 -60 142.621
-120 -90 60 144.501
-120 -80 -180 142.762
-120 -80 -60 143.259
-120 -80 60 144.949
-120 -70 -180 143.031
-120 -70 -60 143.759
-120 -70 60 145.594
-120 -60 -180 143.318
-120 -60 -60 143.911
-120 -60 60 145.89
-120 -50 -180 143.582
-120 -50 -60 144.053
-120 -50 60 145.799
-120 -40 -180 143.25
-120 -40 -60 143.635
-120 -40 60 145.715
-120 -30 -180 142.933
-120 -30 -60 143.264
-120 -30 60 145.241
-120 -20 -180 142.037
-120 -20 -60 142.499
-120 -20 60 144.486
-120 -10 -180 140.996
-120 -10 -60 141.075
-120 -10 60 143.35
-120 0 -180 139.441
-120 0 -60 139.622
-120 0 60 141.64
-120 10 -180 137.769
-120 10 -60 137.912
-120 10 60 140.11
-120 20 -180 135.996
-120 20 -60 136.636
-120 20 60 138.59
-120 30 -180 134.746
-120 30 -60 135.108
-120 30 60 137.185
-120 40 -180 133.683
-120 40 -60 134.074
-120 40 60 136.087
-120 50 -180 133.073
-120 50 -60 133.425
-120 50 60 135.393
-120 60 -180 132.634
-120 60 -60 132.776
-120 60 60 134.907
-120 70 -180 132.36
-120 70 -60 132.457
-120 70 60 134.535
-120 80 -180 132.06
-120 80 -60 132.694
-120 80 60 134.349
-120 90 -180 132.123
-120 90 -60 132.179
-120 90 60 134.175
-120 100 -180 131.878
-120 100 -60 132.202
-120 100 60 134.071
-120 110 -180 131.927
-120 110 -60 132.525
-120 110 60 133.817
-120 120 -180 131.994
-120 120 -60 132.37
-120 120 60 133.808
-120 130 -180 132.257
-120 130 -60 132.407
-120 130 60 134.119
-120 140 -180 132.676
-120 140 -60 132.825
-120 140 60 134.236
-120 150 -180 133.135
-120 150 -60 133.206
-120 150 60 134.804
-120 160 -180 133.31
-120 160 -60 133.277
-120 160 60 135.144
-120 170 -180 133.605
-120 170 -60 133.896
-120 170 60 135.415
-110 -180 -180 133.689
-110 -180 -60 134.157
-110 -180 60 135.863
-110 -170 -180 133.613
-110 -170 -60 134.876
-110 -170 60 136.655
-110 -160 -180 134.063
-110 -160 -60 135.37
-110 -160 60 137.282
-110 -150 -180 135.545
-110 -150 -60 136.107
-110 -150 60 138.217
-110 -140 -180 136.407
-110 -140 -60 137.054
-110 -140 60 139.326
-110 -130 -180 137.447
-110 -130 -60 138.305
-110 -130 60 140.724
-110 -120 -180 138.78
-110 -120 -60 139.413
-110 -120 60 141.725
-110 -110 -180 140.056
-110 -110 -60 140.594
-110 -110 60 142.758
-110 -100 -180 141.181
-110 -100 -60 141.798
-110 -100 60 143.336
-110 -90 -180 141.889
-110 -90 -60 142.271
-110 -90 60 144.301
-110 -80 -180 142.522
-110 -80 -60 143.092
-110 -80 60 144.762
-110 -70 -180 143.054
-110 -70 -60 143.613
-110 -70 60 145.482
-110 -60 -180 143.348
-110 -60 -60 143.528
-110 -60 60 145.838
-110 -50 -180 143.183
-110 -50 -60 143.764
-110 -50 60 145.595
-110 -40 -180 143.051
-110 -40 -60 143.412
-110 -40 60 145.346
-110 -30 -180 142.771
-110 -30 -60 142.676
-110 -30 60 145.152
-110 -20 -180 141.856
-110 -20 -60 142.159
-110 -20 60 144.395
-110 -10 -180 140.878
-110 -10 -60 141.028
-110 -10 60 142.933
-110 0 -180 139.475
-110 0 -60 139.525
-110 0 60 141.759
-110 10 -180 137.675
-110 10 -60 137.993
-110 10 60 140.17
-110 20 -180 136.24
-110 20 -60 136.391
-110 20 60 138.695
-110 30 -180 134.645
-110 30 -60 135.015
-110 30 60 137.216
-110 40 -180 133.611
-110 40 -60 134.031
-110 40 60 136.155
-110 50 -180 132.841
-110 50 -60 133.396
-110 50 60 135.209
-110 60 -180 132.397
-110 60 -60 132.736
-110 60 60 134.834
-110 70 -180 132.119
-110 70 -60 132.537
-110 70 60 134.631
-110 80 -180 131.895
-110 80 -60 132.213
-110 80 60 134.464
-110 90 -180 131.723
-110 90 -60 132.197
-110 90 60 134.132
-110 100 -180 131.672
-110 100 -60 132.191
-110 100 60 133.785
-110 110 -180 131.616
-110 110 -60 132.018
-110 110 60 133.73
-110 120 -180 131.483
-110 120 -60 132.184
-110 120 60 133.874
-110 130 -180 132.022
-110 130 -60 132.4
-110 130 60 133.927
-110 140 -180 132.416
-110 140 -60 132.553
-110 140 60 134.295
-110 150 -180 132.695
-110 150 -60 132.951
-110 150 60 134.61
-110 160 -180 133.195
-110 160 -60 133.297
-110 160 60 135.181
-110 170 -180 133.693
-110 170 -60 133.754
-110 170 60 135.429
-100 -180 -180 133.931
-100 -180 -60 134.175
-100 -180 60 136.066
-100 -170 -180 133.74
-100 -170 -60 134.675
-100 -170 60 136.522
-100 -160 -180 134.176
-100 -160 -60 135.429
-100 -160 60 137.425
-100 -150 -180 135.634
-100 -150 -60 136.315
-100 -150 60 138.42
-100 -140 -180 136.573
-100 -140 -60 137.171
-100 -140 60 139.454
-100 -130 -180 137.422
-100 -130 -60 138.374
-100 -130 60 140.464
-100 -120 -180 138.857
-100 -120 -60 139.295
-100 -120 60 141.577
-100 -110 -180 139.949
-100 -110 -60 140.622
-100 -110 60 142.843
-100 -100 -180 141.15
-100 -100 -60 141.434
-100 -100 60 143.232
-100 -90 -180 141.771
-100 -90 -60 142.451
-100 -90 60 144.313
-100 -80 -180 142.19
-100 -80 -60 142.817
-100 -80 60 144.598
-100 -70 -180 142.653
-100 -70 -60 143.172
-100 -70 60 145.276
-100 -60 -180 142.736
-100 -60 -60 143.33
-100 -60 60 145.339
-100 -50 -180 142.896
-100 -50 -60 143.198
-100 -50 60 145.327
-100 -40 -180 142.714
-100 -40 -60 143.074
-100 -40 60 145.472
-100 -30 -180 142.41
-100 -30 -60 142.601
-100 -30 60 144.839
-100 -20 -180 141.713
-100 -20 -60 142.034
-100 -20 60 144.024
-100 -10 -180 140.831
-100 -10 -60 140.776
-100 -10 60 143.072
-100 0 -180 139.26
-100 0 -60 139.415
-100 0 60 141.779
-100 10 -180 137.783
-100 10 -60 137.945
-100 10 60 140.11
-100 20 -180 135.906
-100 20 -60 136.338
-100 20 60 138.631
-100 30 -180 134.538
-100 30 -60 135.146
-100 30 60 137.017
-100 40 -180 133.276
-100 40 -60 133.873
-100 40 60 136.048
-100 50 -180 132.703
-100 50 -60 130.944
-100 50 60 135.042
-100 60 -180 131.969
-100 60 -60 132.655
-100 60 60 134.571
-100 70 -180 131.797
-100 70 -60 132.364
-100 70 60 134.386
-100 80 -180 131.794
-100 80 -60 132.146
-100 80 60 134.292
-100 90 -180 131.387
-100 90 -60 131.935
-100 90 60 134.082
-100 100 -180 131.385
-100 100 -60 131.922
-100 100 60 133.699
-100 110 -180 131.345
-100 110 -60 131.786
-100 110 60 133.567
-100 120 -180 131.438
-100 120 -60 131.903
-100 120 60 133.543
-100 130 -180 131.624
-100 130 -60 132.183
-100 130 60 134.037
-100 140 -180 132.083
-100 140 -60 132.503
-100 140 60 134.234
-100 150 -180 132.391
-100 150 -60 132.754
-100 150 60 134.707
-100 160 -180 133.147
-100 160 -60 133.295
-100 160 60 135.034
-100 170 -180 133.462
-100 170 -60 133.66
-100 170 60 135.506
-90 -180 -180 133.856
-90 -180 -60 134.474
-90 -180 60 136.331
-90 -170 -180 133.8
-90 -170 -60 134.923
-90 -170 60 136.904
-90 -160 -180 134.149
-90 -160 -60 135.448
-90 -160 60 137.651
-90 -150 -180 135.81
-90 -150 -60 136.032
-90 -150 60 138.253
-90 -140 -180 136.649
-90 -140 -60 137.392
-90 -140 60 139.433
-90 -130 -180 137.275
-90 -130 -60 138.141
-90 -130 60 140.657
-90 -120 -180 138.458
-90 -120 -60 139.294
-90 -120 60 141.439
-90 -110 -180 139.746
-90 -110 -60 140.189
-90 -110 60 142.348
-90 -100 -180 140.486
-90 -100 -60 141.133
-90 -100 60 143.01
-90 -90 -180 141.31
-90 -90 -60 141.875
-90 -90 60 144.05
-90 -80 -180 141.797
-90 -80 -60 142.542
-90 -80 60 144.444
-90 -70 -180 142.372
-90 -70 -60 142.947
-90 -70 60 144.995
-90 -60 -180 142.649
-90 -60 -60 143.166
-90 -60 60 145.24
-90 -50 -180 142.712
-90 -50 -60 143.215
-90 -50 60 145.135
-90 -40 -180 142.584
-90 -40 -60 143.052
-90 -40 60 145.45
-90 -30 -180 142.416
-90 -30 -60 142.728
-90 -30 60 144.684
-90 -20 -180 141.791
-90 -20 -60 141.835
-90 -20 60 144.343
-90 -10 -180 140.593
-90 -10 -60 140.872
-90 -10 60 143.251
-90 0 -180 139.515
-90 0 -60 139.573
-90 0 60 141.912
-90 10 -180 137.667
-90 10 -60 137.895
-90 10 60 140.251
-90 20 -180 135.923
-90 20 -60 136.275
-90 20 60 138.534
-90 30 -180 134.245
-90 30 -60 134.55
-90 30 60 135.266
-90 40 -180 131.094
-90 40 -60 131.615
-90 40 60 134.224
-90 50 -180 130.231
-90 50 -60 130.919
-90 50 60 133.503
-90 60 -180 129.965
-90 60 -60 130.974
-90 60 60 132.795
-90 70 -180 129.297
-90 70 -60 131.749
-90 70 60 133.877
-90 80 -180 131.51
-90 80 -60 131.816
-90 80 60 133.778
-90 90 -180 131.315
-90 90 -60 131.814
-90 90 60 133.724
-90 100 -180 131.235
-90 100 -60 131.763
-90 100 60 133.654
-90 110 -180 130.983
-90 110 -60 131.695
-90 110 60 133.695
-90 120 -180 131.366
-90 120 -60 131.788
-90 120 60 133.647
-90 130 -180 131.541
-90 130 -60 132.057
-90 130 60 133.878
-90 140 -180 132.043
-90 140 -60 132.189
-90 140 60 134.145
-90 150 -180 132.477
-90 150 -60 132.823
-90 150 60 134.526
-90 160 -180 133.249
-90 160 -60 133.274
-90 160 60 135.21
-90 170 -180 133.64
-90 170 -60 133.806
-90 170 60 135.693
-80 -180 -180 134.007
-80 -180 -60 134.453
-80 -180 60 136.272
-80 -170 -180 133.864
-80 -170 -60 134.764
-80 -170 60 136.641
-80 -160 -180 133.769
-80 -160 -60 135.124
-80 -160 60 137.355
-80 -150 -180 135.572
-80 -150 -60 135.769
-80 -150 60 138.054
-80 -140 -180 136.542
-80 -140 -60 136.607
-80 -140 60 138.968
-80 -130 -180 136.688
-80 -130 -60 137.74
-80 -130 60 139.938
-80 -120 -180 137.669
-80 -120 -60 138.58
-80 -120 60 140.801
-80 -110 -180 138.798
-80 -110 -60 139.65
-80 -110 60 141.75
-80 -100 -180 139.786
-80 -100 -60 140.552
-80 -100 60 142.435
-80 -90 -180 140.878
-80 -90 -60 141.428
-80 -90 60 143.646
-80 -80 -180 141.549
-80 -80 -60 142.218
-80 -80 60 144.294
-80 -70 -180 142.115
-80 -70 -60 142.725
-80 -70 60 144.807
-80 -60 -180 142.527
-80 -60 -60 142.882
-80 -60 60 145.177
-80 -50 -180 142.607
-80 -50 -60 143.054
-80 -50 60 145.124
-80 -40 -180 142.737
-80 -40 -60 142.911
-80 -40 60 145.253
-80 -30 -180 142.498
-80 -30 -60 142.692
-80 -30 60 144.749
-80 -20 -180 141.828
-80 -20 -60 141.922
-80 -20 60 144.299
-80 -10 -180 140.774
-80 -10 -60 140.996
-80 -10 60 143.288
-80 0 -180 139.547
-80 0 -60 139.591
-80 0 60 141.752
-80 10 -180 137.669
-80 10 -60 137.961
-80 10 60 139.924
-80 20 -180 133.849
-80 20 -60 134.319
-80 20 60 136.666
-80 30 -180 132.152
-80 30 -60 132.694
-80 30 60 134.911
-80 40 -180 130.724
-80 40 -60 131.108
-80 40 60 133.828
-80 50 -180 129.724
-80 50 -60 130.352
-80 50 60 132.807
-80 60 -180 129.367
-80 60 -60 129.998
-80 60 60 132.436
-80 70 -180 128.752
-80 70 -60 130.086
-80 70 60 132.988
-80 80 -180 130.854
-80 80 -60 131.37
-80 80 60 133.68
-80 90 -180 131.058
-80 90 -60 131.707
-80 90 60 133.441
-80 100 -180 131.007
-80 100 -60 131.584
-80 100 60 133.398
-80 110 -180 130.886
-80 110 -60 131.428
-80 110 60 133.521
-80 120 -180 131.109
-80 120 -60 131.595
-80 120 60 133.595
-80 130 -180 131.486
-80 130 -60 131.706
-80 130 60 133.928
-80 140 -180 132.142
-80 140 -60 132.529
-80 140 60 134.173
-80 150 -180 132.677
-80 150 -60 132.859
-80 150 60 134.689
-80 160 -180 133.364
-80 160 -60 133.441
-80 160 60 135.221
-80 170 -180 133.647
-80 170 -60 134.222
-80 170 60 135.576
-70 -180 -180 133.805
-70 -180 -60 134.268
-70 -180 60 136.017
-70 -170 -180 133.495
-70 -170 -60 134.382
-70 -170 60 136.457
-70 -160 -180 133.391
-70 -160 -60 134.693
-70 -160 60 136.72
-70 -100 -180 139.227
-70 -100 -60 140.121
-70 -100 60 141.786
-70 -90 -180 140.658
-70 -90 -60 141.1
-70 -90 60 142.923
-70 -80 -180 141.254
-70 -80 -60 142.045
-70 -80 60 143.971
-70 -70 -180 142.005
-70 -70 -60 142.582
-70 -70 60 144.684
-70 -60 -180 142.425
-70 -60 -60 143.173
-70 -60 60 145.153
-70 -50 -180 142.754
-70 -50 -60 143.257
-70 -50 60 145.416
-70 -40 -180 142.554
-70 -40 -60 142.905
-70 -40 60 145.521
-70 -30 -180 142.597
-70 -30 -60 142.802
-70 -30 60 145.028
-70 -20 -180 142.133
-70 -20 -60 141.993
-70 -20 60 144.361
-70 -10 -180 141.118
-70 -10 -60 140.915
-70 -10 60 143.333
-70 0 -180 139.169
-70 0 -60 137.979
-70 0 60 140.373
-70 10 -180 135.778
-70 10 -60 136.253
-70 10 60 138.541
-70 20 -180 133.542
-70 20 -60 134.039
-70 20 60 136.158
-70 40 -180 130.082
-70 40 -60 130.721
-70 40 60 133.651
-70 50 -180 129.18
-70 50 -60 129.655
-70 50 60 132.77
-70 60 -180 128.582
-70 60 -60 129.027
-70 60 60 132.313
-70 70 -180 128.041
-70 70 -60 128.477
-70 70 60 132.241
-70 80 -180 130.299
-70 80 -60 131.065
-70 80 60 133.099
-70 90 -180 130.526
-70 90 -60 131.038
-70 90 60 133.216
-70 100 -180 130.517
-70 100 -60 131.069
-70 100 60 133.111
-70 110 -180 130.905
-70 110 -60 131.416
-70 110 60 133.15
-70 120 -180 131.048
-70 120 -60 131.709
-70 120 60 133.422
-70 130 -180 131.331
-70 130 -60 131.875
-70 130 60 133.692
-70 140 -180 132.271
-70 140 -60 132.428
-70 140 60 134.315
-70 150 -180 132.751
-70 150 -60 132.998
-70 150 60 134.605
-70 160 -180 133.431
-70 160 -60 133.432
-70 160 60 135.047
-70 170 -180 133.7
-70 170 -60 133.875
-70 170 60 135.587
-60 -180 -180 133.417
-60 -180 -60 133.882
-60 -180 60 135.609
-60 -170 -180 132.595
-60 -170 -60 133.788
-60 -170 60 135.614
-60 -160 -180 132.382
-60 -160 -60 134.019
-60 -160 60 135.964
-60 -100 -180 138.821
-60 -100 -60 139.266
-60 -100 60 141.292
-60 -90 -180 140.063
-60 -90 -60 140.619
-60 -90 60 142.443
-60 -80 -180 141.161
-60 -80 -60 141.855
-60 -80 60 144.061
-60 -70 -180 141.959
-60 -70 -60 142.669
-60 -70 60 144.613
-60 -60 -180 142.615
-60 -60 -60 143.136
-60 -60 60 145.323
-60 -50 -180 142.735
-60 -50 -60 143.436
-60 -50 60 145.561
-60 -40 -180 142.909
-60 -40 -60 143.028
-60 -40 60 145.411
-60 -30 -180 142.431
-60 -30 -60 142.622
-60 -30 60 144.989
-60 -20 -180 142.007
-60 -20 -60 142.052
-60 -20 60 144.376
-60 -10 -180 139.065
-60 -10 -60 139.386
-60 -10 60 141.681
-60 0 -180 137.603
-60 0 -60 137.927
-60 0 60 141.055
-60 10 -180 136.742
-60 10 -60 137.176
-60 10 60 139.133
-60 60 -180 129.354
-60 60 -60 129.61
-60 60 60 131.785
-60 70 -180 129.41
-60 70 -60 129.556
-60 70 60 131.914
-60 80 -180 129.768
-60 80 -60 130.234
-60 80 60 132.296
-60 90 -180 130.061
-60 90 -60 130.557
-60 90 60 132.797
-60 100 -180 130.564
-60 100 -60 130.79
-60 100 60 132.992
-60 110 -180 130.5
-60 110 -60 131.273
-60 110 60 133.174
-60 120 -180 130.979
-60 120 -60 131.518
-60 120 60 133.281
-60 130 -180 131.411
-60 130 -60 131.893
-60 130 60 133.712
-60 140 -180 132.024
-60 140 -60 132.297
-60 140 60 134.106
-60 150 -180 132.718
-60 150 -60 132.729
-60 150 60 134.727
-60 160 -180 133.158
-60 160 -60 133.218
-60 160 60 135.13
-60 170 -180 133.585
-60 170 -60 133.597
-60 170 60 135.534
-50 -180 -180 132.816
-50 -180 -60 133.001
-50 -180 60 134.874
-50 -170 -180 131.475
-50 -170 -60 132.984
-50 -170 60 134.835
-50 -80 -180 141.321
-50 -80 -60 141.883
-50 -80 60 144.286
-50 -70 -180 142.097
-50 -70 -60 142.706
-50 -70 60 144.873
-50 -60 -180 142.8
-50 -60 -60 143.455
-50 -60 60 145.522
-50 -50 -180 142.998
-50 -50 -60 143.394
-50 -50 60 145.737
-50 -40 -180 142.89
-50 -40 -60 143.242
-50 -40 60 145.405
-50 -30 -180 142.505
-50 -30 -60 142.664
-50 -30 60 143.894
-50 -20 -180 140.104
-50 -20 -60 140.546
-50 -20 60 142.925
-50 -10 -180 139.849
-50 -10 -60 140.092
-50 -10 60 141.868
-50 100 -180 130.272
-50 100 -60 130.632
-50 100 60 132.64
-50 110 -180 130.447
-50 110 -60 130.953
-50 110 60 132.809
-50 120 -180 130.939
-50 120 -60 131.36
-50 120 60 133.192
-50 130 -180 131.347
-50 130 -60 131.794
-50 130 60 133.576
-50 140 -180 132.023
-50 140 -60 132.116
-50 140 60 133.903
-50 150 -180 132.287
-50 150 -60 132.678
-50 150 60 134.425
-50 160 -180 132.665
-50 160 -60 132.919
-50 160 60 134.775
-50 170 -180 133.058
-50 170 -60 133.162
-50 170 60 134.972
-40 -180 -180 131.828
-40 -180 -60 132.214
-40 -180 60 134.159
-40 -70 -180 142.46
-40 -70 -60 143.078
-40 -70 60 145.186
-40 -60 -180 142.893
-40 -60 -60 143.301
-40 -60 60 145.388
-40 -50 -180 142.925
-40 -50 -60 143.249
-40 -50 60 145.594
-40 -40 -180 142.63
-40 -40 -60 143.004
-40 -40 60 144.372
-40 -30 -180 141.017
-40 -30 -60 141.051
-40 -30 60 143.589
-40 -20 -180 140.477
-40 -20 -60 140.152
-40 -20 60 142.588
-40 100 -180 130.057
-40 100 -60 130.56
-40 100 60 132.412
-40 110 -180 130.348
-40 110 -60 130.808
-40 110 60 132.776
-40 120 -180 130.715
-40 120 -60 131.01
-40 120 60 132.976
-40 130 -180 131.158
-40 130 -60 131.294
-40 130 60 132.984
-40 140 -180 131.629
-40 140 -60 131.827
-40 140 60 133.346
-40 150 -180 132.011
-40 150 -60 132.054
-40 150 60 133.895
-40 160 -180 132.655
-40 160 -60 132.296
-40 160 60 134.411
-40 170 -180 132.464
-40 170 -60 132.511
-40 170 60 134.357
-30 -60 -180 142.608
-30 -60 -60 143.12
-30 -60 60 145.172
-30 -50 -180 142.335
-30 -50 -60 142.834
-30 -50 60 144.535
-30 -40 -180 141.361
-30 -40 -60 141.378
-30 -40 60 144.093
-30 120 -180 130.435
-30 120 -60 130.66
-30 120 60 132.657
-30 130 -180 130.828
-30 130 -60 130.974
-30 130 60 132.863
-30 140 -180 131.188
-30 140 -60 131.423
-30 140 60 133.185
-30 150 -180 131.852
-30 150 -60 131.689
-30 150 60 133.498
-30 160 -180 131.789
-30 160 -60 131.844
-30 160 60 133.532
-20 130 -180 130.551
-20 130 -60 130.746
-20 130 60 132.57
-20 140 -180 131.045
-20 140 -60 131.034
-20 140 60 132.91
-20 150 -180 131.13
-20 150 -60 131.193
-20 150 60 132.818
30 60 -180 131.3
30 60 -60 131.708
30 60 60 133.015
30 70 -180 130.795
30 70 -60 131.095
30 70 60 132.368
30 80 -180 130.581
30 80 -60 130.706
30 80 60 131.88
30 90 -180 130.67
30 90 -60 130.822
30 90 60 131.416
30 100 -180 130.787
30 100 -60 131.074
30 100 60 131.632
40 -160 -180 132.601
40 -160 -60 134.031
40 -160 60 135.658
40 -150 -180 134.938
40 -150 -60 134.792
40 -150 60 136.578
40 -140 -180 135.177
40 -140 -60 135.805
40 -140 60 137.479
40 20 -180 135.159
40 20 -60 135.482
40 20 60 136.898
40 30 -180 132.953
40 30 -60 133.309
40 30 60 135.78
40 40 -180 132.416
40 40 -60 132.894
40 40 60 134.599
40 50 -180 131.558
40 50 -60 131.819
40 50 60 133.289
40 60 -180 131.122
40 60 -60 131.296
40 60 60 132.774
40 70 -180 130.576
40 70 -60 130.827
40 70 60 132.299
40 80 -180 130.449
40 80 -60 130.803
40 80 60 132.033
40 90 -180 130.613
40 90 -60 130.883
40 90 60 131.748
40 100 -180 130.734
40 100 -60 130.848
40 100 60 131.763
50 -160 -180 132.226
50 -160 -60 133.716
50 -160 60 135.285
50 -150 -180 134.201
50 -150 -60 134.592
50 -150 60 136.312
50 -140 -180 135.182
50 -140 -60 135.62
50 -140 60 137.654
50 -130 -180 136.2
50 -130 -60 137.105
50 -130 60 138.9
50 -120 -180 137.655
50 -120 -60 138.533
50 -120 60 140.068
50 10 -180 136.278
50 10 -60 136.398
50 10 60 137.838
50 20 -180 134.172
50 20 -60 134.27
50 20 60 136.772
50 30 -180 133.099
50 30 -60 133.308
50 30 60 135.494
50 40 -180 132.011
50 40 -60 132.495
50 40 60 134.445
50 50 -180 131.183
50 50 -60 131.814
50 50 60 133.606
50 60 -180 131.078
50 60 -60 131.339
50 60 60 133.134
50 70 -180 130.59
50 70 -60 130.939
50 70 60 132.754
50 80 -180 130.471
50 80 -60 130.692
50 80 60 132.27
50 90 -180 130.452
50 90 -60 130.749
50 90 60 132.169
50 100 -180 130.455
50 100 -60 130.851
50 100 60 131.739
60 -180 -180 132.077
60 -180 -60 132.566
60 -180 60 134.363
60 -170 -180 131.864
60 -170 -60 133.063
60 -170 60 135.294
60 -160 -180 132.622
60 -160 -60 133.637
60 -160 60 136.144
60 -150 -180 134.193
60 -150 -60 134.81
60 -150 60 137.339
60 -140 -180 135.25
60 -140 -60 135.996
60 -140 60 138.502
60 -130 -180 136.234
60 -130 -60 137.214
60 -130 60 139.898
60 -120 -180 137.809
60 -120 -60 138.789
60 -120 60 141.267
60 -20 -180 140.872
60 -20 -60 140.941
60 -20 60 143.024
60 -10 -180 138.96
60 -10 -60 139.0
60 -10 60 141.309
60 0 -180 137.544
60 0 -60 137.463
60 0 60 140.003
60 10 -180 135.629
60 10 -60 135.991
60 10 60 138.834
60 20 -180 134.432
60 20 -60 134.87
60 20 60 137.55
60 30 -180 133.017
60 30 -60 133.637
60 30 60 136.174
60 40 -180 132.312
60 40 -60 132.618
60 40 60 135.226
60 50 -180 131.566
60 50 -60 132.043
60 50 60 134.517
60 60 -180 131.087
60 60 -60 131.521
60 60 60 133.844
60 70 -180 130.645
60 70 -60 131.148
60 70 60 133.433
60 80 -180 130.491
60 80 -60 130.817
60 80 60 133.109
60 90 -180 130.088
60 90 -60 130.567
60 90 60 132.595
60 100 -180 129.829
60 100 -60 130.371
60 100 60 132.347
60 110 -180 129.912
60 110 -60 130.39
60 110 60 132.17
60 120 -180 129.78
60 120 -60 130.544
60 120 60 132.156
60 130 -180 130.148
60 130 -60 130.551
60 130 60 132.168
60 140 -180 130.388
60 140 -60 130.625
60 140 60 132.433
60 150 -180 131.153
60 150 -60 131.095
60 150 60 132.646
60 160 -180 131.603
60 160 -60 131.542
60 160 60 133.251
60 170 -180 132.004
60 170 -60 132.037
60 170 60 133.746
70 -180 -180 132.183
70 -180 -60 132.847
70 -180 60 135.62
70 -170 -180 132.516
70 -170 -60 133.319
70 -170 60 136.658
70 -160 -180 133.04
70 -160 -60 134.112
70 -160 60 137.732
70 -150 -180 134.171
70 -150 -60 134.985
70 -150 60 138.652
70 -120 -180 138.163
70 -120 -60 139.088
70 -120 60 142.624
70 -20 -180 140.742
70 -20 -60 140.673
70 -20 60 143.942
70 -10 -180 139.219
70 -10 -60 139.145
70 -10 60 142.759
70 0 -180 137.793
70 0 -60 137.59
70 0 60 141.575
70 10 -180 136.386
70 10 -60 136.775
70 10 60 140.022
70 20 -180 134.75
70 20 -60 135.367
70 20 60 138.75
70 30 -180 133.545
70 30 -60 133.938
70 30 60 137.596
70 40 -180 132.597
70 40 -60 132.971
70 40 60 136.448
70 50 -180 131.768
70 50 -60 132.295
70 50 60 135.615
70 60 -180 131.287
70 60 -60 131.657
70 60 60 135.147
70 70 -180 130.745
70 70 -60 131.18
70 70 60 134.417
70 80 -180 130.487
70 80 -60 130.857
70 80 60 134.014
70 90 -180 129.883
70 90 -60 130.677
70 90 60 133.876
70 100 -180 129.719
70 100 -60 130.141
70 100 60 133.228
70 110 -180 129.496
70 110 -60 130.0
70 110 60 132.84
70 120 -180 129.585
70 120 -60 129.893
70 120 60 133.009
70 130 -180 129.747
70 130 -60 130.302
70 130 60 132.815
70 140 -180 130.351
70 140 -60 130.724
70 140 60 133.106
70 150 -180 131.049
70 150 -60 131.083
70 150 60 133.443
70 160 -180 131.332
70 160 -60 131.545
70 160 60 134.354
70 170 -180 131.757
70 170 -60 132.194
70 170 60 134.993
80 -180 -180 132.784
80 -180 -60 133.434
80 -180 60 137.203
80 -170 -180 132.649
80 -170 -60 133.846
80 -170 60 138.154
80 -160 -180 133.111
80 -160 -60 134.705
80 -160 60 138.79
80 -30 -180 141.822
80 -30 -60 141.83
80 -30 60 145.966
80 -20 -180 140.764
80 -20 -60 141.02
80 -20 60 145.343
80 -10 -180 139.94
80 -10 -60 140.108
80 -10 60 144.331
80 0 -180 138.427
80 0 -60 138.88
80 0 60 142.667
80 10 -180 136.953
80 10 -60 137.343
80 10 60 141.385
80 20 -180 135.133
80 20 -60 135.801
80 20 60 140.097
80 30 -180 134.009
80 30 -60 134.553
80 30 60 138.771
80 40 -180 132.841
80 40 -60 133.429
80 40 60 137.945
80 50 -180 132.227
80 50 -60 132.956
80 50 60 137.194
80 60 -180 131.526
80 60 -60 132.067
80 60 60 136.51
80 70 -180 131.111
80 70 -60 131.569
80 70 60 135.898
80 80 -180 130.725
80 80 -60 131.033
80 80 60 135.528
80 90 -180 130.134
80 90 -60 130.723
80 90 60 135.149
80 100 -180 129.834
80 100 -60 130.599
80 100 60 134.672
80 110 -180 129.766
80 110 -60 130.206
80 110 60 134.13
80 120 -180 129.645
80 120 -60 130.206
80 120 60 133.989
80 130 -180 130.031
80 130 -60 130.585
80 130 60 134.214
80 140 -180 130.43
80 140 -60 131.012
80 140 60 134.516
80 150 -180 131.117
80 150 -60 131.37
80 150 60 134.888
80 160 -180 131.913
80 160 -60 132.155
80 160 60 135.811
80 170 -180 132.357
80 170 -60 132.706
80 170 60 136.381
90 -30 -180 142.321
90 -30 -60 142.458
90 -20 -180 141.71
90 -20 -60 141.903
90 -10 -180 140.498
90 -10 -60 140.77
90 0 -180 139.26
90 0 -60 139.459
90 10 -180 137.687
90 10 -60 137.878
90 70 -180 131.631
90 70 -60 132.134
90 80 -180 131.056
90 80 -60 131.894
90 160 -180 132.437
90 160 -60 132.905
90 170 -180 132.973
90 170 -60 133.415
100 80 -180 131.154
100 80 -60 131.807
100 80 60 130.483
100 160 -180 132.779
100 160 -60 133.18
100 160 60 132.782
100 170 -180 133.482
100 170 -60 133.852
100 170 60 133.63
170 -180 -180 133.015
170 -180 -60 130.849
170 -180 60 135.005
180 180 180 133.801
180 180 -60 131.194
180 180 60 135.584
180 -170 180 133.627
180 -170 -60 131.48
180 -170 60 135.925
180 -160 180 133.842
180 -160 -60 131.963
180 -160 60 136.538
180 50 180 131.552
180 50 -60 129.676
180 50 60 133.82
180 60 180 131.265
180 60 -60 129.032
180 60 60 133.307
180 70 180 130.712
180 70 -60 128.733
180 70 60 133.045
180 80 180 130.56
180 80 -60 128.592
180 80 60 133.039
180 90 180 130.641
180 90 -60 128.397
180 90 60 132.993
180 100 180 130.762
180 100 -60 128.445
180 100 60 132.697
180 110 180 131.032
180 110 -60 128.451
180 110 60 133.008
180 120 180 131.14
180 120 -60 128.942
180 120 60 133.234
180 130 180 131.666
180 130 -60 129.257
180 130 60 133.614
180 140 180 132.128
180 140 -60 129.573
180 140 60 134.222
180 150 180 132.747
180 150 -60 130.055
180 150 60 134.501
180 160 180 133.525
180 160 -60 130.649
180 160 60 134.833
180 170 180 133.502
180 170 -60 130.991
180 170 60 135.329
-170 180 180 134.12
-170 180 -60 132.391
-170 180 60 135.944
-170 -170 180 134.047
-170 -160 180 134.017
-170 -150 180 135.301
-170 40 180 133.133
-170 50 180 132.328
-170 60 180 131.743
-170 70 180 131.439
-170 80 180 131.145
-170 90 180 131.239
-170 100 180 131.448
-170 110 180 131.476
-170 120 180 131.88
-170 130 180 132.149
-170 140 180 132.758
-170 150 180 133.305
-170 160 180 133.933
-170 170 180 134.167
-160 180 180 134.378
-160 180 -60 133.155
-160 180 60 136.111
-160 -170 180 133.987
-160 -160 180 134.211
-160 -150 180 135.354
-160 -20 180 143.438
-160 -10 180 142.06
-160 0 180 140.048
-160 10 180 137.888
-160 20 180 136.018
-160 30 180 133.919
-160 40 180 133.345
-160 50 180 132.336
-160 60 180 132.07
-160 70 180 131.85
-160 80 180 131.631
-160 90 180 131.518
-160 100 180 131.492
-160 110 180 131.564
-160 120 180 131.994
-160 130 180 132.26
-160 140 180 132.932
-160 150 180 133.595
-160 160 180 134.145
-160 170 180 134.202
-150 180 180 134.375
-150 180 -60 133.79
-150 180 60 135.941
-150 -170 180 133.959
-150 -160 180 133.995
-150 -150 180 135.362
-150 -40 180 144.216
-150 -30 180 143.986
-150 -20 180 143.103
-150 -10 180 142.132
-150 0 180 140.058
-150 10 180 137.948
-150 20 180 136.053
-150 30 180 134.728
-150 40 180 133.49
-150 50 180 132.842
-150 60 180 132.497
-150 70 180 132.126
-150 80 180 131.918
-150 90 180 131.639
-150 100 180 131.727
-150 110 180 131.884
-150 120 180 132.133
-150 130 180 132.4
-150 140 180 132.874
-150 150 180 133.555
-150 160 180 134.081
-150 170 180 134.302
-140 180 180 134.165
-140 180 -60 134.041
-140 180 60 136.083
-140 -170 180 133.779
-140 -160 180 134.156
-140 -150 180 135.335
-140 -60 180 143.986
-140 -50 180 144.059
-140 -40 180 143.903
-140 -30 180 143.668
-140 -20 180 142.894
-140 -10 180 141.502
-140 0 180 139.827
-140 10 180 137.991
-140 20 180 136.094
-140 30 180 134.833
-140 40 180 133.627
-140 50 180 132.98
-140 60 180 132.497
-140 70 180 132.111
-140 80 180 132.073
-140 90 180 131.799
-140 100 180 131.829
-140 110 180 131.887
-140 120 180 132.157
-140 130 180 132.448
-140 140 180 132.899
-140 150 180 133.285
-140 160 180 134.075
-140 170 180 134.234
-130 180 180 133.868
-130 180 -60 134.435
-130 180 60 135.995
-130 -170 180 133.734
-130 -160 180 134.05
-130 -120 180 138.849
-130 -110 180 140.083
-130 -100 180 141.318
-130 -70 180 143.422
-130 -60 180 143.884
-130 -50 180 143.835
-130 -40 180 143.76
-130 -30 180 143.39
-130 -20 180 142.575
-130 -10 180 141.18
-130 0 180 139.511
-130 10 180 137.821
-130 20 180 136.069
-130 30 180 134.533
-130 40 180 133.62
-130 50 180 132.929
-130 60 180 132.352
-130 70 180 132.297
-130 80 180 132.054
-130 90 180 131.854
-130 100 180 131.706
-130 110 180 131.913
-130 120 180 132.105
-130 130 180 132.327
-130 140 180 132.614
-130 150 180 133.286
-130 160 180 133.799
-130 170 180 133.936
-120 180 180 133.719
-120 180 -60 134.273
-120 180 60 135.915
-120 -170 180 133.669
-120 -160 180 133.979
-120 -150 180 135.465
-120 -140 180 136.447
-120 -130 180 137.555
-120 -120 180 138.464
-120 -110 180 140.008
-120 -100 180 141.265
-120 -90 180 142.245
-120 -80 180 142.762
-120 -70 180 143.031
-120 -60 180 143.318
-120 -50 180 143.582
-120 -40 180 143.25
-120 -30 180 142.933
-120 -20 180 142.037
-120 -10 180 140.996
-120 0 180 139.441
-120 10 180 137.769
-120 20 180 135.996
-120 30 180 134.746
-120 40 180 133.683
-120 50 180 133.073
-120 60 180 132.634
-120 70 180 132.36
-120 80 180 132.06
-120 90 180 132.123
-120 100 180 131.878
-120 110 180 131.927
-120 120 180 131.994
-120 130 180 132.257
-120 140 180 132.676
-120 150 180 133.135
-120 160 180 133.31
-120 170 180 133.605
-110 180 180 133.689
-110 180 -60 134.157
-110 180 60 135.863
-110 -170 180 133.613
-110 -160 180 134.063
-110 -150 180 135.545
-110 -140 180 136.407
-110 -130 180 137.447
-110 -120 180 138.78
-110 -110 180 140.056
-110 -100 180 141.181
-110 -90 180 141.889
-110 -80 180 142.522
-110 -70 180 143.054
-110 -60 180 143.348
-110 -50 180 143.183
-110 -40 180 143.051
-110 -30 180 142.771
-110 -20 180 141.856
-110 -10 180 140.878
-110 0 180 139.475
-110 10 180 137.675
-110 20 180 136.24
-110 30 180 134.645
-110 40 180 133.611
-110 50 180 132.841
-110 60 180 132.397
-110 70 180 132.119
-110 80 180 131.895
-110 90 180 131.723
-110 100 180 131.672
-110 110 180 131.616
-110 120 180 131.483
-110 130 180 132.022
-110 140 180 132.416
-110 150 180 132.695
-110 160 180 133.195
-110 170 180 133.693
-100 180 180 133.931
-100 180 -60 134.175
-100 180 60 136.066
-100 -170 180 133.74
-100 -160 180 134.176
-100 -150 180 135.634
-100 -140 180 136.573
-100 -130 180 137.422
-100 -120 180 138.857
-100 -110 180 139.949
-100 -100 180 141.15
-100 -90 180 141.771
-100 -80 180 142.19
-100 -70 180 142.653
-100 -60 180 142.736
-100 -50 180 142.896
-100 -40 180 142.714
-100 -30 180 142.41
-100 -20 180 141.713
-100 -10 180 140.831
-100 0 180 139.26
-100 10 180 137.783
-100 20 180 135.906
-100 30 180 134.538
-100 40 180 133.276
-100 50 180 132.703
-100 60 180 131.969
-100 70 180 131.797
-100 80 180 131.794
-100 90 180 131.387
-100 100 180 131.385
-100 110 180 131.345
-100 120 180 131.438
-100 130 180 131.624
-100 140 180 132.083
-100 150 180 132.391
-100 160 180 133.147
-100 170 180 133.462
-90 180 180 133.856
-90 180 -60 134.474
-90 180 60 136.331
-90 -170 180 133.8
-90 -160 180 134.149
-90 -150 180 135.81
-90 -140 180 136.649
-90 -130 180 137.275
-90 -120 180 138.458
-90 -110 180 139.746
-90 -100 180 140.486
-90 -90 180 141.31
-90 -80 180 141.797
-90 -70 180 142.372
-90 -60 180 142.649
-90 -50 180 142.712
-90 -40 180 142.584
-90 -30 180 142.416
-90 -20 180 141.791
-90 -10 180 140.593
-90 0 180 139.515
-90 10 180 137.667
-90 20 180 135.923
-90 30 180 134.245
-90 40 180 131.094
-90 50 180 130.231
-90 60 180 129.965
-90 70 180 129.297
-90 80 180 131.51
-90 90 180 131.315
-90 100 180 131.235
-90 110 180 130.983
-90 120 180 131.366
-90 130 180 131.541
-90 140 180 132.043
-90 150 180 132.477
-90 160 180 133.249
-90 170 180 133.64
-80 180 180 134.007
-80 180 -60 134.453
-80 180 60 136.272
-80 -170 180 133.864
-80 -160 180 133.769
-80 -150 180 135.572
-80 -140 180 136.542
-80 -130 180 136.688
-80 -120 180 137.669
-80 -110 180 138.798
-80 -100 180 139.786
-80 -90 180 140.878
-80 -80 180 141.549
-80 -70 180 142.115
-80 -60 180 142.527
-80 -50 180 142.607
-80 -40 180 142.737
-80 -30 180 142.498
-80 -20 180 141.828
-80 -10 180 140.774
-80 0 180 139.547
-80 10 180 137.669
-80 20 180 133.849
-80 30 180 132.152
-80 40 180 130.724
-80 50 180 129.724
-80 60 180 129.367
-80 70 180 128.752
-80 80 180 130.854
-80 90 180 131.058
-80 100 180 131.007
-80 110 180 130.886
-80 120 180 131.109
-80 130 180 131.486
-80 140 180 132.142
-80 150 180 132.677
-80 160 180 133.364
-80 170 180 133.647
-70 180 180 133.805
-70 180 -60 134.268
-70 180 60 136.017
-70 -170 180 133.495
-70 -160 180 133.391
-70 -100 180 139.227
-70 -90 180 140.658
-70 -80 180 141.254
-70 -70 180 142.005
-70 -60 180 142.425
-70 -50 180 142.754
-70 -40 180 142.554
-70 -30 180 142.597
-70 -20 180 142.133
-70 -10 180 141.118
-70 0 180 139.169
-70 10 180 135.778
-70 20 180 133.542
-70 40 180 130.082
-70 50 180 129.18
-70 60 180 128.582
-70 70 180 128.041
-70 80 180 130.299
-70 90 180 130.526
-70 100 180 130.517
-70 110 180 130.905
-70 120 180 131.048
-70 130 180 131.331
-70 140 180 132.271
-70 150 180 132.751
-70 160 180 133.431
-70 170 180 133.7
-60 180 180 133.417
-60 180 -60 133.882
-60 180 60 135.609
-60 -170 180 132.595
-60 -160 180 132.382
-60 -100 180 138.821
-60 -90 180 140.063
-60 -80 180 141.161
-60 -70 180 141.959
-60 -60 180 142.615
-60 -50 180 142.735
-60 -40 180 142.909
-60 -30 180 142.431
-60 -20 180 142.007
-60 -10 180 139.065
-60 0 180 137.603
-60 10 180 136.742
-60 60 180 129.354
-60 70 180 129.41
-60 80 180 129.768
-60 90 180 130.061
-60 100 180 130.564
-60 110 180 130.5
-60 120 180 130.979
-60 130 180 131.411
-60 140 180 132.024
-60 150 180 132.718
-60 160 180 133.158
-60 170 180 133.585
-50 180 180 132.816
-50 180 -60 133.001
-50 180 60 134.874
-50 -170 180 131.475
-50 -80 180 141.321
-50 -70 180 142.097
-50 -60 180 142.8
-50 -50 180 142.998
-50 -40 180 142.89
-50 -30 180 142.505
-50 -20 180 140.104
-50 -10 180 139.849
-50 100 180 130.272
-50 110 180 130.447
-50 120 180 130.939
-50 130 180 131.347
-50 140 180 132.023
-50 150 180 132.287
-50 160 180 132.665
-50 170 180 133.058
-40 180 180 131.828
-40 180 -60 132.214
-40 180 60 134.159
-40 -70 180 142.46
-40 -60 180 142.893
-40 -50 180 142.925
-40 -40 180 142.63
-40 -30 180 141.017
-40 -20 180 140.477
-40 100 180 130.057
-40 110 180 130.348
-40 120 180 130.715
-40 130 180 131.158
-40 140 180 131.629
-40 150 180 132.011
-40 160 180 132.655
-40 170 180 132.464
-30 -60 180 142.608
-30 -50 180 142.335
-30 -40 180 141.361
-30 120 180 130.435
-30 130 180 130.828
-30 140 180 131.188
-30 150 180 131.852
-30 160 180 131.789
-20 130 180 130.551
-20 140 180 131.045
-20 150 180 131.13
30 60 180 131.3
30 70 180 130.795
30 80 180 130.581
30 90 180 130.67
30 100 180 130.787
40 -160 180 132.601
40 -150 180 134.938
40 -140 180 135.177
40 20 180 135.159
40 30 180 132.953
40 40 180 132.416
40 50 180 131.558
40 60 180 131.122
40 70 180 130.576
40 80 180 130.449
40 90 180 130.613
40 100 180 130.734
50 -160 180 132.226
50 -150 180 134.201
50 -140 180 135.182
50 -130 180 136.2
50 -120 180 137.655
50 10 180 136.278
50 20 180 134.172
50 30 180 133.099
50 40 180 132.011
50 50 180 131.183
50 60 180 131.078
50 70 180 130.59
50 80 180 130.471
50 90 180 130.452
50 100 180 130.455
60 180 180 132.077
60 180 -60 132.566
60 180 60 134.363
60 -170 180 131.864
60 -160 180 132.622
60 -150 180 134.193
60 -140 180 135.25
60 -130 180 136.234
60 -120 180 137.809
60 -20 180 140.872
60 -10 180 138.96
60 0 180 137.544
60 10 180 135.629
60 20 180 134.432
60 30 180 133.017
60 40 180 132.312
60 50 180 131.566
60 60 180 131.087
60 70 180 130.645
60 80 180 130.491
60 90 180 130.088
60 100 180 129.829
60 110 180 129.912
60 120 180 129.78
60 130 180 130.148
60 140 180 130.388
60 150 180 131.153
60 160 180 131.603
60 170 180 132.004
70 180 180 132.183
70 180 -60 132.847
70 180 60 135.62
70 -170 180 132.516
70 -160 180 133.04
70 -150 180 134.171
70 -120 180 138.163
70 -20 180 140.742
70 -10 180 139.219
70 0 180 137.793
70 10 180 136.386
70 20 180 134.75
70 30 180 133.545
70 40 180 132.597
70 50 180 131.768
70 60 180 131.287
70 70 180 130.745
70 80 180 130.487
70 90 180 129.883
70 100 180 129.719
70 110 180 129.496
70 120 180 129.585
70 130 180 129.747
70 140 180 130.351
70 150 180 131.049
70 160 180 131.332
70 170 180 131.757
80 180 180 132.784
80 180 -60 133.434
80 180 60 137.203
80 -170 180 132.649
80 -160 180 133.111
80 -30 180 141.822
80 -20 180 140.764
80 -10 180 139.94
80 0 180 138.427
80 10 180 136.953
80 20 180 135.133
80 30 180 134.009
80 40 180 132.841
80 50 180 132.227
80 60 180 131.526
80 70 180 131.111
80 80 180 130.725
80 90 180 130.134
80 100 180 129.834
80 110 180 129.766
80 120 180 129.645
80 130 180 130.031
80 140 180 130.43
80 150 180 131.117
80 160 180 131.913
80 170 180 132.357
90 -30 180 142.321
90 -20 180 141.71
90 -10 180 140.498
90 0 180 139.26
90 10 180 137.687
90 70 180 131.631
90 80 180 131.056
90 160 180 132.437
90 170 180 132.973
100 80 180 131.154
100 160 180 132.779
100 170 180 133.482
170 180 180 133.015
170 180 -60 130.849
170 180 60 135.005
180 -180 -180 133.801
180 -180 -60 131.194
180 -180 60 135.584
180 -170 -180 133.627
180 -160 -180 133.842
180 50 -180 131.552
180 60 -180 131.265
180 70 -180 130.712
180 80 -180 130.56
180 90 -180 130.641
180 100 -180 130.762
180 110 -180 131.032
180 120 -180 131.14
180 130 -180 131.666
180 140 -180 132.128
180 150 -180 132.747
180 160 -180 133.525
180 170 -180 133.502
-180 180 -180 133.801
-180 180 -60 131.194
-180 180 60 135.584
-170 180 -180 134.12
-160 180 -180 134.378
-150 180 -180 134.375
-140 180 -180 134.165
-130 180 -180 133.868
-120 180 -180 133.719
-110 180 -180 133.689
-100 180 -180 133.931
-90 180 -180 133.856
-80 180 -180 134.007
-70 180 -180 133.805
-60 180 -180 133.417
-50 180 -180 132.816
-40 180 -180 131.828
60 180 -180 132.077
70 180 -180 132.183
80 180 -180 132.784
170 180 -180 133.015
-180 -180 180 133.801
-180 -170 180 133.627
-180 -160 180 133.842
-180 50 180 131.552
-180 60 180 131.265
-180 70 180 130.712
-180 80 180 130.56
-180 90 180 130.641
-180 100 180 130.762
-180 110 180 131.032
-180 120 180 131.14
-180 130 180 131.666
-180 140 180 132.128
-180 150 180 132.747
-180 160 180 133.525
-180 170 180 133.502
-170 -180 180 134.12
-160 -180 180 134.378
-150 -180 180 134.375
-140 -180 180 134.165
-130 -180 180 133.868
-120 -180 180 133.719
-110 -180 180 133.689
-100 -180 180 133.931
-90 -180 180 133.856
-80 -180 180 134.007
-70 -180 180 133.805
-60 -180 180 133.417
-50 -180 180 132.816
-40 -180 180 131.828
60 -180 180 132.077
70 -180 180 132.183
80 -180 180 132.784
170 -180 180 133.015
