-180 110 -60 175 123.614
-180 110 60 65 128.331
-180 110 60 175 128.118
-180 120 -60 175 123.925
-180 120 60 65 128.856
-180 120 60 175 128.356
-180 130 -60 175 124.185
-180 130 60 65 129.048
-180 130 60 175 128.825
-180 140 -60 175 124.662
-180 140 60 65 129.487
-180 140 60 175 129.205
-180 150 -60 175 125.11
-180 150 60 65 129.915
-180 150 60 175 129.804
-180 160 -60 175 125.595
-180 160 60 65 130.755
-180 160 60 175 130.417
-180 170 -60 175 125.85
-180 170 60 65 130.925
-180 170 60 175 130.731
-170 100 -60 175 124.321
-170 100 60 65 128.941
-170 100 60 175 128.554
-170 110 -60 175 124.283
-170 110 60 65 129.106
-170 110 60 175 128.718
-170 120 -60 175 124.474
-170 120 60 65 129.471
-170 120 60 175 129.179
-170 130 -60 175 124.804
-170 130 60 65 129.769
-170 130 60 175 129.507
-170 140 -60 175 125.36
-170 140 60 65 130.162
-170 140 60 175 129.931
-170 150 -60 175 125.874
-170 150 60 65 130.713
-170 150 60 175 130.564
-170 160 -60 175 126.322
-170 160 60 65 131.131
-170 160 60 175 130.981
-170 170 -60 175 126.565
-170 170 60 65 131.627
-170 170 60 175 131.477
-160 -180 -60 65 128.678
-160 -180 -60 175 127.412
-160 -180 60 65 132.36
-160 -180 60 175 132.042
-160 -80 -60 65 137.072
-160 -80 -60 175 135.949
-160 -80 60 175 140.515
-160 -70 -60 65 137.657
-160 -70 -60 175 136.384
-160 -70 60 175 141.323
-160 -60 -60 65 137.804
-160 -60 -60 175 136.564
-160 -60 60 65 141.511
-160 -60 60 175 141.58
-160 60 -60 65 126.589
-160 60 -60 175 125.538
-160 60 60 65 129.671
-160 60 60 175 130.038
-160 70 -60 65 126.424
-160 70 -60 175 125.267
-160 70 60 65 129.425
-160 70 60 175 129.576
-160 80 -60 65 126.222
-160 80 -60 175 124.982
-160 80 60 65 129.207
-160 80 60 175 129.387
-160 90 -60 65 126.201
-160 90 -60 175 124.997
-160 90 60 65 129.284
-160 90 60 175 129.375
-160 100 -60 65 126.07
-160 100 -60 175 124.999
-160 100 60 65 129.462
-160 100 60 175 129.324
-160 110 -60 65 126.117
-160 110 -60 175 125.238
-160 110 60 65 129.499
-160 110 60 175 129.445
-160 120 -60 65 126.413
-160 120 -60 175 125.281
-160 120 60 65 129.865
-160 120 60 175 129.697
-160 130 -60 65 126.6
-160 130 -60 175 125.526
-160 130 60 65 130.062
-160 130 60 175 130.158
-160 140 -60 65 127.174
-160 140 -60 175 126.049
-160 140 60 65 130.549
-160 140 60 175 130.374
-160 150 -60 65 127.549
-160 150 -60 175 126.543
-160 150 60 65 131.215
-160 150 60 175 130.901
-160 160 -60 65 127.913
-160 160 -60 175 126.881
-160 160 60 65 131.588
-160 160 60 175 131.288
-160 170 -60 65 128.401
-160 170 -60 175 127.195
-160 170 60 65 131.93
-160 170 60 175 131.68
-150 -180 -60 65 129.195
-150 -180 -60 175 128.163
-150 -180 60 65 132.559
-150 -180 60 175 132.119
-150 -80 -60 65 137.568
-150 -80 -60 175 136.784
-150 -80 60 175 140.947
-150 -70 -60 65 138.187
-150 -70 -60 175 137.118
-150 -70 60 175 141.227
-150 -60 -60 65 138.32
-150 -60 -60 175 137.283
-150 -60 60 65 141.88
-150 -60 60 175 141.736
-150 -50 -60 65 138.589
-150 -50 -60 175 137.462
-150 -50 60 65 141.689
-150 -50 60 175 141.858
-150 40 -60 65 128.642
-150 40 -60 175 127.694
-150 40 60 65 131.613
-150 40 60 175 131.907
-150 50 -60 65 127.952
-150 50 -60 175 127.301
-150 50 60 65 130.741
-150 50 60 175 131.157
-150 60 -60 65 127.434
-150 60 -60 175 126.582
-150 60 60 65 130.05
-150 60 60 175 130.427
-150 70 -60 65 127.058
-150 70 -60 175 126.162
-150 70 60 65 129.693
-150 70 60 175 130.089
-150 80 -60 65 126.86
-150 80 -60 175 125.892
-150 80 60 65 129.632
-150 80 60 175 130.028
-150 90 -60 65 126.731
-150 90 -60 175 126.06
-150 90 60 65 129.67
-150 90 60 175 129.34
-150 100 -60 65 126.756
-150 100 -60 175 125.965
-150 100 60 65 129.721
-150 100 60 175 129.428
-150 110 -60 65 126.813
-150 110 -60 175 125.837
-150 110 60 65 130.005
-150 110 60 175 129.613
-150 120 -60 65 127.012
-150 120 -60 175 126.099
-150 120 60 65 130.05
-150 120 60 175 129.959
-150 130 -60 65 127.191
-150 130 -60 175 126.35
-150 130 60 65 130.426
-150 130 60 175 130.2
-150 140 -60 65 127.716
-150 140 -60 175 126.723
-150 140 60 65 130.858
-150 140 60 175 130.466
-150 150 -60 65 127.926
-150 150 -60 175 127.01
-150 150 60 65 131.426
-150 150 60 175 130.987
-150 160 -60 65 128.2
-150 160 -60 175 127.429
-150 160 60 65 131.74
-150 160 60 175 131.573
-150 170 -60 65 128.872
-150 170 -60 175 127.842
-150 170 60 65 132.243
-150 170 60 175 131.869
-140 -180 -60 65 129.532
-140 -180 -60 175 128.9
-140 -180 60 65 132.589
-140 -180 60 175 132.201
-140 -170 -60 65 129.978
-140 -170 -60 175 129.242
-140 -170 60 65 133.174
-140 -170 60 175 132.475
-140 -160 -60 65 130.499
-140 -160 -60 175 129.574
-140 -160 60 65 133.62
-140 -160 60 175 133.038
-140 -150 -60 65 131.113
-140 -150 -60 175 130.472
-140 -150 60 65 134.496
-140 -150 60 175 133.803
-140 -140 -60 65 131.908
-140 -140 -60 175 131.246
-140 -140 60 65 134.809
-140 -140 60 175 134.695
-140 -130 -60 65 133.177
-140 -130 -60 175 132.479
-140 -130 60 65 135.495
-140 -130 60 175 135.772
-140 -120 -60 65 134.492
-140 -120 -60 175 133.668
-140 -120 60 175 136.167
-140 -110 -60 65 135.394
-140 -110 -60 175 134.939
-140 -110 60 175 137.483
-140 -100 -60 65 136.621
-140 -100 -60 175 136.225
-140 -100 60 175 139.04
-140 -90 -60 65 137.296
-140 -90 -60 175 136.915
-140 -90 60 175 140.502
-140 -80 -60 65 138.142
-140 -80 -60 175 137.374
-140 -80 60 175 141.019
-140 -70 -60 65 138.647
-140 -70 -60 175 137.99
-140 -70 60 175 141.462
-140 -60 -60 65 138.68
-140 -60 -60 175 138.365
-140 -60 60 65 142.122
-140 -60 60 175 141.95
-140 -50 -60 65 139.131
-140 -50 -60 175 138.222
-140 -50 60 65 141.831
-140 -50 60 175 142.064
-140 -40 -60 65 138.839
-140 -40 -60 175 138.179
-140 -40 60 65 142.566
-140 -40 60 175 141.757
-140 -30 -60 65 138.518
-140 -30 -60 175 137.89
-140 -30 60 65 142.097
-140 -30 60 175 141.518
-140 -20 -60 65 137.76
-140 -20 -60 175 136.972
-140 -20 60 65 141.223
-140 -20 60 175 140.884
-140 -10 -60 65 136.481
-140 -10 -60 175 135.917
-140 -10 60 65 140.126
-140 -10 60 175 139.438
-140 0 -60 65 134.824
-140 0 -60 175 134.314
-140 0 60 65 138.101
-140 0 60 175 137.978
-140 10 -60 65 133.263
-140 10 -60 175 132.393
-140 10 60 65 136.36
-140 10 60 175 136.159
-140 20 -60 65 131.675
-140 20 -60 175 131.038
-140 20 60 65 134.762
-140 20 60 175 134.56
-140 30 -60 65 130.386
-140 30 -60 175 129.753
-140 30 60 65 133.198
-140 30 60 175 133.261
-140 40 -60 65 129.19
-140 40 -60 175 128.624
-140 40 60 65 131.983
-140 40 60 175 132.206
-140 50 -60 65 128.479
-140 50 -60 175 127.849
-140 50 60 65 131.106
-140 50 60 175 131.191
-140 60 -60 65 128.002
-140 60 -60 175 127.506
-140 60 60 65 130.391
-140 60 60 175 130.852
-140 70 -60 65 127.83
-140 70 -60 175 127.196
-140 70 60 65 130.203
-140 70 60 175 130.612
-140 80 -60 65 127.656
-140 80 -60 175 126.956
-140 80 60 65 130.05
-140 80 60 175 129.993
-140 90 -60 65 127.478
-140 90 -60 175 126.827
-140 90 60 65 129.974
-140 90 60 175 129.833
-140 100 -60 65 127.467
-140 100 -60 175 126.938
-140 100 60 65 130.188
-140 100 60 175 129.738
-140 110 -60 65 127.481
-140 110 -60 175 127.046
-140 110 60 65 130.264
-140 110 60 175 129.823
-140 120 -60 65 127.598
-140 120 -60 175 127.131
-140 120 60 65 130.399
-140 120 60 175 129.895
-140 130 -60 65 127.903
-140 130 -60 175 127.023
-140 130 60 65 130.684
-140 130 60 175 130.226
-140 140 -60 65 128.348
-140 140 -60 175 127.58
-140 140 60 65 131.062
-140 140 60 175 130.784
-140 150 -60 65 128.567
-140 150 -60 175 127.792
-140 150 60 65 131.575
-140 150 60 175 131.197
-140 160 -60 65 129.004
-140 160 -60 175 128.179
-140 160 60 65 132.137
-140 160 60 175 131.69
-140 170 -60 65 129.281
-140 170 -60 175 128.604
-140 170 60 65 132.505
-140 170 60 175 132.037
-130 -180 -60 65 129.853
-130 -180 -60 175 129.549
-130 -180 60 65 132.938
-130 -180 60 175 132.252
-130 -170 -60 65 130.223
-130 -170 -60 175 130.113
-130 -170 60 65 133.259
-130 -170 60 175 132.843
-130 -160 -60 65 130.679
-130 -160 -60 175 130.397
-130 -160 60 65 134.063
-130 -160 60 175 133.252
-130 -150 -60 65 131.538
-130 -150 -60 175 131.22
-130 -150 60 65 134.763
-130 -150 60 175 134.052
-130 -140 -60 65 132.396
-130 -140 -60 175 132.109
-130 -140 60 65 135.329
-130 -140 60 175 134.888
-130 -130 -60 65 133.677
-130 -130 -60 175 133.295
-130 -130 60 65 135.859
-130 -130 60 175 136.026
-130 -120 -60 65 134.809
-130 -120 -60 175 134.569
-130 -120 60 175 136.365
-130 -110 -60 65 135.988
-130 -110 -60 175 135.53
-130 -110 60 175 137.64
-130 -100 -60 65 136.883
-130 -100 -60 175 136.807
-130 -100 60 175 138.91
-130 -90 -60 65 137.639
-130 -90 -60 175 137.582
-130 -90 60 175 140.49
-130 -80 -60 65 138.712
-130 -80 -60 175 137.912
-130 -80 60 175 141.053
-130 -70 -60 65 138.82
-130 -70 -60 175 138.508
-130 -70 60 175 141.307
-130 -60 -60 65 139.226
-130 -60 -60 175 138.995
-130 -60 60 65 142.273
-130 -60 60 175 141.662
-130 -50 -60 65 139.012
-130 -50 -60 175 138.745
-130 -50 60 65 142.042
-130 -50 60 175 141.756
-130 -40 -60 65 139.106
-130 -40 -60 175 138.551
-130 -40 60 65 142.496
-130 -40 60 175 141.589
-130 -30 -60 65 138.502
-130 -30 -60 175 138.227
-130 -30 60 65 141.948
-130 -30 60 175 141.169
-130 -20 -60 65 137.584
-130 -20 -60 175 137.361
-130 -20 60 65 141.19
-130 -20 60 175 140.7
-130 -10 -60 65 136.654
-130 -10 -60 175 136.461
-130 -10 60 65 140.016
-130 -10 60 175 139.436
-130 0 -60 65 135.166
-130 0 -60 175 134.652
-130 0 60 65 138.398
-130 0 60 175 137.792
-130 10 -60 65 133.411
-130 10 -60 175 133.15
-130 10 60 65 136.592
-130 10 60 175 135.955
-130 20 -60 65 132.064
-130 20 -60 175 131.764
-130 20 60 65 134.94
-130 20 60 175 134.846
-130 30 -60 65 130.71
-130 30 -60 175 130.341
-130 30 60 65 133.568
-130 30 60 175 133.384
-130 40 -60 65 129.652
-130 40 -60 175 129.401
-130 40 60 65 132.416
-130 40 60 175 132.293
-130 50 -60 65 128.874
-130 50 -60 175 128.514
-130 50 60 65 131.473
-130 50 60 175 131.648
-130 60 -60 65 128.372
-130 60 -60 175 128.174
-130 60 60 65 130.91
-130 60 60 175 131.097
-130 70 -60 65 128.249
-130 70 -60 175 127.899
-130 70 60 65 130.388
-130 70 60 175 130.644
-130 80 -60 65 127.823
-130 80 -60 175 127.789
-130 80 60 65 130.53
-130 80 60 175 130.258
-130 90 -60 65 127.714
-130 90 -60 175 127.48
-130 90 60 65 130.457
-130 90 60 175 130.086
-130 100 -60 65 127.829
-130 100 -60 175 127.418
-130 100 60 65 130.511
-130 100 60 175 129.89
-130 110 -60 65 127.754
-130 110 -60 175 127.462
-130 110 60 65 130.532
-130 110 60 175 129.879
-130 120 -60 65 127.907
-130 120 -60 175 127.869
-130 120 60 65 130.641
-130 120 60 175 129.954
-130 130 -60 65 128.047
-130 130 -60 175 127.873
-130 130 60 65 131.023
-130 130 60 175 130.21
-130 140 -60 65 128.57
-130 140 -60 175 128.02
-130 140 60 65 131.111
-130 140 60 175 130.835
-130 150 -60 65 128.721
-130 150 -60 175 128.496
-130 150 60 65 131.704
-130 150 60 175 131.148
-130 160 -60 65 129.023
-130 160 -60 175 128.856
-130 160 60 65 132.04
-130 160 60 175 131.528
-130 170 -60 65 129.538
-130 170 -60 175 129.099
-130 170 60 65 132.46
-130 170 60 175 132.017
-120 -180 -60 65 129.894
-120 -180 -60 175 129.88
-120 -180 60 65 133.065
-120 -180 60 175 132.205
-120 -170 -60 65 130.261
-120 -170 -60 175 130.084
-120 -170 60 65 133.524
-120 -170 60 175 132.746
-120 -160 -60 65 130.992
-120 -160 -60 175 130.681
-120 -160 60 65 134.363
-120 -160 60 175 133.415
-120 -150 -60 65 131.715
-120 -150 -60 175 131.619
-120 -150 60 65 135.008
-120 -150 60 175 134.146
-120 -140 -60 65 132.73
-120 -140 -60 175 132.518
-120 -140 60 65 135.524
-120 -140 60 175 135.101
-120 -130 -60 65 133.758
-120 -130 -60 175 133.593
-120 -130 60 65 136.121
-120 -130 60 175 135.696
-120 -120 -60 65 134.912
-120 -120 -60 175 135.075
-120 -120 60 175 137.339
-120 -110 -60 65 136.155
-120 -110 -60 175 135.883
-120 -110 60 175 138.423
-120 -100 -60 65 137.134
-120 -100 -60 175 137.011
-120 -100 60 175 139.951
-120 -90 -60 65 137.865
-120 -90 -60 175 137.942
-120 -90 60 175 140.197
-120 -80 -60 65 138.281
-120 -80 -60 175 138.248
-120 -80 60 175 140.867
-120 -70 -60 65 138.908
-120 -70 -60 175 138.493
-120 -70 60 175 141.521
-120 -60 -60 65 138.936
-120 -60 -60 175 138.797
-120 -60 60 65 142.3
-120 -60 60 175 141.373
-120 -50 -60 65 139.147
-120 -50 -60 175 138.963
-120 -50 60 65 142.167
-120 -50 60 175 141.575
-120 -40 -60 65 138.942
-120 -40 -60 175 138.724
-120 -40 60 65 142.433
-120 -40 60 175 141.387
-120 -30 -60 65 138.375
-120 -30 -60 175 138.117
-120 -30 60 65 141.933
-120 -30 60 175 140.998
-120 -20 -60 65 137.702
-120 -20 -60 175 137.455
-120 -20 60 65 141.325
-120 -20 60 175 140.239
-120 -10 -60 65 136.529
-120 -10 -60 175 136.253
-120 -10 60 65 139.98
-120 -10 60 175 139.158
-120 0 -60 65 135.12
-120 0 -60 175 134.891
-120 0 60 65 138.542
-120 0 60 175 137.784
-120 10 -60 65 133.647
-120 10 -60 175 133.438
-120 10 60 65 136.887
-120 10 60 175 136.255
-120 20 -60 65 132.279
-120 20 -60 175 132.065
-120 20 60 65 135.225
-120 20 60 175 134.862
-120 30 -60 65 130.845
-120 30 -60 175 130.873
-120 30 60 65 133.686
-120 30 60 175 133.57
-120 40 -60 65 129.837
-120 40 -60 175 129.599
-120 40 60 65 132.644
-120 40 60 175 132.521
-120 50 -60 65 129.17
-120 50 -60 175 128.985
-120 50 60 65 131.778
-120 50 60 175 131.719
-120 60 -60 65 128.556
-120 60 -60 175 128.539
-120 60 60 65 131.152
-120 60 60 175 131.178
-120 70 -60 65 128.306
-120 70 -60 175 128.291
-120 70 60 65 130.693
-120 70 60 175 130.64
-120 80 -60 65 128.118
-120 80 -60 175 127.95
-120 80 60 65 130.834
-120 80 60 175 130.252
-120 90 -60 65 127.828
-120 90 -60 175 127.841
-120 90 60 65 130.612
-120 90 60 175 129.945
-120 100 -60 65 127.921
-120 100 -60 175 127.566
-120 100 60 65 130.558
-120 100 60 175 129.798
-120 110 -60 65 128.057
-120 110 -60 175 127.676
-120 110 60 65 130.702
-120 110 60 175 129.833
-120 120 -60 65 127.851
-120 120 -60 175 127.736
-120 120 60 65 130.769
-120 120 60 175 129.866
-120 130 -60 65 127.847
-120 130 -60 175 127.974
-120 130 60 65 130.977
-120 130 60 175 130.219
-120 140 -60 65 128.41
-120 140 -60 175 128.077
-120 140 60 65 131.396
-120 140 60 175 130.55
-120 150 -60 65 128.654
-120 150 -60 175 128.734
-120 150 60 65 131.693
-120 150 60 175 130.946
-120 160 -60 65 129.113
-120 160 -60 175 128.838
-120 160 60 65 132.184
-120 160 60 175 131.454
-120 170 -60 65 129.496
-120 170 -60 175 129.209
-120 170 60 65 132.659
-120 170 60 175 131.76
-110 -180 -60 65 130.015
-110 -180 -60 175 129.863
-110 -180 60 65 133.117
-110 -180 60 175 132.311
-110 -170 -60 65 130.536
-110 -170 -60 175 130.475
-110 -170 60 65 133.61
-110 -170 60 175 132.767
-110 -160 -60 65 131.045
-110 -160 -60 175 130.956
-110 -160 60 65 134.482
-110 -160 60 175 133.503
-110 -150 -60 65 131.836
-110 -150 -60 175 131.721
-110 -150 60 65 135.466
-110 -150 60 175 134.287
-110 -140 -60 65 132.732
-110 -140 -60 175 132.688
-110 -140 60 65 135.621
-110 -140 60 175 135.244
-110 -130 -60 65 133.88
-110 -130 -60 175 134.046
-110 -130 60 65 136.513
-110 -130 60 175 136.392
-110 -120 -60 65 135.055
-110 -120 -60 175 134.95
-110 -120 60 175 137.889
-110 -110 -60 65 136.177
-110 -110 -60 175 136.229
-110 -110 60 175 138.585
-110 -100 -60 65 137.138
-110 -100 -60 175 137.139
-110 -100 60 175 139.717
-110 -90 -60 65 137.88
-110 -90 -60 175 137.666
-110 -90 60 175 140.07
-110 -80 -60 65 138.486
-110 -80 -60 175 138.069
-110 -80 60 175 140.934
-110 -70 -60 65 138.545
-110 -70 -60 175 138.703
-110 -70 60 175 141.284
-110 -60 -60 65 139.062
-110 -60 -60 175 138.634
-110 -60 60 65 142.322
-110 -60 60 175 141.228
-110 -50 -60 65 138.807
-110 -50 -60 175 138.751
-110 -50 60 65 142.207
-110 -50 60 175 141.252
-110 -40 -60 65 138.63
-110 -40 -60 175 138.471
-110 -40 60 65 142.226
-110 -40 60 175 141.005
-110 -30 -60 65 138.244
-110 -30 -60 175 137.924
-110 -30 60 65 141.971
-110 -30 60 175 140.596
-110 -20 -60 65 137.46
-110 -20 -60 175 137.261
-110 -20 60 65 141.163
-110 -20 60 175 139.958
-110 -10 -60 65 136.31
-110 -10 -60 175 136.289
-110 -10 60 65 140.06
-110 -10 60 175 138.977
-110 0 -60 65 135.066
-110 0 -60 175 135.011
-110 0 60 65 138.42
-110 0 60 175 137.589
-110 10 -60 65 133.606
-110 10 -60 175 133.639
-110 10 60 65 136.907
-110 10 60 175 136.223
-110 20 -60 65 132.005
-110 20 -60 175 131.972
-110 20 60 65 135.141
-110 20 60 175 134.89
-110 30 -60 65 130.832
-110 30 -60 175 130.535
-110 30 60 65 134.055
-110 30 60 175 133.614
-110 40 -60 65 129.75
-110 40 -60 175 129.651
-110 40 60 65 132.686
-110 40 60 175 132.512
-110 50 -60 65 129.082
-110 50 -60 175 129.194
-110 50 60 65 131.831
-110 50 60 175 131.744
-110 60 -60 65 128.64
-110 60 -60 175 128.543
-110 60 60 65 131.338
-110 60 60 175 131.035
-110 70 -60 65 128.283
-110 70 -60 175 128.309
-110 70 60 65 130.986
-110 70 60 175 130.583
-110 80 -60 65 128.139
-110 80 -60 175 127.981
-110 80 60 65 130.756
-110 80 60 175 130.33
-110 90 -60 65 127.924
-110 90 -60 175 127.796
-110 90 60 65 130.859
-110 90 60 175 129.904
-110 100 -60 65 127.97
-110 100 -60 175 127.592
-110 100 60 65 130.765
-110 100 60 175 129.753
-110 110 -60 65 127.773
-110 110 -60 175 127.518
-110 110 60 65 130.708
-110 110 60 175 129.675
-110 120 -60 65 127.962
-110 120 -60 175 127.674
-110 120 60 65 130.786
-110 120 60 175 129.786
-110 130 -60 65 128.089
-110 130 -60 175 127.784
-110 130 60 65 131.138
-110 130 60 175 129.916
-110 140 -60 65 128.208
-110 140 -60 175 128.094
-110 140 60 65 131.287
-110 140 60 175 130.253
-110 150 -60 65 128.624
-110 150 -60 175 128.425
-110 150 60 65 131.795
-110 150 60 175 130.77
-110 160 -60 65 129.024
-110 160 -60 175 128.959
-110 160 60 65 132.081
-110 160 60 175 131.25
-110 170 -60 65 129.517
-110 170 -60 175 129.316
-110 170 60 65 132.678
-110 170 60 175 131.71
-100 -180 -60 65 130.088
-100 -180 -60 175 129.687
-100 -180 60 65 133.206
-100 -180 60 175 132.396
-100 -170 -60 65 130.713
-100 -170 -60 175 130.353
-100 -170 60 65 134.065
-100 -170 60 175 132.963
-100 -160 -60 65 131.37
-100 -160 -60 175 131.043
-100 -160 60 65 134.471
-100 -160 60 175 133.67
-100 -150 -60 65 131.948
-100 -150 -60 175 131.687
-100 -150 60 65 135.413
-100 -150 60 175 134.437
-100 -140 -60 65 132.916
-100 -140 -60 175 132.769
-100 -140 60 65 135.602
-100 -140 60 175 135.283
-100 -130 -60 65 134.152
-100 -130 -60 175 133.672
-100 -130 60 65 136.551
-100 -130 60 175 136.376
-100 -120 -60 65 135.096
-100 -120 -60 175 134.863
-100 -120 60 175 137.629
-100 -110 -60 65 136.242
-100 -110 -60 175 135.885
-100 -110 60 175 138.402
-100 -100 -60 65 136.987
-100 -100 -60 175 136.743
-100 -100 60 175 139.409
-100 -90 -60 65 137.65
-100 -90 -60 175 137.462
-100 -90 60 175 139.917
-100 -80 -60 65 138.223
-100 -80 -60 175 137.909
-100 -80 60 175 140.449
-100 -70 -60 65 138.506
-100 -70 -60 175 138.496
-100 -70 60 175 140.983
-100 -60 -60 65 138.628
-100 -60 -60 175 138.275
-100 -60 60 65 142.161
-100 -60 60 175 141.108
-100 -50 -60 65 138.628
-100 -50 -60 175 138.523
-100 -50 60 65 142.249
-100 -50 60 175 141.157
-100 -40 -60 65 138.473
-100 -40 -60 175 138.194
-100 -40 60 65 142.262
-100 -40 60 175 140.995
-100 -30 -60 65 138.121
-100 -30 -60 175 137.603
-100 -30 60 65 141.878
-100 -30 60 175 140.54
-100 -20 -60 65 137.35
-100 -20 -60 175 137.245
-100 -20 60 65 141.14
-100 -20 60 175 139.813
-100 -10 -60 65 136.466
-100 -10 -60 175 136.254
-100 -10 60 65 140.103
-100 -10 60 175 138.808
-100 0 -60 65 135.136
-100 0 -60 175 134.797
-100 0 60 65 138.704
-100 0 60 175 137.745
-100 10 -60 65 133.637
-100 10 -60 175 133.639
-100 10 60 65 137.183
-100 10 60 175 136.189
-100 20 -60 65 132.237
-100 20 -60 175 131.86
-100 20 60 65 135.552
-100 20 60 175 134.757
-100 30 -60 65 130.769
-100 30 -60 175 130.624
-100 30 60 65 134.026
-100 30 60 175 133.43
-100 40 -60 65 129.816
-100 40 -60 175 129.42
-100 40 60 65 132.725
-100 40 60 175 132.418
-100 50 -60 65 128.895
-100 50 -60 175 128.766
-100 50 60 65 131.622
-100 50 60 175 131.57
-100 60 -60 65 128.503
-100 60 -60 175 128.34
-100 60 60 65 131.235
-100 60 60 175 130.962
-100 70 -60 65 128.114
-100 70 -60 175 128.002
-100 70 60 65 130.85
-100 70 60 175 130.395
-100 80 -60 65 127.79
-100 80 -60 175 127.869
-100 80 60 65 130.572
-100 80 60 175 130.071
-100 90 -60 65 127.813
-100 90 -60 175 127.493
-100 90 60 65 130.848
-100 90 60 175 129.758
-100 100 -60 65 127.564
-100 100 -60 175 127.353
-100 100 60 65 130.611
-100 100 60 175 129.471
-100 110 -60 65 127.47
-100 110 -60 175 127.436
-100 110 60 65 130.787
-100 110 60 175 129.55
-100 120 -60 65 127.602
-100 120 -60 175 127.334
-100 120 60 65 130.842
-100 120 60 175 129.641
-100 130 -60 65 127.98
-100 130 -60 175 127.783
-100 130 60 65 131.037
-100 130 60 175 129.853
-100 140 -60 65 128.09
-100 140 -60 175 127.98
-100 140 60 65 131.248
-100 140 60 175 130.219
-100 150 -60 65 128.565
-100 150 -60 175 128.159
-100 150 60 65 131.863
-100 150 60 175 130.698
-100 160 -60 65 129.124
-100 160 -60 175 128.934
-100 160 60 65 132.176
-100 160 60 175 131.257
-100 170 -60 65 129.468
-100 170 -60 175 129.416
-100 170 60 65 132.866
-100 170 60 175 131.755
-90 -180 -60 65 130.309
-90 -180 -60 175 130.04
-90 -180 60 65 133.429
-90 -180 60 175 132.306
-90 -170 -60 65 130.651
-90 -170 -60 175 130.486
-90 -170 60 65 134.217
-90 -170 60 175 132.943
-90 -160 -60 65 131.176
-90 -160 -60 175 130.953
-90 -160 60 65 134.688
-90 -160 60 175 133.49
-90 -150 -60 65 131.977
-90 -150 -60 175 131.712
-90 -150 60 65 135.483
-90 -150 60 175 134.275
-90 -140 -60 65 132.98
-90 -140 -60 175 132.539
-90 -140 60 65 135.771
-90 -140 60 175 135.183
-90 -130 -60 65 133.77
-90 -130 -60 175 133.542
-90 -130 60 65 136.646
-90 -130 60 175 136.167
-90 -120 -60 65 134.782
-90 -120 -60 175 134.483
-90 -120 60 175 137.25
-90 -80 -60 65 138.013
-90 -80 -60 175 137.707
-90 -80 60 175 140.109
-90 -70 -60 65 138.349
-90 -70 -60 175 138.027
-90 -70 60 175 140.731
-90 -60 -60 65 138.513
-90 -60 -60 175 138.133
-90 -60 60 65 141.84
-90 -60 60 175 140.88
-90 -50 -60 65 138.466
-90 -50 -60 175 138.011
-90 -50 60 65 141.81
-90 -50 60 175 140.783
-90 -40 -60 65 138.223
-90 -40 -60 175 138.034
-90 -40 60 65 142.098
-90 -40 60 175 140.727
-90 -30 -60 65 137.91
-90 -30 -60 175 137.665
-90 -30 60 65 141.526
-90 -30 60 175 140.299
-90 -20 -60 65 137.476
-90 -20 -60 175 137.082
-90 -20 60 65 141.059
-90 -20 60 175 139.583
-90 -10 -60 65 136.353
-90 -10 -60 175 136.077
-90 -10 60 65 140.036
-90 -10 60 175 138.692
-90 0 -60 65 135.015
-90 0 -60 175 134.777
-90 0 60 65 138.733
-90 0 60 175 137.413
-90 10 -60 65 133.802
-90 10 -60 175 133.368
-90 10 60 65 136.937
-90 10 60 175 136.12
-90 20 -60 65 132.201
-90 20 -60 175 131.927
-90 20 60 65 135.242
-90 20 60 175 134.649
-90 30 -60 65 130.638
-90 30 -60 175 130.256
-90 30 60 65 133.71
-90 30 60 175 133.194
-90 40 -60 65 127.636
-90 40 -60 175 127.239
-90 40 60 65 130.539
-90 40 60 175 132.11
-90 50 -60 65 126.678
-90 50 -60 175 126.403
-90 50 60 65 129.333
-90 50 60 175 131.244
-90 60 -60 65 126.243
-90 60 -60 175 126.276
-90 60 60 65 128.676
-90 60 60 175 130.56
-90 70 -60 65 127.634
-90 70 -60 175 127.552
-90 70 60 65 130.446
-90 70 60 175 130.157
-90 80 -60 65 127.664
-90 80 -60 175 127.447
-90 80 60 65 130.626
-90 80 60 175 129.814
-90 90 -60 65 127.395
-90 90 -60 175 127.266
-90 90 60 65 130.458
-90 90 60 175 129.514
-90 100 -60 65 127.547
-90 100 -60 175 127.417
-90 100 60 65 130.577
-90 100 60 175 129.278
-90 110 -60 65 127.446
-90 110 -60 175 127.088
-90 110 60 65 130.784
-90 110 60 175 129.162
-90 120 -60 65 127.513
-90 120 -60 175 127.352
-90 120 60 65 130.798
-90 120 60 175 129.307
-90 130 -60 65 127.683
-90 130 -60 175 127.533
-90 130 60 65 131.016
-90 130 60 175 129.561
-90 140 -60 65 128.082
-90 140 -60 175 127.769
-90 140 60 65 131.072
-90 140 60 175 130.052
-90 150 -60 65 128.57
-90 150 -60 175 128.315
-90 150 60 65 131.852
-90 150 60 175 130.547
-90 160 -60 65 128.984
-90 160 -60 175 128.699
-90 160 60 65 132.383
-90 160 60 175 131.107
-90 170 -60 65 129.697
-90 170 -60 175 129.323
-90 170 60 65 132.871
-90 170 60 175 131.757
-80 -180 -60 65 129.975
-80 -180 -60 175 129.849
-80 -180 60 65 133.509
-80 -180 60 175 132.264
-80 -170 -60 65 130.797
-80 -170 -60 175 130.265
-80 -170 60 65 133.69
-80 -170 60 175 132.908
-80 -160 -60 65 131.006
-80 -160 -60 175 130.544
-80 -160 60 65 134.5
-80 -160 60 175 133.052
-80 -150 -60 65 131.703
-80 -150 -60 175 131.071
-80 -150 60 65 135.01
-80 -150 60 175 133.888
-80 -80 -60 65 137.625
-80 -80 -60 175 137.428
-80 -80 60 175 139.888
-80 -70 -60 65 138.067
-80 -70 -60 175 137.827
-80 -70 60 175 140.38
-80 -60 -60 65 138.475
-80 -60 -60 175 137.774
-80 -60 60 65 141.525
-80 -60 60 175 140.705
-80 -50 -60 65 138.232
-80 -50 -60 175 137.969
-80 -50 60 65 141.784
-80 -50 60 175 140.642
-80 -40 -60 65 138.37
-80 -40 -60 175 138.057
-80 -40 60 65 142.023
-80 -40 60 175 140.711
-80 -30 -60 65 137.944
-80 -30 -60 175 137.646
-80 -30 60 65 141.683
-80 -30 60 175 140.217
-80 -20 -60 65 137.407
-80 -20 -60 175 136.964
-80 -20 60 65 141.04
-80 -20 60 175 139.896
-80 -10 -60 65 136.251
-80 -10 -60 175 135.95
-80 -10 60 65 139.965
-80 -10 60 175 139.052
-80 0 -60 65 134.934
-80 0 -60 175 134.638
-80 0 60 65 138.488
-80 0 60 175 137.753
-80 10 -60 65 133.532
-80 10 -60 175 133.091
-80 10 60 65 136.787
-80 10 60 175 136.165
-80 20 -60 65 129.961
-80 20 -60 175 129.698
-80 20 60 65 133.122
-80 20 60 175 134.075
-80 30 -60 65 128.416
-80 30 -60 175 128.021
-80 30 60 65 131.298
-80 30 60 175 132.735
-80 40 -60 65 127.043
-80 40 -60 175 126.856
-80 40 60 65 130.137
-80 40 60 175 131.153
-80 50 -60 65 126.072
-80 50 -60 175 126.022
-80 50 60 65 129.007
-80 50 60 175 130.381
-80 60 -60 65 125.602
-80 60 -60 175 125.288
-80 60 60 65 128.24
-80 60 60 175 129.938
-80 70 -60 65 125.267
-80 70 -60 175 124.765
-80 70 60 65 128.076
-80 70 60 175 129.543
-80 80 -60 65 127.317
-80 80 -60 175 127.147
-80 80 60 65 130.176
-80 80 60 175 129.334
-80 90 -60 65 127.171
-80 90 -60 175 126.898
-80 90 60 65 130.139
-80 90 60 175 129.522
-80 100 -60 65 127.323
-80 100 -60 175 127.197
-80 100 60 65 130.363
-80 100 60 175 129.227
-80 110 -60 65 127.276
-80 110 -60 175 126.725
-80 110 60 65 130.436
-80 110 60 175 129.082
-80 120 -60 65 127.227
-80 120 -60 175 127.062
-80 120 60 65 130.533
-80 120 60 175 129.159
-80 130 -60 65 127.543
-80 130 -60 175 127.4
-80 130 60 65 130.815
-80 130 60 175 129.412
-80 140 -60 65 127.887
-80 140 -60 175 127.537
-80 140 60 65 131.106
-80 140 60 175 130.138
-80 150 -60 65 128.485
-80 150 -60 175 128.357
-80 150 60 65 131.666
-80 150 60 175 130.745
-80 160 -60 65 129.019
-80 160 -60 175 128.713
-80 160 60 65 132.259
-80 160 60 175 131.163
-80 170 -60 65 129.761
-80 170 -60 175 129.087
-80 170 60 65 132.876
-80 170 60 175 131.565
-70 -180 -60 65 129.698
-70 -180 -60 175 129.493
-70 -180 60 65 133.035
-70 -180 60 175 132.18
-70 -170 -60 65 130.003
-70 -170 -60 175 129.751
-70 -170 60 65 133.421
-70 -170 60 175 132.426
-70 -80 -60 65 137.116
-70 -80 -60 175 136.868
-70 -80 60 175 139.919
-70 -70 -60 65 137.746
-70 -70 -60 175 137.388
-70 -70 60 175 140.391
-70 -60 -60 65 137.878
-70 -60 -60 175 137.651
-70 -60 60 65 141.363
-70 -60 60 175 140.648
-70 -50 -60 65 138.243
-70 -50 -60 175 137.941
-70 -50 60 65 141.616
-70 -50 60 175 140.773
-70 -40 -60 65 138.066
-70 -40 -60 175 137.887
-70 -40 60 65 142.128
-70 -40 60 175 141.008
-70 -30 -60 65 137.976
-70 -30 -60 175 137.529
-70 -30 60 65 141.712
-70 -30 60 175 140.478
-70 -20 -60 65 137.407
-70 -20 -60 175 136.849
-70 -20 60 65 141.116
-70 -20 60 175 139.988
-70 -10 -60 65 136.206
-70 -10 -60 175 135.935
-70 -10 60 65 139.992
-70 -10 60 175 138.874
-70 0 -60 65 133.421
-70 0 -60 175 134.586
-70 0 60 65 138.173
-70 0 60 175 137.605
-70 10 -60 65 131.438
-70 10 -60 175 131.176
-70 10 60 65 134.7
-70 10 60 175 135.824
-70 20 -60 65 129.453
-70 20 -60 175 129.06
-70 20 60 65 132.504
-70 20 60 175 133.689
-70 70 -60 65 124.383
-70 70 -60 175 124.546
-70 70 60 65 127.043
-70 70 60 175 128.623
-70 80 -60 65 126.452
-70 80 -60 175 126.43
-70 80 60 65 129.68
-70 80 60 175 128.739
-70 90 -60 65 126.87
-70 90 -60 175 126.651
-70 90 60 65 129.911
-70 90 60 175 128.794
-70 100 -60 65 126.795
-70 100 -60 175 126.575
-70 100 60 65 130.106
-70 100 60 175 129.024
-70 110 -60 65 126.851
-70 110 -60 175 126.659
-70 110 60 65 130.093
-70 110 60 175 129.053
-70 120 -60 65 127.12
-70 120 -60 175 126.808
-70 120 60 65 130.102
-70 120 60 175 129.183
-70 130 -60 65 127.355
-70 130 -60 175 127.168
-70 130 60 65 130.628
-70 130 60 175 129.521
-70 140 -60 65 127.833
-70 140 -60 175 127.476
-70 140 60 65 131.027
-70 140 60 175 129.956
-70 150 -60 65 128.252
-70 150 -60 175 128.105
-70 150 60 65 131.502
-70 150 60 175 130.611
-70 160 -60 65 128.745
-70 160 -60 175 128.789
-70 160 60 65 132.15
-70 160 60 175 131.268
-70 170 -60 65 129.484
-70 170 -60 175 129.055
-70 170 60 65 132.671
-70 170 60 175 131.61
-60 -180 -60 65 129.174
-60 -180 -60 175 128.95
-60 -180 60 65 132.539
-60 -180 60 175 131.547
-60 -70 -60 65 137.45
-60 -70 -60 175 137.393
-60 -70 60 175 140.314
-60 -60 -60 65 138.141
-60 -60 -60 175 138.055
-60 -60 60 65 141.404
-60 -60 60 175 140.727
-60 -50 -60 65 138.121
-60 -50 -60 175 137.954
-60 -50 60 65 141.585
-60 -50 60 175 141.073
-60 -40 -60 65 138.226
-60 -40 -60 175 138.018
-60 -40 60 65 141.987
-60 -40 60 175 140.911
-60 -30 -60 65 137.694
-60 -30 -60 175 137.341
-60 -30 60 65 141.667
-60 -30 60 175 140.446
-60 -20 -60 65 136.957
-60 -20 -60 175 136.831
-60 -20 60 65 140.739
-60 -20 60 175 139.804
-60 -10 -60 65 134.536
-60 -10 -60 175 134.113
-60 -10 60 65 137.952
-60 -10 60 175 138.298
-60 0 -60 65 133.077
-60 0 -60 175 132.716
-60 0 60 65 136.25
-60 0 60 175 136.838
-60 80 -60 65 125.738
-60 80 -60 175 125.627
-60 80 60 65 128.77
-60 80 60 175 128.215
-60 90 -60 65 126.037
-60 90 -60 175 125.912
-60 90 60 65 129.384
-60 90 60 175 128.712
-60 100 -60 65 126.399
-60 100 -60 175 126.161
-60 100 60 65 129.579
-60 100 60 175 128.591
-60 110 -60 65 126.577
-60 110 -60 175 126.177
-60 110 60 65 129.745
-60 110 60 175 128.994
-60 120 -60 65 126.625
-60 120 -60 175 126.555
-60 120 60 65 129.808
-60 120 60 175 129.116
-60 130 -60 65 126.918
-60 130 -60 175 126.876
-60 130 60 65 130.309
-60 130 60 175 129.424
-60 140 -60 65 127.628
-60 140 -60 175 127.284
-60 140 60 65 130.805
-60 140 60 175 130.173
-60 150 -60 65 127.976
-60 150 -60 175 127.827
-60 150 60 65 131.415
-60 150 60 175 130.737
-60 160 -60 65 128.428
-60 160 -60 175 128.202
-60 160 60 65 131.796
-60 160 60 175 131.194
-60 170 -60 65 129.07
-60 170 -60 175 128.657
-60 170 60 65 132.235
-60 170 60 175 131.628
-50 -60 -60 65 138.023
-50 -60 -60 175 137.814
-50 -60 60 65 141.472
-50 -60 60 175 140.972
-50 -50 -60 65 137.925
-50 -50 -60 175 137.878
-50 -50 60 65 141.337
-50 -50 60 175 141.26
-50 -40 -60 65 138.061
-50 -40 -60 175 137.669
-50 -40 60 65 141.72
-50 -40 60 175 141.065
-50 -30 -60 65 137.201
-50 -30 -60 175 136.895
-50 -30 60 65 141.195
-50 -30 60 175 140.492
-50 -20 -60 65 135.436
-50 -20 -60 175 134.859
-50 -20 60 65 138.772
-50 -20 60 175 139.26
-50 100 -60 65 125.947
-50 100 -60 175 125.828
-50 100 60 65 129.153
-50 100 60 175 128.382
-50 110 -60 65 126.145
-50 110 -60 175 126.072
-50 110 60 65 129.423
-50 110 60 175 128.528
-50 120 -60 65 126.338
-50 120 -60 175 126.314
-50 120 60 65 129.65
-50 120 60 175 128.907
-50 130 -60 65 126.703
-50 130 -60 175 126.538
-50 130 60 65 130.002
-50 130 60 175 129.389
-50 140 -60 65 127.082
-50 140 -60 175 126.818
-50 140 60 65 130.413
-50 140 60 175 129.694
-50 150 -60 65 127.495
-50 150 -60 175 127.524
-50 150 60 65 130.973
-50 150 60 175 130.141
-50 160 -60 65 127.971
-50 160 -60 175 127.775
-50 160 60 65 131.059
-50 160 60 175 130.502
-50 170 -60 65 128.165
-50 170 -60 175 128.118
-50 170 60 65 131.495
-50 170 60 175 130.929
-40 -70 -60 65 137.498
-40 -70 -60 175 137.449
-40 -70 60 175 140.49
-40 -60 -60 65 137.743
-40 -60 -60 175 137.664
-40 -60 60 65 141.1
-40 -60 60 175 141.099
-40 -50 -60 65 137.763
-40 -50 -60 175 137.441
-40 -50 60 65 141.94
-40 -50 60 175 140.792
-40 -40 -60 65 137.219
-40 -40 -60 175 137.164
-40 -40 60 65 140.995
-40 -40 60 175 140.652
-40 -30 -60 65 135.941
-40 -30 -60 175 135.405
-40 -30 60 65 139.365
-40 -30 60 175 139.856
-40 -20 -60 65 134.896
-40 -20 -60 175 134.915
-40 -20 60 65 139.041
-40 -20 60 175 138.205
-40 100 -60 65 125.497
-40 100 -60 175 125.398
-40 100 60 65 128.905
-40 100 60 175 128.138
-40 110 -60 65 125.571
-40 110 -60 175 125.712
-40 110 60 65 129.047
-40 110 60 175 128.288
-40 120 -60 65 125.864
-40 120 -60 175 125.747
-40 120 60 65 129.128
-40 120 60 175 128.534
-40 130 -60 65 126.192
-40 130 -60 175 126.014
-40 130 60 65 129.594
-40 130 60 175 129.058
-40 140 -60 65 126.48
-40 140 -60 175 126.596
-40 140 60 65 129.819
-40 140 60 175 129.1
-40 150 -60 65 126.867
-40 150 -60 175 126.876
-40 150 60 65 130.27
-40 150 60 175 129.519
-40 160 -60 65 127.089
-40 160 -60 175 127.073
-40 160 60 65 130.516
-40 160 60 175 130.056
-30 -60 -60 65 137.135
-30 -60 -60 175 137.346
-30 -60 60 65 140.799
-30 -60 60 175 140.657
30 60 -60 65 126.348
30 60 -60 175 125.969
30 60 60 65 128.615
30 60 60 175 128.783
30 70 -60 65 125.651
30 70 -60 175 125.532
30 70 60 65 127.886
30 70 60 175 127.946
30 80 -60 65 125.24
30 80 -60 175 125.225
30 80 60 65 127.68
30 80 60 175 127.482
40 -140 -60 65 130.548
40 -140 -60 175 130.319
40 -140 60 65 133.213
40 -140 60 175 132.623
40 -130 -60 65 131.434
40 -130 -60 175 131.452
40 -130 60 65 133.921
40 -130 60 175 133.909
40 -120 -60 65 132.889
40 -120 -60 175 132.857
40 -120 60 175 134.458
40 -110 -60 65 134.227
40 -110 -60 175 133.939
40 -110 60 175 135.75
40 -100 -60 65 135.719
40 -100 -60 175 135.171
40 -100 60 175 137.218
40 20 -60 65 130.326
40 20 -60 175 130.186
40 20 60 65 132.51
40 20 60 175 132.482
40 30 -60 65 127.986
40 30 -60 175 127.564
40 30 60 65 130.955
40 30 60 175 131.455
40 40 -60 65 127.561
40 40 -60 175 127.523
40 40 60 65 130.155
40 40 60 175 130.279
40 50 -60 65 126.643
40 50 -60 175 126.571
40 50 60 65 128.939
40 50 60 175 129.398
40 60 -60 65 126.223
40 60 -60 175 125.986
40 60 60 65 128.137
40 60 60 175 128.735
40 70 -60 65 125.785
40 70 -60 175 125.379
40 70 60 65 127.766
40 70 60 175 128.24
40 80 -60 65 125.57
40 80 -60 175 125.445
40 80 60 65 127.467
40 80 60 175 127.864
50 -140 -60 65 130.416
50 -140 -60 175 130.527
50 -140 60 65 132.954
50 -130 -60 65 131.756
50 -130 -60 175 131.527
50 -130 60 65 133.835
50 -120 -60 65 133.088
50 -120 -60 175 132.613
50 -120 60 175 135.23
50 -110 -60 65 134.219
50 -110 -60 175 134.322
50 -100 -60 65 135.517
50 -100 -60 175 135.436
50 -100 60 175 137.822
50 -90 -60 65 136.297
50 -90 -60 175 136.236
50 -90 60 175 139.541
50 20 -60 65 129.225
50 20 -60 175 129.053
50 20 60 65 132.233
50 30 -60 65 128.395
50 30 -60 175 128.252
50 30 60 65 131.367
50 40 -60 65 127.49
50 40 -60 175 127.268
50 40 60 65 130.12
50 50 -60 65 126.555
50 50 -60 175 126.368
50 50 60 65 129.139
50 60 -60 65 126.177
50 60 -60 175 126.068
50 60 60 65 128.437
50 70 -60 65 126.078
50 70 -60 175 125.705
50 70 60 65 128.107
60 -180 -60 65 127.534
60 -180 -60 175 127.589
60 -180 60 65 130.682
60 -170 -60 65 128.232
60 -170 -60 175 128.058
60 -170 60 65 131.426
60 -160 -60 65 128.636
60 -160 -60 175 128.627
60 -160 60 65 132.068
60 -150 -60 65 129.629
60 -150 -60 175 129.454
60 -150 60 65 133.225
60 -140 -60 65 130.839
60 -140 -60 175 130.331
60 -140 60 65 133.778
60 -130 -60 65 132.236
60 -130 -60 175 131.807
60 -130 60 65 134.73
60 -120 -60 65 133.384
60 -120 -60 175 133.05
60 -110 -60 65 134.432
60 -110 -60 175 134.182
60 -100 -60 65 135.661
60 -100 -60 175 135.468
60 -60 -60 65 137.104
60 -60 -60 175 137.067
60 -50 -60 65 137.163
60 -50 -60 175 136.968
60 -50 60 65 140.598
60 -40 -60 65 136.895
60 -40 -60 175 136.648
60 -40 60 65 140.109
60 -30 -60 65 136.028
60 -30 -60 175 135.853
60 -30 60 65 139.014
60 0 -60 65 132.296
60 0 -60 175 132.031
60 0 60 65 135.673
60 10 -60 65 130.785
60 10 -60 175 130.52
60 10 60 65 134.582
60 20 -60 65 129.852
60 20 -60 175 129.585
60 20 60 65 133.247
60 30 -60 65 128.657
60 30 -60 175 128.559
60 30 60 65 131.98
60 40 -60 65 127.607
60 40 -60 175 127.441
60 40 60 65 130.797
60 50 -60 65 127.021
60 50 -60 175 126.877
60 50 60 65 129.916
60 60 -60 65 126.522
60 60 -60 175 126.3
60 60 60 65 129.35
60 160 -60 65 126.765
60 160 -60 175 126.559
60 160 60 65 129.31
60 170 -60 65 127.337
60 170 -60 175 126.997
60 170 60 65 129.812
70 -180 -60 65 127.719
70 -180 -60 175 127.778
70 -180 60 65 131.672
70 -170 -60 65 128.547
70 -170 -60 175 128.263
70 -170 60 65 132.399
70 -160 -60 65 129.29
70 -160 -60 175 128.926
70 -160 60 65 133.417
70 -150 -60 65 130.213
70 -150 -60 175 129.958
70 -150 60 65 134.489
70 -60 -60 65 136.773
70 -60 -60 175 136.77
70 -50 -60 65 136.712
70 -50 -60 175 136.754
70 -50 60 65 140.833
70 -40 -60 65 136.661
70 -40 -60 175 136.333
70 -40 60 65 140.09
70 -10 -60 65 134.0
70 -10 -60 175 134.04
70 -10 60 65 138.413
70 0 -60 65 133.207
70 0 -60 175 132.963
70 0 60 65 137.157
70 10 -60 65 131.773
70 10 -60 175 131.43
70 10 60 65 135.585
70 20 -60 65 130.426
70 20 -60 175 130.156
70 20 60 65 134.107
70 30 -60 65 129.089
70 30 -60 175 128.977
70 30 60 65 132.843
70 40 -60 65 128.161
70 40 -60 175 128.156
70 40 60 65 131.98
70 140 -60 65 125.9
70 140 -60 175 125.302
70 140 60 65 129.247
70 150 -60 65 126.279
70 150 -60 175 126.037
70 150 60 65 129.66
70 160 -60 65 126.723
70 160 -60 175 126.513
70 160 60 65 130.471
70 170 -60 65 127.19
70 170 -60 175 127.051
70 170 60 65 130.912
80 -180 -60 65 128.785
80 -180 -60 175 128.303
80 -170 -60 65 129.169
80 -170 -60 175 128.882
80 -60 -60 65 137.13
80 -60 -60 175 137.245
80 -50 -60 65 137.195
80 -50 -60 175 136.927
80 -40 -60 65 137.035
80 -40 -60 175 136.645
80 -20 -60 65 136.581
80 -20 -60 175 135.789
80 -10 -60 65 135.136
80 -10 -60 175 135.028
80 0 -60 65 133.922
80 0 -60 175 133.566
80 10 -60 65 132.431
80 10 -60 175 132.202
80 20 -60 65 131.257
80 20 -60 175 130.756
80 30 -60 65 129.983
80 30 -60 175 129.58
80 140 -60 65 126.315
80 140 -60 175 125.829
80 150 -60 65 126.534
80 150 -60 175 126.248
80 160 -60 65 127.104
80 160 -60 175 127.012
80 170 -60 65 128.017
80 170 -60 175 127.542
90 -20 -60 65 136.937
90 -20 -60 175 136.585
90 -10 -60 65 135.953
90 -10 -60 175 135.638
180 110 -60 175 123.614
180 110 60 65 128.331
180 110 60 175 128.118
180 120 -60 175 123.925
180 120 60 65 128.856
180 120 60 175 128.356
180 130 -60 175 124.185
180 130 60 65 129.048
180 130 60 175 128.825
180 140 -60 175 124.662
180 140 60 65 129.487
180 140 60 175 129.205
180 150 -60 175 125.11
180 150 60 65 129.915
180 150 60 175 129.804
180 160 -60 175 125.595
180 160 60 65 130.755
180 160 60 175 130.417
180 170 -60 175 125.85
180 170 60 65 130.925
180 170 60 175 130.731
-160 180 -60 65 128.678
-160 180 -60 175 127.412
-160 180 60 65 132.36
-160 180 60 175 132.042
-150 180 -60 65 129.195
-150 180 -60 175 128.163
-150 180 60 65 132.559
-150 180 60 175 132.119
-140 180 -60 65 129.532
-140 180 -60 175 128.9
-140 180 60 65 132.589
-140 180 60 175 132.201
-130 180 -60 65 129.853
-130 180 -60 175 129.549
-130 180 60 65 132.938
-130 180 60 175 132.252
-120 180 -60 65 129.894
-120 180 -60 175 129.88
-120 180 60 65 133.065
-120 180 60 175 132.205
-110 180 -60 65 130.015
-110 180 -60 175 129.863
-110 180 60 65 133.117
-110 180 60 175 132.311
-100 180 -60 65 130.088
-100 180 -60 175 129.687
-100 180 60 65 133.206
-100 180 60 175 132.396
-90 180 -60 65 130.309
-90 180 -60 175 130.04
-90 180 60 65 133.429
-90 180 60 175 132.306
-80 180 -60 65 129.975
-80 180 -60 175 129.849
-80 180 60 65 133.509
-80 180 60 175 132.264
-70 180 -60 65 129.698
-70 180 -60 175 129.493
-70 180 60 65 133.035
-70 180 60 175 132.18
-60 180 -60 65 129.174
-60 180 -60 175 128.95
-60 180 60 65 132.539
-60 180 60 175 131.547
60 180 -60 65 127.534
60 180 -60 175 127.589
60 180 60 65 130.682
70 180 -60 65 127.719
70 180 -60 175 127.778
70 180 60 65 131.672
80 180 -60 65 128.785
80 180 -60 175 128.303
