-180 -180 -60 -60 134.048
-180 -180 -60 180 133.126
-180 -180 60 -60 134.777
-180 -180 60 60 134.675
-180 -180 60 180 135.699
-180 -170 -60 -60 134.499
-180 -170 -60 180 133.5
-180 -170 60 -60 135.103
-180 -170 60 60 135.637
-180 -170 60 180 135.928
-180 120 -60 -60 131.75
-180 120 -60 180 130.749
-180 120 60 -60 132.665
-180 120 60 60 135.75
-180 120 60 180 133.428
-180 130 -60 -60 132.307
-180 130 -60 180 130.976
-180 130 60 -60 132.981
-180 130 60 60 134.674
-180 130 60 180 133.66
-180 140 -60 -60 132.681
-180 140 -60 180 131.39
-180 140 60 -60 133.423
-180 140 60 60 134.139
-180 140 60 180 134.138
-180 150 -60 -60 132.981
-180 150 -60 180 131.855
-180 150 60 -60 133.77
-180 150 60 60 133.926
-180 150 60 180 134.462
-180 160 -60 -60 133.311
-180 160 -60 180 132.314
-180 160 60 -60 133.93
-180 160 60 60 134.093
-180 160 60 180 134.973
-180 170 -60 -60 133.831
-180 170 -60 180 132.86
-180 170 60 -60 134.376
-180 170 60 60 134.296
-180 170 60 180 135.231
-170 -180 -60 -60 134.791
-170 -180 -60 180 134.081
-170 -180 60 -60 134.836
-170 -180 60 60 135.315
-170 -180 60 180 135.969
-170 -170 -60 -60 134.793
-170 -170 -60 180 134.232
-170 -170 60 -60 135.322
-170 -170 60 60 136.093
-170 -170 60 180 136.462
-170 40 -60 -60 134.263
-170 40 -60 180 133.745
-170 40 60 -60 134.899
-170 40 60 60 135.717
-170 40 60 180 135.937
-170 50 -60 -60 133.45
-170 50 -60 180 132.724
-170 50 60 -60 134.136
-170 50 60 60 135.975
-170 50 60 180 134.958
-170 60 -60 -60 132.798
-170 60 -60 180 132.231
-170 60 60 -60 133.633
-170 60 60 60 137.103
-170 60 60 180 134.6
-170 70 -60 -60 132.442
-170 70 -60 180 131.782
-170 70 60 -60 133.206
-170 70 60 60 138.079
-170 70 60 180 134.21
-170 80 -60 -60 132.32
-170 80 -60 180 131.389
-170 80 60 -60 133.131
-170 80 60 180 134.129
-170 90 -60 -60 132.146
-170 90 -60 180 131.595
-170 90 60 -60 132.973
-170 90 60 180 133.789
-170 100 -60 -60 132.504
-170 100 -60 180 131.503
-170 100 60 -60 132.959
-170 100 60 180 133.695
-170 110 -60 -60 132.352
-170 110 -60 180 131.671
-170 110 60 -60 133.095
-170 110 60 60 137.81
-170 110 60 180 133.919
-170 120 -60 -60 132.53
-170 120 -60 180 131.949
-170 120 60 -60 133.202
-170 120 60 60 136.095
-170 120 60 180 133.97
-170 130 -60 -60 132.867
-170 130 -60 180 132.229
-170 130 60 -60 133.383
-170 130 60 60 134.714
-170 130 60 180 134.267
-170 140 -60 -60 133.19
-170 140 -60 180 132.319
-170 140 60 -60 133.408
-170 140 60 60 134.521
-170 140 60 180 134.723
-170 150 -60 -60 133.528
-170 150 -60 180 132.699
-170 150 60 -60 133.944
-170 150 60 60 134.448
-170 150 60 180 134.98
-170 160 -60 -60 134.071
-170 160 -60 180 133.348
-170 160 60 -60 134.385
-170 160 60 60 134.42
-170 160 60 180 135.381
-170 170 -60 -60 134.399
-170 170 -60 180 133.605
-170 170 60 -60 134.79
-170 170 60 60 134.567
-170 170 60 180 135.691
-160 -180 -60 -60 135.263
-160 -180 -60 60 134.807
-160 -180 -60 180 134.733
-160 -180 60 -60 135.124
-160 -180 60 60 135.593
-160 -180 60 180 136.315
-160 -170 -60 -60 135.435
-160 -170 -60 60 135.012
-160 -170 -60 180 134.913
-160 -170 60 -60 135.215
-160 -170 60 60 136.075
-160 -170 60 180 136.729
-160 -20 -60 -60 144.193
-160 -20 -60 60 143.57
-160 -20 -60 180 143.66
-160 -20 60 -60 144.093
-160 -20 60 60 145.158
-160 -20 60 180 145.238
-160 -10 -60 -60 143.052
-160 -10 -60 60 142.689
-160 -10 -60 180 142.469
-160 -10 60 -60 142.747
-160 -10 60 60 143.666
-160 -10 60 180 144.14
-160 0 -60 -60 141.162
-160 0 -60 60 140.861
-160 0 -60 180 140.86
-160 0 60 -60 141.237
-160 0 60 60 141.521
-160 0 60 180 142.278
-160 10 -60 -60 139.425
-160 10 -60 60 139.084
-160 10 -60 180 138.878
-160 10 60 -60 139.275
-160 10 60 60 139.369
-160 10 60 180 140.396
-160 20 -60 -60 137.588
-160 20 -60 60 137.134
-160 20 -60 180 137.126
-160 20 60 -60 137.601
-160 20 60 60 138.024
-160 20 60 180 138.763
-160 30 -60 -60 136.3
-160 30 -60 60 135.669
-160 30 -60 180 135.672
-160 30 60 -60 136.343
-160 30 60 60 136.437
-160 30 60 180 137.308
-160 40 -60 -60 135.123
-160 40 -60 60 134.545
-160 40 -60 180 134.288
-160 40 60 -60 135.283
-160 40 60 60 136.162
-160 40 60 180 136.389
-160 50 -60 -60 134.004
-160 50 -60 60 133.504
-160 50 -60 180 133.674
-160 50 60 -60 134.341
-160 50 60 60 136.306
-160 50 60 180 135.489
-160 60 -60 -60 133.733
-160 60 -60 60 133.08
-160 60 -60 180 133.04
-160 60 60 -60 133.785
-160 60 60 60 137.187
-160 60 60 180 134.892
-160 70 -60 -60 133.199
-160 70 -60 60 132.622
-160 70 -60 180 132.837
-160 70 60 -60 133.64
-160 70 60 60 138.271
-160 70 60 180 134.682
-160 80 -60 -60 133.071
-160 80 -60 60 132.614
-160 80 -60 180 132.498
-160 80 60 -60 133.264
-160 80 60 180 134.477
-160 90 -60 -60 133.167
-160 90 -60 60 132.552
-160 90 -60 180 132.613
-160 90 60 -60 133.102
-160 90 60 180 134.34
-160 100 -60 -60 133.176
-160 100 -60 60 132.68
-160 100 -60 180 132.385
-160 100 60 -60 133.115
-160 100 60 180 134.132
-160 110 -60 -60 133.431
-160 110 -60 60 132.599
-160 110 -60 180 132.555
-160 110 60 -60 133.148
-160 110 60 60 138.196
-160 110 60 180 134.226
-160 120 -60 -60 133.433
-160 120 -60 60 132.896
-160 120 -60 180 132.857
-160 120 60 -60 133.386
-160 120 60 60 136.474
-160 120 60 180 134.406
-160 130 -60 -60 133.741
-160 130 -60 60 132.991
-160 130 -60 180 133.189
-160 130 60 -60 133.366
-160 130 60 60 135.101
-160 130 60 180 134.654
-160 140 -60 -60 133.827
-160 140 -60 60 133.497
-160 140 -60 180 133.501
-160 140 60 -60 133.68
-160 140 60 60 134.804
-160 140 60 180 134.803
-160 150 -60 -60 134.449
-160 150 -60 60 133.793
-160 150 -60 180 133.783
-160 150 60 -60 134.179
-160 150 60 60 134.536
-160 150 60 180 135.186
-160 160 -60 -60 134.791
-160 160 -60 60 134.372
-160 160 -60 180 134.197
-160 160 60 -60 134.401
-160 160 60 60 134.65
-160 160 60 180 135.739
-160 170 -60 -60 134.953
-160 170 -60 60 134.433
-160 170 -60 180 134.511
-160 170 60 -60 134.614
-160 170 60 60 134.831
-160 170 60 180 135.993
-150 -180 -60 -60 136.239
-150 -180 -60 60 135.122
-150 -180 -60 180 135.554
-150 -180 60 -60 134.723
-150 -180 60 60 135.457
-150 -180 60 180 136.259
-150 -170 -60 -60 136.403
-150 -170 -60 60 135.399
-150 -170 -60 180 135.776
-150 -170 60 -60 134.889
-150 -170 60 60 136.319
-150 -170 60 180 136.634
-150 -30 -60 -60 145.835
-150 -30 -60 60 144.725
-150 -30 -60 180 145.18
-150 -30 60 -60 144.456
-150 -30 60 60 146.414
-150 -30 60 180 146.247
-150 -20 -60 -60 145.079
-150 -20 -60 60 144.052
-150 -20 -60 180 144.27
-150 -20 60 -60 143.835
-150 -20 60 60 145.287
-150 -20 60 180 145.503
-150 -10 -60 -60 143.801
-150 -10 -60 60 142.897
-150 -10 -60 180 143.246
-150 -10 60 -60 142.691
-150 -10 60 60 143.866
-150 -10 60 180 143.998
-150 0 -60 -60 142.127
-150 0 -60 60 141.169
-150 0 -60 180 141.306
-150 0 60 -60 141.008
-150 0 60 60 141.336
-150 0 60 180 142.446
-150 10 -60 -60 140.201
-150 10 -60 60 139.444
-150 10 -60 180 139.777
-150 10 60 -60 139.215
-150 10 60 60 139.566
-150 10 60 180 140.419
-150 20 -60 -60 138.63
-150 20 -60 60 137.608
-150 20 -60 180 138.008
-150 20 60 -60 137.565
-150 20 60 60 138.012
-150 20 60 180 139.037
-150 30 -60 -60 137.09
-150 30 -60 60 136.428
-150 30 -60 180 136.615
-150 30 60 -60 136.338
-150 30 60 60 136.978
-150 30 60 180 137.54
-150 40 -60 -60 136.088
-150 40 -60 60 135.133
-150 40 -60 180 135.413
-150 40 60 -60 135.249
-150 40 60 60 136.339
-150 40 60 180 136.665
-150 50 -60 -60 135.315
-150 50 -60 60 134.216
-150 50 -60 180 134.494
-150 50 60 -60 134.517
-150 50 60 60 136.717
-150 50 60 180 135.75
-150 60 -60 -60 134.894
-150 60 -60 60 133.606
-150 60 -60 180 134.045
-150 60 60 -60 134.068
-150 60 60 60 137.418
-150 60 60 180 135.089
-150 70 -60 -60 134.465
-150 70 -60 60 133.214
-150 70 -60 180 133.491
-150 70 60 -60 133.755
-150 70 60 60 138.6
-150 70 60 180 135.131
-150 80 -60 -60 134.247
-150 80 -60 60 133.293
-150 80 -60 180 133.538
-150 80 60 -60 133.389
-150 80 60 180 134.764
-150 90 -60 -60 134.012
-150 90 -60 60 133.237
-150 90 -60 180 133.643
-150 90 60 -60 133.42
-150 90 60 180 134.726
-150 100 -60 -60 134.301
-150 100 -60 60 133.125
-150 100 -60 180 133.322
-150 100 60 -60 133.173
-150 100 60 180 134.559
-150 110 -60 -60 134.326
-150 110 -60 60 133.159
-150 110 -60 180 133.478
-150 110 60 -60 133.093
-150 110 60 60 138.255
-150 110 60 180 134.466
-150 120 -60 -60 134.41
-150 120 -60 60 133.423
-150 120 -60 180 133.551
-150 120 60 -60 133.318
-150 120 60 60 136.657
-150 120 60 180 134.721
-150 130 -60 -60 134.92
-150 130 -60 60 133.762
-150 130 -60 180 134.061
-150 130 60 -60 133.356
-150 130 60 60 135.495
-150 130 60 180 134.692
-150 140 -60 -60 135.136
-150 140 -60 60 133.919
-150 140 -60 180 134.327
-150 140 60 -60 133.503
-150 140 60 60 135.162
-150 140 60 180 134.984
-150 150 -60 -60 135.348
-150 150 -60 60 134.335
-150 150 -60 180 134.472
-150 150 60 -60 133.881
-150 150 60 60 134.84
-150 150 60 180 135.377
-150 160 -60 -60 135.552
-150 160 -60 60 134.653
-150 160 -60 180 134.867
-150 160 60 -60 134.352
-150 160 60 60 134.888
-150 160 60 180 135.647
-150 170 -60 -60 135.963
-150 170 -60 60 134.879
-150 170 -60 180 135.198
-150 170 60 -60 134.535
-150 170 60 60 134.955
-150 170 60 180 136.018
-140 -180 -60 -60 137.028
-140 -180 -60 60 135.392
-140 -180 -60 180 135.873
-140 -180 60 -60 134.483
-140 -180 60 60 135.582
-140 -180 60 180 136.424
-140 -170 -60 -60 137.315
-140 -170 -60 60 135.833
-140 -170 -60 180 136.012
-140 -170 60 -60 134.871
-140 -170 60 60 136.477
-140 -170 60 180 136.763
-140 -60 -60 -60 147.245
-140 -60 -60 60 145.517
-140 -60 -60 180 146.005
-140 -60 60 -60 144.389
-140 -60 60 180 146.172
-140 -50 -60 -60 147.208
-140 -50 -60 60 145.603
-140 -50 -60 180 145.916
-140 -50 60 -60 144.602
-140 -50 60 180 145.398
-140 -40 -60 -60 147.054
-140 -40 -60 60 145.278
-140 -40 -60 180 145.842
-140 -40 60 -60 144.479
-140 -40 60 60 147.052
-140 -40 60 180 146.673
-140 -30 -60 -60 146.64
-140 -30 -60 60 145.034
-140 -30 -60 180 145.254
-140 -30 60 -60 144.211
-140 -30 60 60 146.421
-140 -30 60 180 146.26
-140 -20 -60 -60 146.156
-140 -20 -60 60 144.25
-140 -20 -60 180 144.588
-140 -20 60 -60 143.58
-140 -20 60 60 145.259
-140 -20 60 180 145.316
-140 -10 -60 -60 144.74
-140 -10 -60 60 143.099
-140 -10 -60 180 143.079
-140 -10 60 -60 142.24
-140 -10 60 60 143.871
-140 -10 60 180 144.053
-140 0 -60 -60 142.858
-140 0 -60 60 141.371
-140 0 -60 180 141.697
-140 0 60 -60 140.508
-140 0 60 60 141.559
-140 0 60 180 142.233
-140 10 -60 -60 141.396
-140 10 -60 60 139.597
-140 10 -60 180 140.107
-140 10 60 -60 139.107
-140 10 60 60 139.978
-140 10 60 180 140.668
-140 20 -60 -60 139.658
-140 20 -60 60 138.075
-140 20 -60 180 138.527
-140 20 60 -60 137.6
-140 20 60 60 138.114
-140 20 60 180 139.335
-140 30 -60 -60 138.189
-140 30 -60 60 136.786
-140 30 -60 180 137.021
-140 30 60 -60 136.214
-140 30 60 60 136.901
-140 30 60 180 137.762
-140 40 -60 -60 137.142
-140 40 -60 60 135.453
-140 40 -60 180 135.852
-140 40 60 -60 135.087
-140 40 60 60 136.578
-140 40 60 180 136.679
-140 50 -60 -60 136.25
-140 50 -60 60 134.583
-140 50 -60 180 135.184
-140 50 60 -60 134.561
-140 50 60 60 136.736
-140 50 60 180 136.187
-140 60 -60 -60 135.847
-140 60 -60 60 134.075
-140 60 -60 180 134.459
-140 60 60 -60 134.117
-140 60 60 60 137.488
-140 60 60 180 135.68
-140 70 -60 -60 135.671
-140 70 -60 60 133.868
-140 70 -60 180 134.417
-140 70 60 -60 133.935
-140 70 60 60 138.651
-140 70 60 180 135.496
-140 80 -60 -60 135.239
-140 80 -60 60 133.718
-140 80 -60 180 134.139
-140 80 60 -60 133.366
-140 80 60 180 135.106
-140 90 -60 -60 135.181
-140 90 -60 60 133.574
-140 90 -60 180 134.04
-140 90 60 -60 133.298
-140 90 60 180 135.01
-140 100 -60 -60 135.432
-140 100 -60 60 133.773
-140 100 -60 180 133.914
-140 100 60 -60 133.117
-140 100 60 180 134.658
-140 110 -60 -60 135.358
-140 110 -60 60 133.548
-140 110 -60 180 134.108
-140 110 60 -60 132.94
-140 110 60 60 138.482
-140 110 60 180 134.728
-140 120 -60 -60 135.478
-140 120 -60 60 133.811
-140 120 -60 180 134.042
-140 120 60 -60 133.192
-140 120 60 60 136.927
-140 120 60 180 134.872
-140 130 -60 -60 135.5
-140 130 -60 60 134.033
-140 130 -60 180 134.448
-140 130 60 -60 133.275
-140 130 60 60 135.719
-140 130 60 180 135.066
-140 140 -60 -60 135.946
-140 140 -60 60 134.268
-140 140 -60 180 134.593
-140 140 60 -60 133.537
-140 140 60 60 135.172
-140 140 60 180 135.186
-140 150 -60 -60 136.23
-140 150 -60 60 134.392
-140 150 -60 180 134.918
-140 150 60 -60 133.694
-140 150 60 60 135.151
-140 150 60 180 135.399
-140 160 -60 -60 136.665
-140 160 -60 60 134.73
-140 160 -60 180 135.004
-140 160 60 -60 133.989
-140 160 60 60 134.881
-140 160 60 180 135.635
-140 170 -60 -60 137.062
-140 170 -60 60 135.245
-140 170 -60 180 135.433
-140 170 60 -60 134.162
-140 170 60 60 135.154
-140 170 60 180 136.171
-130 -180 -60 -60 137.614
-130 -180 -60 60 135.435
-130 -180 -60 180 135.681
-130 -180 60 -60 134.259
-130 -180 60 60 135.68
-130 -180 60 180 136.517
-130 -170 -60 -60 137.932
-130 -170 -60 60 135.852
-130 -170 -60 180 136.213
-130 -170 60 -60 135.026
-130 -170 60 60 136.504
-130 -170 60 180 136.985
-130 -60 -60 -60 147.904
-130 -60 -60 60 145.4
-130 -60 -60 180 145.922
-130 -60 60 -60 144.081
-130 -60 60 180 146.3
-130 -50 -60 -60 147.815
-130 -50 -60 60 145.578
-130 -50 -60 180 145.884
-130 -50 60 -60 144.368
-130 -50 60 180 145.248
-130 -40 -60 -60 147.668
-130 -40 -60 60 145.356
-130 -40 -60 180 145.817
-130 -40 60 -60 144.1
-130 -40 60 60 146.823
-130 -40 60 180 146.604
-130 -30 -60 -60 147.058
-130 -30 -60 60 145.093
-130 -30 -60 180 145.171
-130 -30 60 -60 143.711
-130 -30 60 60 146.396
-130 -30 60 180 146.175
-130 -20 -60 -60 146.294
-130 -20 -60 60 144.167
-130 -20 -60 180 144.335
-130 -20 60 -60 142.865
-130 -20 60 60 145.396
-130 -20 60 180 145.384
-130 -10 -60 -60 144.825
-130 -10 -60 60 142.915
-130 -10 -60 180 143.13
-130 -10 60 -60 141.61
-130 -10 60 60 143.693
-130 -10 60 180 143.909
-130 0 -60 -60 143.526
-130 0 -60 60 141.323
-130 0 -60 180 141.555
-130 0 60 -60 140.287
-130 0 60 60 141.799
-130 0 60 180 142.616
-130 10 -60 -60 141.791
-130 10 -60 60 139.894
-130 10 -60 180 140.21
-130 10 60 -60 138.709
-130 10 60 60 139.751
-130 10 60 180 140.722
-130 20 -60 -60 140.403
-130 20 -60 60 138.396
-130 20 -60 180 138.503
-130 20 60 -60 137.521
-130 20 60 60 138.284
-130 20 60 180 139.31
-130 30 -60 -60 138.815
-130 30 -60 60 136.957
-130 30 -60 180 137.247
-130 30 60 -60 136.256
-130 30 60 60 137.333
-130 30 60 180 138.037
-130 40 -60 -60 137.704
-130 40 -60 60 135.955
-130 40 -60 180 136.05
-130 40 60 -60 135.048
-130 40 60 60 136.69
-130 40 60 180 137.133
-130 50 -60 -60 137.137
-130 50 -60 60 134.982
-130 50 -60 180 135.265
-130 50 60 -60 134.406
-130 50 60 60 137.134
-130 50 60 180 136.269
-130 60 -60 -60 136.509
-130 60 -60 60 134.55
-130 60 -60 180 134.767
-130 60 60 -60 134.198
-130 60 60 60 138.118
-130 60 60 180 135.701
-130 70 -60 -60 136.493
-130 70 -60 60 134.092
-130 70 -60 180 134.51
-130 70 60 -60 133.655
-130 70 60 60 139.022
-130 70 60 180 135.413
-130 80 -60 -60 136.262
-130 80 -60 60 134.057
-130 80 -60 180 134.247
-130 80 60 -60 133.432
-130 80 60 180 135.483
-130 90 -60 -60 136.128
-130 90 -60 60 133.823
-130 90 -60 180 134.237
-130 90 60 -60 133.244
-130 90 60 180 135.149
-130 100 -60 -60 136.071
-130 100 -60 60 133.626
-130 100 -60 180 134.05
-130 100 60 -60 133.049
-130 100 60 180 134.788
-130 110 -60 -60 136.214
-130 110 -60 60 133.934
-130 110 -60 180 134.058
-130 110 60 -60 132.815
-130 110 60 60 138.77
-130 110 60 180 134.913
-130 120 -60 -60 136.273
-130 120 -60 60 133.865
-130 120 -60 180 134.059
-130 120 60 -60 132.833
-130 120 60 60 137.006
-130 120 60 180 134.838
-130 130 -60 -60 136.425
-130 130 -60 60 134.32
-130 130 -60 180 134.264
-130 130 60 -60 132.738
-130 130 60 60 135.681
-130 130 60 180 134.987
-130 140 -60 -60 136.697
-130 140 -60 60 134.419
-130 140 -60 180 134.644
-130 140 60 -60 132.889
-130 140 60 60 135.264
-130 140 60 180 135.276
-130 150 -60 -60 137.024
-130 150 -60 60 134.384
-130 150 -60 180 134.87
-130 150 60 -60 133.161
-130 150 60 60 134.982
-130 150 60 180 135.559
-130 160 -60 -60 137.365
-130 160 -60 60 134.983
-130 160 -60 180 135.255
-130 160 60 -60 133.536
-130 160 60 60 135.025
-130 160 60 180 135.783
-130 170 -60 -60 137.37
-130 170 -60 60 135.434
-130 170 -60 180 135.585
-130 170 60 -60 133.985
-130 170 60 60 135.226
-130 170 60 180 136.121
-120 -180 -60 -60 137.905
-120 -180 -60 60 135.705
-120 -180 -60 180 135.84
-120 -180 60 -60 134.209
-120 -180 60 60 135.907
-120 -180 60 180 136.772
-120 -140 -60 -60 140.732
-120 -140 -60 60 138.467
-120 -140 -60 180 138.693
-120 -140 60 -60 137.316
-120 -140 60 60 141.47
-120 -140 60 180 139.555
-120 -130 -60 -60 142.087
-120 -130 -60 60 139.911
-120 -130 -60 180 140.104
-120 -130 60 -60 138.59
-120 -130 60 180 140.764
-120 -120 -60 -60 143.486
-120 -120 -60 60 141.298
-120 -120 -60 180 141.343
-120 -120 60 -60 139.381
-120 -120 60 180 141.249
-120 -110 -60 -60 144.684
-120 -110 -60 60 142.495
-120 -110 -60 180 142.531
-120 -110 60 -60 140.282
-120 -110 60 180 142.72
-120 -100 -60 -60 145.688
-120 -100 -60 60 143.495
-120 -100 -60 180 143.604
-120 -100 60 -60 141.684
-120 -100 60 180 144.225
-120 -90 -60 -60 146.768
-120 -90 -60 60 144.412
-120 -90 -60 180 144.795
-120 -90 60 180 144.994
-120 -80 -60 -60 147.158
-120 -80 -60 60 144.888
-120 -80 -60 180 145.122
-120 -80 60 -60 143.661
-120 -80 60 180 146.103
-120 -70 -60 -60 147.856
-120 -70 -60 60 145.226
-120 -70 -60 180 145.528
-120 -70 60 -60 143.762
-120 -70 60 180 146.158
-120 -60 -60 -60 147.844
-120 -60 -60 60 145.268
-120 -60 -60 180 145.708
-120 -60 60 -60 143.819
-120 -60 60 180 146.385
-120 -50 -60 -60 147.875
-120 -50 -60 60 145.572
-120 -50 -60 180 145.753
-120 -50 60 -60 144.133
-120 -50 60 180 145.387
-120 -40 -60 -60 147.62
-120 -40 -60 60 145.414
-120 -40 -60 180 145.523
-120 -40 60 -60 144.012
-120 -40 60 60 146.894
-120 -40 60 180 146.372
-120 -30 -60 -60 147.02
-120 -30 -60 60 144.746
-120 -30 -60 180 144.972
-120 -30 60 -60 143.27
-120 -30 60 60 146.406
-120 -30 60 180 145.885
-120 -20 -60 -60 146.149
-120 -20 -60 60 144.131
-120 -20 -60 180 144.382
-120 -20 60 -60 142.437
-120 -20 60 60 145.207
-120 -20 60 180 145.155
-120 -10 -60 -60 145.183
-120 -10 -60 60 142.857
-120 -10 -60 180 142.943
-120 -10 60 -60 141.477
-120 -10 60 60 143.579
-120 -10 60 180 143.873
-120 0 -60 -60 143.659
-120 0 -60 60 141.472
-120 0 -60 180 141.717
-120 0 60 -60 139.967
-120 0 60 60 141.696
-120 0 60 180 142.373
-120 10 -60 -60 142.011
-120 10 -60 60 139.87
-120 10 -60 180 140.241
-120 10 60 -60 138.656
-120 10 60 60 140.113
-120 10 60 180 141.067
-120 20 -60 -60 140.498
-120 20 -60 60 138.571
-120 20 -60 180 138.705
-120 20 60 -60 137.216
-120 20 60 60 138.68
-120 20 60 180 139.425
-120 30 -60 -60 138.907
-120 30 -60 60 136.964
-120 30 -60 180 137.249
-120 30 60 -60 135.942
-120 30 60 60 137.46
-120 30 60 180 138.171
-120 40 -60 -60 138.257
-120 40 -60 60 135.951
-120 40 -60 180 136.272
-120 40 60 -60 134.919
-120 40 60 60 137.051
-120 40 60 180 137.342
-120 50 -60 -60 137.351
-120 50 -60 60 135.216
-120 50 -60 180 135.423
-120 50 60 -60 134.336
-120 50 60 60 137.237
-120 50 60 180 136.636
-120 60 -60 -60 136.687
-120 60 -60 60 134.457
-120 60 -60 180 134.748
-120 60 60 -60 133.876
-120 60 60 60 138.032
-120 60 60 180 136.046
-120 70 -60 -60 136.471
-120 70 -60 60 134.193
-120 70 -60 180 134.626
-120 70 60 -60 133.678
-120 70 60 60 139.176
-120 70 60 180 135.546
-120 80 -60 -60 136.56
-120 80 -60 60 134.204
-120 80 -60 180 134.33
-120 80 60 -60 133.43
-120 80 60 180 135.365
-120 90 -60 -60 136.453
-120 90 -60 60 133.999
-120 90 -60 180 134.218
-120 90 60 -60 133.058
-120 90 60 180 135.173
-120 100 -60 -60 136.34
-120 100 -60 60 133.919
-120 100 -60 180 134.355
-120 100 60 -60 132.857
-120 100 60 180 135.116
-120 110 -60 -60 136.236
-120 110 -60 60 133.819
-120 110 -60 180 134.101
-120 110 60 -60 132.787
-120 110 60 60 139.004
-120 110 60 180 134.781
-120 120 -60 -60 136.409
-120 120 -60 60 134.167
-120 120 -60 180 134.199
-120 120 60 -60 132.269
-120 120 60 60 137.194
-120 120 60 180 134.854
-120 130 -60 -60 136.551
-120 130 -60 60 134.109
-120 130 -60 180 134.364
-120 130 60 -60 132.319
-120 130 60 60 135.744
-120 130 60 180 135.083
-120 140 -60 -60 136.71
-120 140 -60 60 134.334
-120 140 -60 180 134.81
-120 140 60 -60 132.71
-120 140 60 60 135.167
-120 140 60 180 135.182
-120 150 -60 -60 137.031
-120 150 -60 60 134.685
-120 150 -60 180 134.943
-120 150 60 -60 133.013
-120 150 60 60 135.061
-120 150 60 180 135.544
-120 160 -60 -60 137.487
-120 160 -60 60 135.065
-120 160 -60 180 135.432
-120 160 60 -60 133.302
-120 160 60 60 134.838
-120 160 60 180 135.803
-120 170 -60 -60 137.935
-120 170 -60 60 135.498
-120 170 -60 180 135.673
-120 170 60 -60 133.836
-120 170 60 60 135.208
-120 170 60 180 136.222
-110 -180 -60 -60 138.056
-110 -180 -60 60 135.858
-110 -180 -60 180 136.114
-110 -180 60 -60 133.862
-110 -180 60 60 135.974
-110 -180 60 180 136.786
-110 -170 -60 -60 138.301
-110 -170 -60 60 136.468
-110 -170 -60 180 136.543
-110 -170 60 -60 134.434
-110 -170 60 60 136.843
-110 -170 60 180 137.198
-110 -140 -60 -60 140.698
-110 -140 -60 60 138.675
-110 -140 -60 180 138.911
-110 -140 60 -60 137.485
-110 -140 60 60 141.705
-110 -140 60 180 139.791
-110 -130 -60 -60 142.093
-110 -130 -60 60 140.081
-110 -130 -60 180 140.148
-110 -130 60 -60 138.289
-110 -130 60 180 140.897
-110 -120 -60 -60 143.264
-110 -120 -60 60 141.326
-110 -120 -60 180 141.496
-110 -120 60 -60 139.373
-110 -120 60 180 141.365
-110 -110 -60 -60 144.391
-110 -110 -60 60 142.571
-110 -110 -60 180 142.72
-110 -110 60 -60 140.219
-110 -110 60 180 142.963
-110 -100 -60 -60 145.461
-110 -100 -60 60 143.557
-110 -100 -60 180 143.704
-110 -100 60 -60 141.513
-110 -100 60 180 143.899
-110 -90 -60 -60 146.559
-110 -90 -60 60 144.288
-110 -90 -60 180 144.548
-110 -90 60 180 145.485
-110 -80 -60 -60 147.006
-110 -80 -60 60 144.543
-110 -80 -60 180 145.128
-110 -80 60 -60 143.495
-110 -80 60 180 145.936
-110 -70 -60 -60 147.223
-110 -70 -60 60 145.174
-110 -70 -60 180 145.344
-110 -70 60 -60 143.581
-110 -70 60 180 146.026
-110 -60 -60 -60 147.697
-110 -60 -60 60 145.305
-110 -60 -60 180 145.519
-110 -60 60 -60 143.58
-110 -60 60 180 146.132
-110 -50 -60 -60 147.443
-110 -50 -60 60 145.276
-110 -50 -60 180 145.636
-110 -50 60 -60 143.906
-110 -50 60 180 145.474
-110 -40 -60 -60 147.363
-110 -40 -60 60 145.259
-110 -40 -60 180 145.333
-110 -40 60 -60 143.376
-110 -40 60 60 146.86
-110 -40 60 180 146.256
-110 -30 -60 -60 146.966
-110 -30 -60 60 144.63
-110 -30 -60 180 145.025
-110 -30 60 -60 142.796
-110 -30 60 60 146.367
-110 -30 60 180 145.955
-110 -20 -60 -60 146.08
-110 -20 -60 60 144.0
-110 -20 -60 180 144.117
-110 -20 60 -60 142.098
-110 -20 60 60 145.35
-110 -20 60 180 145.079
-110 -10 -60 -60 144.832
-110 -10 -60 60 142.799
-110 -10 -60 180 143.044
-110 -10 60 -60 141.213
-110 -10 60 60 143.821
-110 -10 60 180 143.756
-110 0 -60 -60 143.66
-110 0 -60 60 141.385
-110 0 -60 180 141.567
-110 0 60 -60 139.832
-110 0 60 60 141.952
-110 0 60 180 142.464
-110 10 -60 -60 141.948
-110 10 -60 60 140.102
-110 10 -60 180 140.165
-110 10 60 -60 138.482
-110 10 60 60 140.173
-110 10 60 180 141.134
-110 20 -60 -60 140.493
-110 20 -60 60 138.395
-110 20 -60 180 138.777
-110 20 60 -60 137.053
-110 20 60 60 138.859
-110 20 60 180 139.837
-110 30 -60 -60 139.04
-110 30 -60 60 137.488
-110 30 -60 180 137.172
-110 30 60 -60 135.807
-110 30 60 60 137.605
-110 30 60 180 138.34
-110 40 -60 -60 138.116
-110 40 -60 60 136.155
-110 40 -60 180 136.448
-110 40 60 -60 135.037
-110 40 60 60 137.011
-110 40 60 180 137.231
-110 50 -60 -60 137.237
-110 50 -60 60 135.337
-110 50 -60 180 135.47
-110 50 60 -60 134.071
-110 50 60 60 137.459
-110 50 60 180 136.718
-110 60 -60 -60 136.597
-110 60 -60 60 134.803
-110 60 -60 180 135.033
-110 60 60 -60 133.631
-110 60 60 60 138.308
-110 60 60 180 136.388
-110 70 -60 -60 136.537
-110 70 -60 60 134.453
-110 70 -60 180 134.701
-110 70 60 -60 133.501
-110 70 60 60 139.493
-110 70 60 180 136.012
-110 80 -60 -60 136.334
-110 80 -60 60 134.293
-110 80 -60 180 134.474
-110 80 60 -60 132.872
-110 80 60 180 135.444
-110 90 -60 -60 136.288
-110 90 -60 60 134.044
-110 90 -60 180 134.049
-110 90 60 -60 132.961
-110 90 60 180 135.41
-110 100 -60 -60 136.049
-110 100 -60 60 133.727
-110 100 -60 180 134.15
-110 100 60 -60 132.542
-110 100 60 180 135.375
-110 110 -60 -60 135.987
-110 110 -60 60 134.047
-110 110 -60 180 134.064
-110 110 60 -60 132.28
-110 110 60 60 139.0
-110 110 60 180 134.87
-110 120 -60 -60 136.387
-110 120 -60 60 133.908
-110 120 -60 180 134.214
-110 120 60 -60 132.076
-110 120 60 60 137.238
-110 120 60 180 134.766
-110 130 -60 -60 136.279
-110 130 -60 60 134.22
-110 130 -60 180 134.322
-110 130 60 -60 132.264
-110 130 60 60 135.667
-110 130 60 180 135.028
-110 140 -60 -60 136.555
-110 140 -60 60 134.54
-110 140 -60 180 134.587
-110 140 60 -60 132.475
-110 140 60 60 135.342
-110 140 60 180 135.324
-110 150 -60 -60 136.829
-110 150 -60 60 134.702
-110 150 -60 180 134.824
-110 150 60 -60 132.67
-110 150 60 60 135.058
-110 150 60 180 135.422
-110 160 -60 -60 137.115
-110 160 -60 60 135.252
-110 160 -60 180 135.2
-110 160 60 -60 133.209
-110 160 60 60 135.08
-110 160 60 180 135.963
-110 170 -60 -60 137.545
-110 170 -60 60 135.395
-110 170 -60 180 135.66
-110 170 60 -60 133.613
-110 170 60 60 135.442
-110 170 60 180 136.275
-100 -180 -60 -60 137.88
-100 -180 -60 60 135.899
-100 -180 -60 180 136.285
-100 -180 60 -60 134.272
-100 -180 60 60 136.229
-100 -180 60 180 136.863
-100 -170 -60 -60 138.362
-100 -170 -60 60 136.62
-100 -170 -60 180 136.671
-100 -170 60 -60 134.732
-100 -170 60 60 137.041
-100 -170 60 180 137.516
-100 -160 -60 -60 139.026
-100 -160 -60 60 137.235
-100 -160 -60 180 137.328
-100 -160 60 -60 135.369
-100 -160 60 60 138.52
-100 -160 60 180 138.035
-100 -150 -60 -60 139.73
-100 -150 -60 60 137.746
-100 -150 -60 180 138.04
-100 -150 60 -60 136.423
-100 -150 60 60 140.093
-100 -150 60 180 139.175
-100 -140 -60 -60 140.679
-100 -140 -60 60 138.663
-100 -140 -60 180 139.109
-100 -140 60 -60 137.464
-100 -140 60 60 141.974
-100 -140 60 180 140.002
-100 -130 -60 -60 141.845
-100 -130 -60 60 140.115
-100 -130 -60 180 140.483
-100 -130 60 -60 138.37
-100 -130 60 180 141.112
-100 -120 -60 -60 143.16
-100 -120 -60 60 141.469
-100 -120 -60 180 141.375
-100 -120 60 -60 139.256
-100 -120 60 180 141.455
-100 -110 -60 -60 144.323
-100 -110 -60 60 142.518
-100 -110 -60 180 142.872
-100 -110 60 -60 140.247
-100 -110 60 180 143.004
-100 -100 -60 -60 145.474
-100 -100 -60 60 143.576
-100 -100 -60 180 143.692
-100 -100 60 -60 141.427
-100 -100 60 180 144.173
-100 -90 -60 -60 146.386
-100 -90 -60 60 144.364
-100 -90 -60 180 144.363
-100 -90 60 180 145.671
-100 -80 -60 -60 146.89
-100 -80 -60 60 144.963
-100 -80 -60 180 145.099
-100 -80 60 -60 143.28
-100 -80 60 180 145.814
-100 -70 -60 -60 146.996
-100 -70 -60 60 145.147
-100 -70 -60 180 145.343
-100 -70 60 -60 143.44
-100 -70 60 180 146.026
-100 -60 -60 -60 147.368
-100 -60 -60 60 145.283
-100 -60 -60 180 145.613
-100 -60 60 -60 143.528
-100 -60 60 180 146.247
-100 -50 -60 -60 147.244
-100 -50 -60 60 145.397
-100 -50 -60 180 145.54
-100 -50 60 -60 143.779
-100 -50 60 180 145.224
-100 -40 -60 -60 147.057
-100 -40 -60 60 144.931
-100 -40 -60 180 145.377
-100 -40 60 -60 143.126
-100 -40 60 60 146.903
-100 -40 60 180 146.275
-100 -30 -60 -60 146.6
-100 -30 -60 60 144.569
-100 -30 -60 180 144.8
-100 -30 60 -60 142.885
-100 -30 60 60 146.509
-100 -30 60 180 145.677
-100 -20 -60 -60 145.64
-100 -20 -60 60 143.922
-100 -20 -60 180 144.252
-100 -20 60 -60 142.001
-100 -20 60 60 145.389
-100 -20 60 180 145.001
-100 -10 -60 -60 144.878
-100 -10 -60 60 142.868
-100 -10 -60 180 143.366
-100 -10 60 -60 141.028
-100 -10 60 60 143.604
-100 -10 60 180 144.001
-100 0 -60 -60 143.533
-100 0 -60 60 141.635
-100 0 -60 180 141.701
-100 0 60 -60 139.803
-100 0 60 60 142.123
-100 0 60 180 142.717
-100 10 -60 -60 141.775
-100 10 -60 60 140.207
-100 10 -60 180 140.28
-100 10 60 -60 138.446
-100 10 60 60 140.382
-100 10 60 180 141.233
-100 20 -60 -60 140.524
-100 20 -60 60 138.653
-100 20 -60 180 138.693
-100 20 60 -60 137.084
-100 20 60 60 138.929
-100 20 60 180 139.714
-100 30 -60 -60 138.994
-100 30 -60 60 137.202
-100 30 -60 180 137.525
-100 30 60 -60 135.785
-100 30 60 60 137.523
-100 30 60 180 138.548
-100 40 -60 -60 137.806
-100 40 -60 60 136.008
-100 40 -60 180 136.448
-100 40 60 -60 134.583
-100 40 60 60 137.038
-100 40 60 180 137.484
-100 50 -60 -60 136.873
-100 50 -60 60 135.316
-100 50 -60 180 135.421
-100 50 60 -60 133.975
-100 50 60 60 137.286
-100 50 60 180 136.777
-100 60 -60 -60 136.467
-100 60 -60 60 134.6
-100 60 -60 180 134.755
-100 60 60 -60 133.647
-100 60 60 60 138.525
-100 60 60 180 135.974
-100 70 -60 -60 136.163
-100 70 -60 60 134.548
-100 70 -60 180 134.487
-100 70 60 -60 133.133
-100 70 60 60 139.538
-100 70 60 180 135.741
-100 80 -60 -60 136.097
-100 80 -60 60 134.309
-100 80 -60 180 134.215
-100 80 60 -60 132.911
-100 80 60 180 135.846
-100 90 -60 -60 135.99
-100 90 -60 60 134.204
-100 90 -60 180 134.102
-100 90 60 -60 132.96
-100 90 60 180 135.458
-100 100 -60 -60 135.902
-100 100 -60 60 134.045
-100 100 -60 180 134.037
-100 100 60 -60 132.514
-100 100 60 180 135.117
-100 110 -60 -60 135.968
-100 110 -60 60 133.884
-100 110 -60 180 134.179
-100 110 60 -60 132.198
-100 110 60 60 139.237
-100 110 60 180 134.878
-100 120 -60 -60 135.787
-100 120 -60 60 133.847
-100 120 -60 180 134.036
-100 120 60 -60 131.949
-100 120 60 60 137.249
-100 120 60 180 134.806
-100 130 -60 -60 136.174
-100 130 -60 60 134.015
-100 130 -60 180 134.265
-100 130 60 -60 132.05
-100 130 60 60 135.814
-100 130 60 180 134.963
-100 140 -60 -60 136.384
-100 140 -60 60 134.414
-100 140 -60 180 134.753
-100 140 60 -60 132.215
-100 140 60 60 135.33
-100 140 60 180 135.242
-100 150 -60 -60 136.687
-100 150 -60 60 134.749
-100 150 -60 180 134.847
-100 150 60 -60 132.8
-100 150 60 60 135.386
-100 150 60 180 135.632
-100 160 -60 -60 137.333
-100 160 -60 60 135.276
-100 160 -60 180 135.267
-100 160 60 -60 133.123
-100 160 60 60 135.261
-100 160 60 180 135.964
-100 170 -60 -60 137.695
-100 170 -60 60 135.587
-100 170 -60 180 135.932
-100 170 60 -60 133.605
-100 170 60 60 135.624
-100 170 60 180 136.474
-90 -180 -60 -60 138.096
-90 -180 -60 60 136.135
-90 -180 -60 180 136.431
-90 -180 60 -60 134.408
-90 -180 60 60 136.339
-90 -180 60 180 136.985
-90 -170 -60 -60 138.544
-90 -170 -60 60 136.561
-90 -170 -60 180 136.883
-90 -170 60 -60 134.822
-90 -170 60 60 137.106
-90 -170 60 180 137.676
-90 -160 -60 -60 138.948
-90 -160 -60 60 137.128
-90 -160 -60 180 137.314
-90 -160 60 -60 135.441
-90 -160 60 60 138.549
-90 -160 60 180 138.271
-90 -100 -60 -60 145.079
-90 -100 -60 60 143.409
-90 -100 -60 180 143.498
-90 -100 60 -60 141.284
-90 -100 60 180 144.054
-90 -90 -60 -60 145.867
-90 -90 -60 60 144.089
-90 -90 -60 180 144.406
-90 -90 60 180 145.653
-90 -80 -60 -60 146.365
-90 -80 -60 60 144.54
-90 -80 -60 180 144.705
-90 -80 60 -60 143.313
-90 -80 60 180 145.76
-90 -70 -60 -60 146.742
-90 -70 -60 60 144.871
-90 -70 -60 180 145.149
-90 -70 60 -60 143.54
-90 -70 60 180 145.898
-90 -60 -60 -60 147.056
-90 -60 -60 60 145.204
-90 -60 -60 180 145.467
-90 -60 60 -60 143.517
-90 -60 60 180 145.917
-90 -50 -60 -60 147.027
-90 -50 -60 60 145.305
-90 -50 -60 180 145.417
-90 -50 60 -60 143.781
-90 -50 60 180 145.374
-90 -40 -60 -60 146.772
-90 -40 -60 60 144.943
-90 -40 -60 180 145.149
-90 -40 60 -60 143.488
-90 -40 60 60 146.975
-90 -40 60 180 146.071
-90 -30 -60 -60 146.586
-90 -30 -60 60 144.676
-90 -30 -60 180 144.9
-90 -30 60 -60 142.828
-90 -30 60 60 146.404
-90 -30 60 180 145.796
-90 -20 -60 -60 145.768
-90 -20 -60 60 143.793
-90 -20 -60 180 144.023
-90 -20 60 -60 142.219
-90 -20 60 60 145.38
-90 -20 60 180 145.239
-90 -10 -60 -60 144.822
-90 -10 -60 60 143.019
-90 -10 -60 180 143.232
-90 -10 60 -60 141.349
-90 -10 60 60 143.942
-90 -10 60 180 144.001
-90 0 -60 -60 143.666
-90 0 -60 60 141.594
-90 0 -60 180 141.864
-90 0 60 -60 139.952
-90 0 60 60 142.248
-90 0 60 180 142.879
-90 10 -60 -60 141.96
-90 10 -60 60 140.116
-90 10 -60 180 140.231
-90 10 60 -60 138.667
-90 10 60 60 140.401
-90 10 60 180 141.566
-90 20 -60 -60 140.307
-90 20 -60 60 138.721
-90 20 -60 180 138.78
-90 20 60 -60 137.097
-90 20 60 60 138.665
-90 20 60 180 139.71
-90 30 -60 -60 138.816
-90 30 -60 60 136.903
-90 30 -60 180 137.207
-90 30 60 -60 134.819
-90 30 60 60 137.575
-90 30 60 180 138.158
-90 40 -60 -60 137.622
-90 40 -60 60 134.081
-90 40 -60 180 133.914
-90 40 60 -60 133.736
-90 40 60 60 135.434
-90 40 60 180 135.198
-90 50 -60 -60 134.306
-90 50 -60 60 133.984
-90 50 -60 180 133.202
-90 50 60 -60 132.808
-90 50 60 60 135.882
-90 50 60 180 134.206
-90 60 -60 -60 134.262
-90 60 -60 60 133.772
-90 60 -60 180 132.849
-90 60 60 -60 133.165
-90 60 60 60 137.318
-90 60 60 180 133.593
-90 70 -60 -60 135.687
-90 70 -60 60 134.007
-90 70 -60 180 134.225
-90 70 60 -60 132.861
-90 70 60 60 139.359
-90 70 60 180 135.498
-90 80 -60 -60 135.718
-90 80 -60 60 134.026
-90 80 -60 180 134.183
-90 80 60 -60 132.775
-90 80 60 180 135.44
-90 90 -60 -60 135.931
-90 90 -60 60 134.101
-90 90 -60 180 133.93
-90 90 60 -60 132.565
-90 90 60 180 135.311
-90 100 -60 -60 135.809
-90 100 -60 60 133.858
-90 100 -60 180 133.939
-90 100 60 -60 132.532
-90 100 60 180 135.045
-90 110 -60 -60 135.69
-90 110 -60 60 133.825
-90 110 -60 180 134.014
-90 110 60 -60 132.307
-90 110 60 60 139.2
-90 110 60 180 135.011
-90 120 -60 -60 135.497
-90 120 -60 60 133.596
-90 120 -60 180 133.914
-90 120 60 -60 131.97
-90 120 60 60 137.275
-90 120 60 180 134.596
-90 130 -60 -60 135.885
-90 130 -60 60 133.799
-90 130 -60 180 134.29
-90 130 60 -60 132.097
-90 130 60 60 135.902
-90 130 60 180 134.852
-90 140 -60 -60 136.454
-90 140 -60 60 134.197
-90 140 -60 180 134.641
-90 140 60 -60 132.494
-90 140 60 60 135.276
-90 140 60 180 135.357
-90 150 -60 -60 136.727
-90 150 -60 60 134.775
-90 150 -60 180 134.914
-90 150 60 -60 132.665
-90 150 60 60 135.358
-90 150 60 180 135.678
-90 160 -60 -60 137.082
-90 160 -60 60 135.373
-90 160 -60 180 135.326
-90 160 60 -60 133.306
-90 160 60 60 135.255
-90 160 60 180 136.011
-90 170 -60 -60 137.579
-90 170 -60 60 135.68
-90 170 -60 180 136.004
-90 170 60 -60 133.669
-90 170 60 60 135.637
-90 170 60 180 136.442
-80 -180 -60 -60 138.075
-80 -180 -60 60 136.055
-80 -180 -60 180 136.304
-80 -180 60 -60 134.367
-80 -180 60 60 136.264
-80 -180 60 180 137.035
-80 -170 -60 -60 138.239
-80 -170 -60 60 136.457
-80 -170 -60 180 136.714
-80 -170 60 -60 134.949
-80 -170 60 60 137.02
-80 -170 60 180 137.64
-80 -160 -60 -60 138.587
-80 -160 -60 60 136.836
-80 -160 -60 180 137.143
-80 -160 60 -60 135.534
-80 -160 60 60 138.313
-80 -160 60 180 138.304
-80 -100 -60 -60 144.409
-80 -100 -60 60 142.79
-80 -100 -60 180 143.162
-80 -100 60 -60 141.074
-80 -100 60 180 144.032
-80 -90 -60 -60 145.484
-80 -90 -60 60 143.735
-80 -90 -60 180 144.128
-80 -90 60 180 145.03
-80 -80 -60 -60 146.124
-80 -80 -60 60 144.154
-80 -80 -60 180 144.391
-80 -80 60 -60 143.357
-80 -80 60 180 145.65
-80 -70 -60 -60 146.61
-80 -70 -60 60 144.892
-80 -70 -60 180 145.078
-80 -70 60 -60 143.506
-80 -70 60 180 145.756
-80 -60 -60 -60 146.743
-80 -60 -60 60 144.978
-80 -60 -60 180 145.334
-80 -60 60 -60 143.75
-80 -60 60 180 145.935
-80 -50 -60 -60 146.94
-80 -50 -60 60 145.156
-80 -50 -60 180 145.387
-80 -50 60 -60 143.886
-80 -50 60 180 146.379
-80 -40 -60 -60 146.766
-80 -40 -60 60 144.766
-80 -40 -60 180 145.24
-80 -40 60 -60 143.677
-80 -40 60 60 146.898
-80 -40 60 180 146.221
-80 -30 -60 -60 146.559
-80 -30 -60 60 144.625
-80 -30 -60 180 144.746
-80 -30 60 -60 143.451
-80 -30 60 60 146.627
-80 -30 60 180 145.856
-80 -20 -60 -60 145.843
-80 -20 -60 60 143.759
-80 -20 -60 180 144.363
-80 -20 60 -60 142.522
-80 -20 60 60 145.455
-80 -20 60 180 145.278
-80 -10 -60 -60 144.783
-80 -10 -60 60 143.111
-80 -10 -60 180 143.365
-80 -10 60 -60 141.529
-80 -10 60 60 143.907
-80 -10 60 180 144.011
-80 0 -60 -60 143.532
-80 0 -60 60 141.711
-80 0 -60 180 141.856
-80 0 60 -60 140.378
-80 0 60 60 142.004
-80 0 60 180 142.709
-80 10 -60 -60 141.817
-80 10 -60 60 140.051
-80 10 -60 180 140.339
-80 10 60 -60 138.633
-80 10 60 60 140.271
-80 10 60 180 141.115
-80 20 -60 -60 140.076
-80 20 -60 60 136.968
-80 20 -60 180 136.271
-80 20 60 -60 136.464
-80 20 60 60 136.384
-80 20 60 180 137.626
-80 30 -60 -60 136.425
-80 30 -60 60 134.875
-80 30 -60 180 134.58
-80 30 60 -60 134.863
-80 30 60 60 135.096
-80 30 60 180 136.049
-80 40 -60 -60 134.978
-80 40 -60 60 134.481
-80 40 -60 180 133.311
-80 40 60 -60 133.384
-80 40 60 60 134.268
-80 40 60 180 134.885
-80 50 -60 -60 133.988
-80 50 -60 60 133.264
-80 50 -60 180 132.389
-80 50 60 -60 132.306
-80 50 60 60 135.151
-80 50 60 180 133.626
-80 60 -60 -60 134.017
-80 60 -60 60 132.67
-80 60 -60 180 131.839
-80 60 60 -60 132.753
-80 60 60 60 136.925
-80 60 60 180 133.597
-80 70 -60 -60 134.472
-80 70 -60 60 132.56
-80 70 -60 180 133.012
-80 70 60 -60 131.74
-80 70 60 60 138.17
-80 70 60 180 132.939
-80 80 -60 -60 135.45
-80 80 -60 60 133.661
-80 80 -60 180 134.026
-80 80 60 -60 132.814
-80 80 60 180 135.139
-80 90 -60 -60 135.507
-80 90 -60 60 133.85
-80 90 -60 180 133.876
-80 90 60 -60 132.837
-80 90 60 180 135.25
-80 100 -60 -60 135.607
-80 100 -60 60 133.664
-80 100 -60 180 133.787
-80 100 60 -60 132.497
-80 100 60 180 134.962
-80 110 -60 -60 135.466
-80 110 -60 60 133.602
-80 110 -60 180 133.755
-80 110 60 -60 132.395
-80 110 60 60 139.267
-80 110 60 180 134.83
-80 120 -60 -60 135.595
-80 120 -60 60 133.616
-80 120 -60 180 133.774
-80 120 60 -60 132.305
-80 120 60 60 137.09
-80 120 60 180 134.87
-80 130 -60 -60 135.874
-80 130 -60 60 133.79
-80 130 -60 180 133.938
-80 130 60 -60 132.545
-80 130 60 60 135.597
-80 130 60 180 134.931
-80 140 -60 -60 136.255
-80 140 -60 60 134.139
-80 140 -60 180 134.583
-80 140 60 -60 132.77
-80 140 60 60 135.599
-80 140 60 180 135.043
-80 150 -60 -60 136.533
-80 150 -60 60 134.76
-80 150 -60 180 134.886
-80 150 60 -60 132.906
-80 150 60 60 135.277
-80 150 60 180 135.655
-80 160 -60 -60 136.92
-80 160 -60 60 135.175
-80 160 -60 180 135.412
-80 160 60 -60 133.484
-80 160 60 60 135.423
-80 160 60 180 135.961
-80 170 -60 -60 137.405
-80 170 -60 60 135.734
-80 170 -60 180 136.004
-80 170 60 -60 133.922
-80 170 60 60 135.598
-80 170 60 180 136.528
-70 -180 -60 -60 137.486
-70 -180 -60 60 135.719
-70 -180 -60 180 136.262
-70 -180 60 -60 134.41
-70 -180 60 60 136.057
-70 -180 60 180 136.941
-70 -170 -60 -60 137.832
-70 -170 -60 60 135.896
-70 -170 -60 180 136.321
-70 -170 60 -60 134.877
-70 -170 60 60 136.795
-70 -170 60 180 137.222
-70 -90 -60 -60 144.927
-70 -90 -60 60 142.979
-70 -90 -60 180 143.568
-70 -90 60 180 144.492
-70 -80 -60 -60 145.948
-70 -80 -60 60 143.941
-70 -80 -60 180 144.442
-70 -80 60 -60 143.331
-70 -80 60 180 145.232
-70 -70 -60 -60 146.338
-70 -70 -60 60 144.263
-70 -70 -60 180 145.044
-70 -70 60 -60 143.602
-70 -70 60 180 146.097
-70 -60 -60 -60 146.698
-70 -60 -60 60 144.513
-70 -60 -60 180 145.249
-70 -60 60 -60 143.975
-70 -60 60 180 145.974
-70 -50 -60 -60 146.862
-70 -50 -60 60 144.905
-70 -50 -60 180 145.307
-70 -50 60 -60 144.103
-70 -50 60 180 146.515
-70 -40 -60 -60 146.777
-70 -40 -60 60 144.873
-70 -40 -60 180 145.195
-70 -40 60 -60 143.994
-70 -40 60 60 146.906
-70 -40 60 180 146.313
-70 -30 -60 -60 146.558
-70 -30 -60 60 144.266
-70 -30 -60 180 145.038
-70 -30 60 -60 143.679
-70 -30 60 60 146.623
-70 -30 60 180 146.082
-70 -20 -60 -60 145.657
-70 -20 -60 60 143.889
-70 -20 -60 180 144.233
-70 -20 60 -60 143.131
-70 -20 60 60 145.48
-70 -20 60 180 145.408
-70 -10 -60 -60 144.713
-70 -10 -60 60 142.632
-70 -10 -60 180 143.171
-70 -10 60 -60 141.991
-70 -10 60 60 143.73
-70 -10 60 180 144.004
-70 0 -60 -60 143.401
-70 0 -60 60 141.323
-70 0 -60 180 141.643
-70 0 60 -60 140.505
-70 0 60 60 141.778
-70 0 60 180 142.608
-70 10 -60 -60 139.824
-70 10 -60 60 138.286
-70 10 -60 180 138.028
-70 10 60 -60 138.327
-70 10 60 60 138.138
-70 10 60 180 139.227
-70 20 -60 -60 137.454
-70 20 -60 60 136.279
-70 20 -60 180 135.798
-70 20 60 -60 136.208
-70 20 60 60 135.914
-70 20 60 180 137.035
-70 30 -60 -60 135.764
-70 30 -60 60 134.199
-70 30 -60 180 134.212
-70 30 60 -60 134.342
-70 30 60 60 134.427
-70 30 60 180 135.352
-70 40 -60 -60 134.561
-70 40 -60 60 133.649
-70 40 -60 180 132.872
-70 40 60 -60 133.172
-70 40 60 60 133.749
-70 40 60 180 134.109
-70 50 -60 -60 133.261
-70 50 -60 60 132.438
-70 50 -60 180 131.808
-70 50 60 -60 132.686
-70 50 60 60 133.795
-70 50 60 180 133.417
-70 60 -60 -60 132.815
-70 60 -60 60 131.889
-70 60 -60 180 131.426
-70 60 60 -60 131.809
-70 60 60 60 135.726
-70 60 60 180 132.812
-70 70 -60 -60 133.629
-70 70 -60 60 132.92
-70 70 -60 180 132.344
-70 70 60 -60 132.244
-70 70 60 60 136.566
-70 70 60 180 133.561
-70 80 -60 -60 134.859
-70 80 -60 60 133.165
-70 80 -60 180 133.589
-70 80 60 -60 132.611
-70 80 60 180 134.767
-70 90 -60 -60 135.254
-70 90 -60 60 133.336
-70 90 -60 180 133.49
-70 90 60 -60 132.882
-70 90 60 180 134.89
-70 100 -60 -60 135.152
-70 100 -60 60 133.299
-70 100 -60 180 133.525
-70 100 60 -60 132.522
-70 100 60 180 134.722
-70 110 -60 -60 135.156
-70 110 -60 60 133.145
-70 110 -60 180 133.687
-70 110 60 -60 132.573
-70 110 60 60 138.909
-70 110 60 180 134.531
-70 120 -60 -60 135.362
-70 120 -60 60 133.464
-70 120 -60 180 133.732
-70 120 60 -60 132.295
-70 120 60 60 136.87
-70 120 60 180 134.602
-70 130 -60 -60 135.766
-70 130 -60 60 133.767
-70 130 -60 180 133.949
-70 130 60 -60 132.574
-70 130 60 60 135.685
-70 130 60 180 135.021
-70 140 -60 -60 136.147
-70 140 -60 60 134.086
-70 140 -60 180 134.506
-70 140 60 -60 132.787
-70 140 60 60 135.328
-70 140 60 180 135.049
-70 150 -60 -60 136.377
-70 150 -60 60 134.576
-70 150 -60 180 134.799
-70 150 60 -60 133.044
-70 150 60 60 135.322
-70 150 60 180 135.533
-70 160 -60 -60 136.938
-70 160 -60 60 134.89
-70 160 -60 180 135.303
-70 160 60 -60 133.83
-70 160 60 60 135.291
-70 160 60 180 136.122
-70 170 -60 -60 137.412
-70 170 -60 60 135.477
-70 170 -60 180 135.999
-70 170 60 -60 134.204
-70 170 60 60 135.406
-70 170 60 180 136.434
-60 -180 -60 -60 137.171
-60 -180 -60 60 135.083
-60 -180 -60 180 135.669
-60 -180 60 -60 134.245
-60 -180 60 60 135.318
-60 -180 60 180 136.19
-60 -170 -60 -60 137.119
-60 -170 -60 60 134.865
-60 -170 -60 180 135.645
-60 -170 60 -60 134.534
-60 -170 60 60 136.089
-60 -170 60 180 136.399
-60 -80 -60 -60 145.67
-60 -80 -60 60 143.548
-60 -80 -60 180 144.132
-60 -80 60 -60 143.399
-60 -80 60 180 144.97
-60 -70 -60 -60 146.355
-60 -70 -60 60 144.156
-60 -70 -60 180 144.815
-60 -70 60 -60 143.835
-60 -70 60 180 146.836
-60 -60 -60 -60 146.67
-60 -60 -60 60 144.749
-60 -60 -60 180 145.206
-60 -60 60 -60 144.379
-60 -60 60 180 145.959
-60 -50 -60 -60 146.869
-60 -50 -60 60 144.734
-60 -50 -60 180 145.286
-60 -50 60 -60 144.657
-60 -50 60 180 146.303
-60 -40 -60 -60 146.879
-60 -40 -60 60 144.59
-60 -40 -60 180 145.15
-60 -40 60 -60 144.595
-60 -40 60 60 147.051
-60 -40 60 180 146.422
-60 -30 -60 -60 146.493
-60 -30 -60 60 144.384
-60 -30 -60 180 144.911
-60 -30 60 -60 144.036
-60 -30 60 60 146.6
-60 -30 60 180 146.075
-60 -20 -60 -60 145.834
-60 -20 -60 60 143.625
-60 -20 -60 180 144.056
-60 -20 60 -60 143.111
-60 -20 60 60 145.072
-60 -20 60 180 145.104
-60 -10 -60 -60 144.329
-60 -10 -60 60 141.538
-60 -10 -60 180 141.266
-60 -10 60 -60 142.046
-60 -10 60 60 143.339
-60 -10 60 180 142.497
-60 0 -60 -60 141.302
-60 0 -60 60 139.829
-60 0 -60 180 139.684
-60 0 60 -60 140.329
-60 0 60 60 139.962
-60 0 60 180 140.893
-60 10 -60 -60 139.304
-60 10 -60 60 137.859
-60 10 -60 180 137.696
-60 10 60 -60 138.489
-60 10 60 60 137.829
-60 10 60 180 138.914
-60 40 -60 -60 135.686
-60 40 -60 60 133.498
-60 40 -60 180 134.27
-60 40 60 -60 133.525
-60 40 60 60 135.061
-60 40 60 180 135.339
-60 50 -60 -60 134.272
-60 50 -60 60 132.326
-60 50 -60 180 133.112
-60 50 60 -60 132.372
-60 50 60 60 135.066
-60 50 60 180 134.01
-60 60 -60 -60 133.591
-60 60 -60 60 131.379
-60 60 -60 180 132.111
-60 60 60 -60 131.613
-60 60 60 60 135.636
-60 60 60 180 133.41
-60 70 -60 -60 133.659
-60 70 -60 60 131.66
-60 70 -60 180 132.059
-60 70 60 -60 131.796
-60 70 60 60 137.493
-60 70 60 180 133.449
-60 80 -60 -60 134.224
-60 80 -60 60 132.232
-60 80 -60 180 132.621
-60 80 60 -60 132.215
-60 80 60 180 134.127
-60 90 -60 -60 134.681
-60 90 -60 60 132.651
-60 90 -60 180 133.122
-60 90 60 -60 132.542
-60 90 60 180 134.398
-60 100 -60 -60 134.75
-60 100 -60 60 132.81
-60 100 -60 180 133.175
-60 100 60 -60 132.767
-60 100 60 180 134.303
-60 110 -60 -60 134.932
-60 110 -60 60 132.683
-60 110 -60 180 133.48
-60 110 60 -60 132.674
-60 110 60 60 138.512
-60 110 60 180 134.39
-60 120 -60 -60 135.066
-60 120 -60 60 132.996
-60 120 -60 180 133.639
-60 120 60 -60 132.798
-60 120 60 60 136.63
-60 120 60 180 134.514
-60 130 -60 -60 135.622
-60 130 -60 60 133.281
-60 130 -60 180 133.882
-60 130 60 -60 132.868
-60 130 60 60 135.19
-60 130 60 180 134.826
-60 140 -60 -60 135.948
-60 140 -60 60 133.702
-60 140 -60 180 134.416
-60 140 60 -60 133.078
-60 140 60 60 134.941
-60 140 60 180 135.148
-60 150 -60 -60 136.192
-60 150 -60 60 134.252
-60 150 -60 180 134.757
-60 150 60 -60 133.651
-60 150 60 60 134.857
-60 150 60 180 135.372
-60 160 -60 -60 136.874
-60 160 -60 60 134.732
-60 160 -60 180 135.109
-60 160 60 -60 134.02
-60 160 60 60 134.968
-60 160 60 180 135.932
-60 170 -60 -60 137.092
-60 170 -60 60 134.859
-60 170 -60 180 135.3
-60 170 60 -60 133.989
-60 170 60 60 134.971
-60 170 60 180 136.177
-50 -80 -60 -60 145.516
-50 -80 -60 60 143.105
-50 -80 -60 180 144.068
-50 -80 60 -60 143.55
-50 -80 60 180 144.851
-50 -70 -60 -60 146.399
-50 -70 -60 60 143.91
-50 -70 -60 180 144.765
-50 -70 60 -60 144.175
-50 -70 60 180 145.77
-50 -60 -60 -60 146.969
-50 -60 -60 60 144.496
-50 -60 -60 180 145.395
-50 -60 60 -60 144.606
-50 -60 60 180 145.784
-50 -50 -60 -60 146.794
-50 -50 -60 60 144.589
-50 -50 -60 180 145.36
-50 -50 60 -60 144.845
-50 -50 60 180 146.334
-50 -40 -60 -60 146.859
-50 -40 -60 60 144.373
-50 -40 -60 180 145.311
-50 -40 60 -60 144.493
-50 -40 60 60 147.185
-50 -40 60 180 146.243
-50 -30 -60 -60 146.113
-50 -30 -60 60 143.898
-50 -30 -60 180 144.659
-50 -30 60 -60 143.787
-50 -30 60 60 145.964
-50 -30 60 180 145.618
-50 -20 -60 -60 144.033
-50 -20 -60 60 142.715
-50 -20 -60 180 142.271
-50 -20 60 -60 143.074
-50 -20 60 60 143.448
-50 -20 60 180 143.473
-50 -10 -60 -60 142.686
-50 -10 -60 60 140.627
-50 -10 -60 180 140.998
-50 -10 60 -60 141.8
-50 -10 60 60 141.683
-50 -10 60 180 142.194
-50 100 -60 -60 134.511
-50 100 -60 60 132.027
-50 100 -60 180 133.03
-50 100 60 -60 132.494
-50 100 60 180 134.26
-50 110 -60 -60 134.662
-50 110 -60 60 132.399
-50 110 -60 180 132.979
-50 110 60 -60 132.732
-50 110 60 60 138.278
-50 110 60 180 134.072
-50 120 -60 -60 134.883
-50 120 -60 60 132.483
-50 120 -60 180 133.267
-50 120 60 -60 132.715
-50 120 60 60 136.094
-50 120 60 180 134.21
-50 130 -60 -60 135.129
-50 130 -60 60 132.759
-50 130 -60 180 133.594
-50 130 60 -60 132.681
-50 130 60 60 135.1
-50 130 60 180 134.519
-50 140 -60 -60 135.607
-50 140 -60 60 133.166
-50 140 -60 180 133.999
-50 140 60 -60 133.103
-50 140 60 60 134.644
-50 140 60 180 134.673
-50 150 -60 -60 135.884
-50 150 -60 60 133.672
-50 150 -60 180 134.434
-50 150 60 -60 133.205
-50 150 60 60 134.444
-50 150 60 180 134.915
-50 160 -60 -60 135.964
-50 160 -60 60 133.769
-50 160 -60 180 134.725
-50 160 60 -60 133.648
-50 160 60 60 134.367
-50 160 60 180 135.376
-50 170 -60 -60 136.128
-50 170 -60 60 134.155
-50 170 -60 180 134.895
-50 170 60 -60 133.653
-50 170 60 60 134.452
-50 170 60 180 135.351
-40 -80 -60 -60 145.67
-40 -80 -60 60 143.101
-40 -80 -60 180 144.009
-40 -80 60 -60 143.92
-40 -80 60 180 144.94
-40 -70 -60 -60 146.315
-40 -70 -60 60 144.012
-40 -70 -60 180 145.063
-40 -70 60 -60 144.647
-40 -70 60 180 146.257
-40 -60 -60 -60 146.687
-40 -60 -60 60 144.317
-40 -60 -60 180 145.322
-40 -60 60 -60 144.668
-40 -60 60 180 145.835
-40 -50 -60 -60 146.711
-40 -50 -60 60 144.087
-40 -50 -60 180 145.133
-40 -50 60 -60 144.766
-40 -50 60 180 146.215
-40 -40 -60 -60 146.222
-40 -40 -60 60 143.756
-40 -40 -60 180 144.711
-40 -40 60 -60 144.384
-40 -40 60 60 146.627
-40 -40 60 180 145.951
-40 -30 -60 -60 144.695
-40 -30 -60 60 143.351
-40 -30 -60 180 142.884
-40 -30 60 -60 143.425
-40 -30 60 60 144.079
-40 -30 60 180 144.001
-40 -20 -60 -60 143.573
-40 -20 -60 60 141.712
-40 -20 -60 180 141.938
-40 -20 60 -60 142.588
-40 -20 60 60 142.776
-40 -20 60 180 143.147
-40 100 -60 -60 134.177
-40 100 -60 60 131.609
-40 100 -60 180 132.607
-40 100 60 -60 132.567
-40 100 60 180 133.627
-40 110 -60 -60 134.19
-40 110 -60 60 131.767
-40 110 -60 180 132.545
-40 110 60 -60 132.441
-40 110 60 60 137.65
-40 110 60 180 133.554
-40 120 -60 -60 134.425
-40 120 -60 60 132.075
-40 120 -60 180 132.757
-40 120 60 -60 132.408
-40 120 60 60 135.724
-40 120 60 180 133.799
-40 130 -60 -60 134.711
-40 130 -60 60 132.18
-40 130 -60 180 133.073
-40 130 60 -60 132.579
-40 130 60 60 134.398
-40 130 60 180 134.084
-40 140 -60 -60 134.906
-40 140 -60 60 132.295
-40 140 -60 180 133.511
-40 140 60 -60 132.768
-40 140 60 60 134.027
-40 140 60 180 134.218
-40 150 -60 -60 135.342
-40 150 -60 60 132.854
-40 150 -60 180 133.688
-40 150 60 -60 133.16
-40 150 60 60 133.766
-40 150 60 180 134.486
-40 160 -60 -60 135.584
-40 160 -60 60 132.889
-40 160 -60 180 133.918
-40 160 60 -60 133.298
-40 160 60 60 133.746
-40 160 60 180 134.642
-30 -70 -60 -60 146.175
-30 -70 -60 60 143.873
-30 -70 -60 180 144.854
-30 -70 60 -60 144.465
-30 -70 60 180 145.619
-30 -60 -60 -60 146.471
-30 -60 -60 60 143.791
-30 -60 -60 180 144.978
-30 -60 60 -60 144.508
-30 -60 60 180 145.282
-30 -50 -60 -60 146.168
-30 -50 -60 60 143.407
-30 -50 -60 180 144.605
-30 -50 60 -60 144.34
-30 -50 60 180 145.555
30 60 -60 -60 134.202
30 60 -60 60 132.807
30 60 -60 180 132.798
30 60 60 -60 132.349
30 60 60 60 135.632
30 60 60 180 133.553
30 70 -60 -60 133.934
30 70 -60 60 132.222
30 70 -60 180 132.339
30 70 60 -60 132.034
30 70 60 180 132.955
30 80 -60 -60 133.639
30 80 -60 60 132.11
30 80 -60 180 131.95
30 80 60 -60 131.653
30 80 60 180 132.804
40 -140 -60 -60 138.415
40 -140 -60 60 136.9
40 -140 -60 180 136.917
40 -140 60 -60 136.407
40 -140 60 60 138.721
40 -140 60 180 137.25
40 -130 -60 -60 139.533
40 -130 -60 60 138.215
40 -130 -60 180 138.215
40 -130 60 -60 137.517
40 -130 60 180 138.291
40 20 -60 -60 138.649
40 20 -60 60 137.092
40 20 -60 180 136.933
40 20 60 -60 135.92
40 20 60 60 136.084
40 20 60 180 137.021
40 30 -60 -60 136.655
40 30 -60 60 134.627
40 30 -60 180 134.578
40 30 60 -60 135.422
40 30 60 60 137.45
40 30 60 180 135.528
40 40 -60 -60 135.54
40 40 -60 60 134.083
40 40 -60 180 134.226
40 40 60 -60 134.001
40 40 60 60 134.322
40 40 60 180 134.736
40 50 -60 -60 134.744
40 50 -60 60 133.313
40 50 -60 180 133.229
40 50 60 -60 133.18
40 50 60 60 134.5
40 50 60 180 133.844
40 60 -60 -60 134.196
40 60 -60 60 132.661
40 60 -60 180 132.547
40 60 60 -60 132.682
40 60 60 60 135.251
40 60 60 180 133.409
40 70 -60 -60 133.92
40 70 -60 60 132.416
40 70 -60 180 132.331
40 70 60 -60 132.086
40 70 60 180 132.934
40 80 -60 -60 133.693
40 80 -60 60 132.046
40 80 -60 180 132.121
40 80 60 -60 131.874
40 80 60 180 132.716
50 -140 -60 -60 138.327
50 -140 -60 60 136.999
50 -140 -60 180 136.889
50 -140 60 60 139.438
50 -140 60 180 137.337
50 -130 -60 -60 139.775
50 -130 -60 60 138.451
50 -130 -60 180 138.105
50 -130 60 180 138.486
50 -120 -60 -60 141.209
50 -120 -60 60 139.727
50 -120 -60 180 139.672
50 -120 60 180 139.507
50 10 -60 -60 139.641
50 10 -60 60 137.526
50 10 -60 180 137.518
50 10 60 60 137.207
50 10 60 180 138.35
50 20 -60 -60 137.846
50 20 -60 60 135.946
50 20 -60 180 135.853
50 20 60 60 135.508
50 20 60 180 136.95
50 30 -60 -60 136.746
50 30 -60 60 135.158
50 30 -60 180 134.97
50 30 60 60 135.169
50 30 60 180 135.991
50 40 -60 -60 135.517
50 40 -60 60 134.233
50 40 -60 180 133.945
50 40 60 60 134.808
50 40 60 180 134.928
50 50 -60 -60 134.96
50 50 -60 60 133.441
50 50 -60 180 133.326
50 50 60 60 135.156
50 50 60 180 134.315
50 60 -60 -60 134.413
50 60 -60 60 133.015
50 60 -60 180 132.807
50 60 60 60 135.904
50 60 60 180 133.756
50 70 -60 -60 133.963
50 70 -60 60 132.557
50 70 -60 180 132.315
50 70 60 180 133.444
50 80 -60 -60 133.882
50 80 -60 60 132.169
50 80 -60 180 132.216
50 80 60 180 133.15
50 90 -60 -60 133.621
50 90 -60 60 132.03
50 90 -60 180 131.908
50 90 60 180 132.963
50 100 -60 -60 133.534
50 100 -60 60 132.241
50 100 -60 180 131.984
50 100 60 180 132.661
50 110 -60 -60 133.75
50 110 -60 60 131.926
50 110 -60 180 132.151
50 110 60 180 132.192
50 120 -60 -60 133.833
50 120 -60 60 132.076
50 120 -60 180 131.902
50 120 60 180 132.377
50 130 -60 -60 133.985
50 130 -60 60 132.205
50 130 -60 180 132.236
50 130 60 60 133.064
50 130 60 180 132.497
50 140 -60 -60 134.364
50 140 -60 60 132.574
50 140 -60 180 132.374
50 140 60 60 132.775
50 140 60 180 132.924
50 150 -60 -60 134.456
50 150 -60 60 132.805
50 150 -60 180 132.835
50 150 60 60 132.386
50 150 60 180 132.933
50 160 -60 -60 134.787
50 160 -60 60 133.293
50 160 -60 180 133.048
50 160 60 60 132.172
50 160 60 180 133.311
50 170 -60 -60 135.275
50 170 -60 60 133.784
50 170 -60 180 133.321
50 170 60 60 132.149
50 170 60 180 133.839
60 -180 -60 -60 135.435
60 -180 -60 60 133.93
60 -180 -60 180 133.906
60 -180 60 60 133.787
60 -180 60 180 134.679
60 -170 -60 -60 135.969
60 -170 -60 60 134.542
60 -170 -60 180 134.371
60 -170 60 60 134.878
60 -170 60 180 135.516
60 -140 -60 -60 138.58
60 -140 -60 60 137.174
60 -140 -60 180 137.232
60 -140 60 60 140.18
60 -140 60 180 138.704
60 -130 -60 -60 140.144
60 -130 -60 60 138.765
60 -130 -60 180 138.392
60 -130 60 180 139.63
60 -120 -60 -60 141.481
60 -120 -60 60 140.212
60 -120 -60 180 140.032
60 -120 60 180 140.395
60 -110 -60 -60 142.991
60 -110 -60 60 141.352
60 -110 -60 180 141.483
60 -110 60 180 141.667
60 -80 -60 -60 145.247
60 -80 -60 60 143.784
60 -80 -60 180 143.607
60 -80 60 180 145.095
60 -70 -60 -60 145.533
60 -70 -60 60 143.971
60 -70 -60 180 144.056
60 -70 60 180 143.773
60 -60 -60 -60 145.54
60 -60 -60 60 143.868
60 -60 -60 180 143.928
60 -60 60 180 145.467
60 -50 -60 -60 145.492
60 -50 -60 60 143.687
60 -50 -60 180 143.804
60 -50 60 180 144.931
60 -40 -60 -60 145.076
60 -40 -60 60 143.449
60 -40 -60 180 143.534
60 -40 60 180 143.335
60 -30 -60 -60 144.863
60 -30 -60 60 143.015
60 -30 -60 180 143.034
60 -30 60 180 143.775
60 -20 -60 -60 143.991
60 -20 -60 60 142.389
60 -20 -60 180 142.29
60 -20 60 60 142.951
60 -20 60 180 143.222
60 -10 -60 -60 142.843
60 -10 -60 60 140.772
60 -10 -60 180 141.042
60 -10 60 60 141.512
60 -10 60 180 141.929
60 0 -60 -60 141.059
60 0 -60 60 139.171
60 0 -60 180 139.164
60 0 60 60 139.518
60 0 60 180 140.669
60 10 -60 -60 139.41
60 10 -60 60 137.78
60 10 -60 180 137.433
60 10 60 60 140.108
60 10 60 180 139.128
60 20 -60 -60 138.166
60 20 -60 60 136.728
60 20 -60 180 136.591
60 20 60 60 136.728
60 20 60 180 137.948
60 30 -60 -60 136.877
60 30 -60 60 135.345
60 30 -60 180 135.343
60 30 60 60 135.909
60 30 60 180 136.692
60 40 -60 -60 135.754
60 40 -60 60 134.486
60 40 -60 180 134.293
60 40 60 60 135.418
60 40 60 180 136.0
60 50 -60 -60 135.21
60 50 -60 60 133.562
60 50 -60 180 133.589
60 50 60 60 135.688
60 50 60 180 135.229
60 60 -60 -60 134.567
60 60 -60 60 133.21
60 60 -60 180 133.008
60 60 60 180 134.787
60 70 -60 -60 134.379
60 70 -60 60 132.733
60 70 -60 180 132.698
60 70 60 180 134.242
60 80 -60 -60 133.771
60 80 -60 60 132.33
60 80 -60 180 132.401
60 80 60 180 133.885
60 90 -60 -60 133.674
60 90 -60 60 132.01
60 90 -60 180 132.123
60 90 60 180 133.602
60 100 -60 -60 133.469
60 100 -60 60 132.028
60 100 -60 180 131.752
60 100 60 180 133.272
60 110 -60 -60 133.231
60 110 -60 60 131.765
60 110 -60 180 131.718
60 110 60 180 133.037
60 120 -60 -60 133.413
60 120 -60 60 131.616
60 120 -60 180 131.425
60 120 60 180 132.756
60 130 -60 -60 133.652
60 130 -60 60 131.899
60 130 -60 180 131.741
60 130 60 60 133.537
60 130 60 180 132.622
60 140 -60 -60 133.664
60 140 -60 60 132.022
60 140 -60 180 131.958
60 140 60 60 132.718
60 140 60 180 132.686
60 150 -60 -60 133.972
60 150 -60 60 132.587
60 150 -60 180 132.497
60 150 60 60 132.528
60 150 60 180 133.27
60 160 -60 -60 134.422
60 160 -60 60 133.02
60 160 -60 180 132.806
60 160 60 60 132.763
60 160 60 180 133.654
60 170 -60 -60 135.12
60 170 -60 60 133.27
60 170 -60 180 133.423
60 170 60 60 133.04
60 170 60 180 134.222
70 -120 -60 -60 142.237
70 -120 -60 60 140.714
70 -120 -60 180 140.62
70 -110 -60 -60 143.503
70 -110 -60 60 141.791
70 -110 -60 180 141.652
70 -100 -60 -60 144.368
70 -100 -60 60 142.876
70 -100 -60 180 142.788
70 -90 -60 -60 144.962
70 -90 -60 60 143.304
70 -90 -60 180 143.365
70 -80 -60 -60 145.446
70 -80 -60 60 143.704
70 -80 -60 180 143.818
70 -70 -60 -60 145.365
70 -70 -60 60 143.792
70 -70 -60 180 143.852
70 -60 -60 -60 145.636
70 -60 -60 60 143.668
70 -60 -60 180 143.984
70 -50 -60 -60 145.705
70 -50 -60 60 143.881
70 -50 -60 180 143.889
70 -40 -60 -60 145.594
70 -40 -60 60 143.399
70 -40 -60 180 143.45
70 -30 -60 -60 145.149
70 -30 -60 60 142.908
70 -30 -60 180 143.348
70 -20 -60 -60 144.324
70 -20 -60 60 142.194
70 -20 -60 180 142.238
70 -10 -60 -60 142.969
70 -10 -60 60 140.904
70 -10 -60 180 140.919
70 0 -60 -60 141.442
70 0 -60 60 139.977
70 0 -60 180 140.015
70 10 -60 -60 140.175
70 10 -60 60 138.572
70 10 -60 180 138.613
70 20 -60 -60 138.688
70 20 -60 60 136.892
70 20 -60 180 137.138
70 30 -60 -60 137.535
70 30 -60 60 135.822
70 30 -60 180 135.912
70 40 -60 -60 136.472
70 40 -60 60 134.654
70 40 -60 180 134.937
70 50 -60 -60 135.676
70 50 -60 60 133.947
70 50 -60 180 134.052
70 60 -60 -60 135.079
70 60 -60 60 133.321
70 60 -60 180 133.584
70 70 -60 -60 134.487
70 70 -60 60 133.042
70 70 -60 180 133.016
70 80 -60 -60 134.068
70 80 -60 60 132.644
70 80 -60 180 132.471
70 90 -60 -60 133.973
70 90 -60 60 132.092
70 90 -60 180 132.381
70 100 -60 -60 133.334
70 100 -60 60 131.702
70 100 -60 180 131.77
70 110 -60 -60 133.419
70 110 -60 60 131.731
70 110 -60 180 131.602
70 120 -60 -60 133.419
70 120 -60 60 131.597
70 120 -60 180 131.39
70 130 -60 -60 133.519
70 130 -60 60 131.606
70 130 -60 180 131.532
70 140 -60 -60 133.762
70 140 -60 60 132.129
70 140 -60 180 132.028
80 -120 -60 -60 142.757
80 -120 -60 60 140.978
80 -120 -60 180 141.623
80 -110 -60 -60 144.193
80 -110 -60 60 142.345
80 -110 -60 180 142.586
80 -100 -60 -60 145.027
80 -100 -60 60 143.267
80 -100 -60 180 143.623
80 -90 -60 -60 145.615
80 -90 -60 60 143.639
80 -90 -60 180 143.95
80 -80 -60 -60 145.986
80 -80 -60 60 144.188
80 -80 -60 180 144.428
80 -70 -60 -60 145.89
80 -70 -60 60 144.038
80 -70 -60 180 144.421
80 -60 -60 -60 146.217
80 -60 -60 60 143.642
80 -60 -60 180 144.648
80 -50 -60 -60 145.889
80 -50 -60 60 143.633
80 -50 -60 180 144.1
80 -40 -60 -60 145.494
80 -40 -60 60 143.622
80 -40 -60 180 143.817
80 -30 -60 -60 145.241
80 -30 -60 60 143.54
80 -30 -60 180 143.411
80 -20 -60 -60 144.582
80 -20 -60 60 142.891
80 -20 -60 180 143.183
80 -10 -60 -60 143.485
80 -10 -60 60 141.856
80 -10 -60 180 142.186
80 0 -60 -60 142.26
80 0 -60 60 140.481
80 0 -60 180 140.776
80 10 -60 -60 140.996
80 10 -60 60 138.823
80 10 -60 180 139.293
80 20 -60 -60 139.323
80 20 -60 60 137.769
80 20 -60 180 138.016
80 30 -60 -60 138.306
80 30 -60 60 136.353
80 30 -60 180 136.702
80 40 -60 -60 137.172
80 40 -60 60 135.324
80 40 -60 180 135.771
80 50 -60 -60 136.248
80 50 -60 60 134.398
80 50 -60 180 134.82
80 60 -60 -60 135.705
80 60 -60 60 133.847
80 60 -60 180 134.104
80 70 -60 -60 135.315
80 70 -60 60 133.132
80 70 -60 180 133.745
80 80 -60 -60 134.692
80 80 -60 60 132.911
80 80 -60 180 133.167
80 90 -60 -60 134.42
80 90 -60 60 132.538
80 90 -60 180 132.561
80 100 -60 -60 134.036
80 100 -60 60 132.153
80 100 -60 180 132.356
80 110 -60 -60 133.893
80 110 -60 60 131.959
80 110 -60 180 132.034
80 120 -60 -60 133.717
80 120 -60 60 131.877
80 120 -60 180 132.054
90 -110 -60 -60 144.717
90 -110 -60 60 142.771
90 -110 -60 180 143.205
90 -100 -60 -60 145.843
90 -100 -60 60 143.665
90 -100 -60 180 144.241
90 -90 -60 -60 146.257
90 -90 -60 60 144.161
90 -90 -60 180 144.682
90 -80 -60 -60 146.688
90 -80 -60 60 144.514
90 -80 -60 180 144.954
90 -70 -60 -60 146.548
90 -70 -60 60 144.552
90 -70 -60 180 145.014
90 -60 -60 -60 146.664
90 -60 -60 60 144.451
90 -60 -60 180 144.986
90 -50 -60 -60 146.699
90 -50 -60 60 144.62
90 -50 -60 180 144.921
90 -40 -60 -60 146.394
90 -40 -60 60 144.428
90 -40 -60 180 145.011
90 -30 -60 -60 146.153
90 -30 -60 60 144.097
90 -30 -60 180 144.504
90 -20 -60 -60 145.695
90 -20 -60 60 143.137
90 -20 -60 180 143.809
90 -10 -60 -60 144.185
90 -10 -60 60 142.214
90 -10 -60 180 142.923
90 0 -60 -60 143.191
90 0 -60 60 140.842
90 0 -60 180 141.605
90 10 -60 -60 141.331
90 10 -60 60 139.58
90 10 -60 180 139.958
90 20 -60 -60 140.053
90 20 -60 60 138.145
90 20 -60 180 138.626
100 -90 -60 -60 146.868
100 -90 -60 60 144.358
100 -90 -60 180 144.993
100 -80 -60 -60 147.121
100 -80 -60 60 144.72
100 -80 -60 180 145.268
100 -70 -60 -60 147.112
100 -70 -60 60 145.064
100 -70 -60 180 145.434
100 -60 -60 -60 147.389
100 -60 -60 60 144.773
100 -60 -60 180 145.671
100 -50 -60 -60 147.01
100 -50 -60 60 144.949
100 -50 -60 180 145.539
100 -40 -60 -60 146.922
100 -40 -60 60 144.71
100 -40 -60 180 145.25
100 -30 -60 -60 146.591
100 -30 -60 60 144.349
100 -30 -60 180 145.033
100 -20 -60 -60 145.937
100 -20 -60 60 143.514
100 -20 -60 180 144.278
100 -10 -60 -60 144.812
100 -10 -60 60 142.371
100 -10 -60 180 142.97
100 0 -60 -60 143.49
100 0 -60 60 141.096
100 0 -60 180 141.696
160 -180 60 -60 133.947
160 -180 60 60 133.651
160 -180 60 180 134.669
160 160 60 -60 133.205
160 160 60 60 132.934
160 160 60 180 133.832
160 170 60 -60 133.473
160 170 60 60 133.144
160 170 60 180 134.159
170 -180 60 -60 134.176
170 -180 60 60 134.392
170 -180 60 180 135.115
170 150 60 -60 133.265
170 150 60 60 133.542
170 150 60 180 133.834
170 160 60 -60 133.568
170 160 60 60 133.506
170 160 60 180 133.988
170 170 60 -60 133.969
170 170 60 60 133.693
170 170 60 180 134.643
180 180 -60 -60 134.048
180 180 -60 -180 133.126
180 180 60 -60 134.777
180 180 60 60 134.675
180 180 60 -180 135.699
180 -170 -60 -60 134.499
180 -170 -60 -180 133.5
180 -170 60 -60 135.103
180 -170 60 60 135.637
180 -170 60 -180 135.928
180 120 -60 -60 131.75
180 120 -60 -180 130.749
180 120 60 -60 132.665
180 120 60 60 135.75
180 120 60 -180 133.428
180 130 -60 -60 132.307
180 130 -60 -180 130.976
180 130 60 -60 132.981
180 130 60 60 134.674
180 130 60 -180 133.66
180 140 -60 -60 132.681
180 140 -60 -180 131.39
180 140 60 -60 133.423
180 140 60 60 134.139
180 140 60 -180 134.138
180 150 -60 -60 132.981
180 150 -60 -180 131.855
180 150 60 -60 133.77
180 150 60 60 133.926
180 150 60 -180 134.462
180 160 -60 -60 133.311
180 160 -60 -180 132.314
180 160 60 -60 133.93
180 160 60 60 134.093
180 160 60 -180 134.973
180 170 -60 -60 133.831
180 170 -60 -180 132.86
180 170 60 -60 134.376
180 170 60 60 134.296
180 170 60 -180 135.231
-170 180 -60 -60 134.791
-170 180 -60 -180 134.081
-170 180 60 -60 134.836
-170 180 60 60 135.315
-170 180 60 -180 135.969
-170 -170 -60 -180 134.232
-170 -170 60 -180 136.462
-170 40 -60 -180 133.745
-170 40 60 -180 135.937
-170 50 -60 -180 132.724
-170 50 60 -180 134.958
-170 60 -60 -180 132.231
-170 60 60 -180 134.6
-170 70 -60 -180 131.782
-170 70 60 -180 134.21
-170 80 -60 -180 131.389
-170 80 60 -180 134.129
-170 90 -60 -180 131.595
-170 90 60 -180 133.789
-170 100 -60 -180 131.503
-170 100 60 -180 133.695
-170 110 -60 -180 131.671
-170 110 60 -180 133.919
-170 120 -60 -180 131.949
-170 120 60 -180 133.97
-170 130 -60 -180 132.229
-170 130 60 -180 134.267
-170 140 -60 -180 132.319
-170 140 60 -180 134.723
-170 150 -60 -180 132.699
-170 150 60 -180 134.98
-170 160 -60 -180 133.348
-170 160 60 -180 135.381
-170 170 -60 -180 133.605
-170 170 60 -180 135.691
-160 180 -60 -60 135.263
-160 180 -60 60 134.807
-160 180 -60 -180 134.733
-160 180 60 -60 135.124
-160 180 60 60 135.593
-160 180 60 -180 136.315
-160 -170 -60 -180 134.913
-160 -170 60 -180 136.729
-160 -20 -60 -180 143.66
-160 -20 60 -180 145.238
-160 -10 -60 -180 142.469
-160 -10 60 -180 144.14
-160 0 -60 -180 140.86
-160 0 60 -180 142.278
-160 10 -60 -180 138.878
-160 10 60 -180 140.396
-160 20 -60 -180 137.126
-160 20 60 -180 138.763
-160 30 -60 -180 135.672
-160 30 60 -180 137.308
-160 40 -60 -180 134.288
-160 40 60 -180 136.389
-160 50 -60 -180 133.674
-160 50 60 -180 135.489
-160 60 -60 -180 133.04
-160 60 60 -180 134.892
-160 70 -60 -180 132.837
-160 70 60 -180 134.682
-160 80 -60 -180 132.498
-160 80 60 -180 134.477
-160 90 -60 -180 132.613
-160 90 60 -180 134.34
-160 100 -60 -180 132.385
-160 100 60 -180 134.132
-160 110 -60 -180 132.555
-160 110 60 -180 134.226
-160 120 -60 -180 132.857
-160 120 60 -180 134.406
-160 130 -60 -180 133.189
-160 130 60 -180 134.654
-160 140 -60 -180 133.501
-160 140 60 -180 134.803
-160 150 -60 -180 133.783
-160 150 60 -180 135.186
-160 160 -60 -180 134.197
-160 160 60 -180 135.739
-160 170 -60 -180 134.511
-160 170 60 -180 135.993
-150 180 -60 -60 136.239
-150 180 -60 60 135.122
-150 180 -60 -180 135.554
-150 180 60 -60 134.723
-150 180 60 60 135.457
-150 180 60 -180 136.259
-150 -170 -60 -180 135.776
-150 -170 60 -180 136.634
-150 -30 -60 -180 145.18
-150 -30 60 -180 146.247
-150 -20 -60 -180 144.27
-150 -20 60 -180 145.503
-150 -10 -60 -180 143.246
-150 -10 60 -180 143.998
-150 0 -60 -180 141.306
-150 0 60 -180 142.446
-150 10 -60 -180 139.777
-150 10 60 -180 140.419
-150 20 -60 -180 138.008
-150 20 60 -180 139.037
-150 30 -60 -180 136.615
-150 30 60 -180 137.54
-150 40 -60 -180 135.413
-150 40 60 -180 136.665
-150 50 -60 -180 134.494
-150 50 60 -180 135.75
-150 60 -60 -180 134.045
-150 60 60 -180 135.089
-150 70 -60 -180 133.491
-150 70 60 -180 135.131
-150 80 -60 -180 133.538
-150 80 60 -180 134.764
-150 90 -60 -180 133.643
-150 90 60 -180 134.726
-150 100 -60 -180 133.322
-150 100 60 -180 134.559
-150 110 -60 -180 133.478
-150 110 60 -180 134.466
-150 120 -60 -180 133.551
-150 120 60 -180 134.721
-150 130 -60 -180 134.061
-150 130 60 -180 134.692
-150 140 -60 -180 134.327
-150 140 60 -180 134.984
-150 150 -60 -180 134.472
-150 150 60 -180 135.377
-150 160 -60 -180 134.867
-150 160 60 -180 135.647
-150 170 -60 -180 135.198
-150 170 60 -180 136.018
-140 180 -60 -60 137.028
-140 180 -60 60 135.392
-140 180 -60 -180 135.873
-140 180 60 -60 134.483
-140 180 60 60 135.582
-140 180 60 -180 136.424
-140 -170 -60 -180 136.012
-140 -170 60 -180 136.763
-140 -60 -60 -180 146.005
-140 -60 60 -180 146.172
-140 -50 -60 -180 145.916
-140 -50 60 -180 145.398
-140 -40 -60 -180 145.842
-140 -40 60 -180 146.673
-140 -30 -60 -180 145.254
-140 -30 60 -180 146.26
-140 -20 -60 -180 144.588
-140 -20 60 -180 145.316
-140 -10 -60 -180 143.079
-140 -10 60 -180 144.053
-140 0 -60 -180 141.697
-140 0 60 -180 142.233
-140 10 -60 -180 140.107
-140 10 60 -180 140.668
-140 20 -60 -180 138.527
-140 20 60 -180 139.335
-140 30 -60 -180 137.021
-140 30 60 -180 137.762
-140 40 -60 -180 135.852
-140 40 60 -180 136.679
-140 50 -60 -180 135.184
-140 50 60 -180 136.187
-140 60 -60 -180 134.459
-140 60 60 -180 135.68
-140 70 -60 -180 134.417
-140 70 60 -180 135.496
-140 80 -60 -180 134.139
-140 80 60 -180 135.106
-140 90 -60 -180 134.04
-140 90 60 -180 135.01
-140 100 -60 -180 133.914
-140 100 60 -180 134.658
-140 110 -60 -180 134.108
-140 110 60 -180 134.728
-140 120 -60 -180 134.042
-140 120 60 -180 134.872
-140 130 -60 -180 134.448
-140 130 60 -180 135.066
-140 140 -60 -180 134.593
-140 140 60 -180 135.186
-140 150 -60 -180 134.918
-140 150 60 -180 135.399
-140 160 -60 -180 135.004
-140 160 60 -180 135.635
-140 170 -60 -180 135.433
-140 170 60 -180 136.171
-130 180 -60 -60 137.614
-130 180 -60 60 135.435
-130 180 -60 -180 135.681
-130 180 60 -60 134.259
-130 180 60 60 135.68
-130 180 60 -180 136.517
-130 -170 -60 -180 136.213
-130 -170 60 -180 136.985
-130 -60 -60 -180 145.922
-130 -60 60 -180 146.3
-130 -50 -60 -180 145.884
-130 -50 60 -180 145.248
-130 -40 -60 -180 145.817
-130 -40 60 -180 146.604
-130 -30 -60 -180 145.171
-130 -30 60 -180 146.175
-130 -20 -60 -180 144.335
-130 -20 60 -180 145.384
-130 -10 -60 -180 143.13
-130 -10 60 -180 143.909
-130 0 -60 -180 141.555
-130 0 60 -180 142.616
-130 10 -60 -180 140.21
-130 10 60 -180 140.722
-130 20 -60 -180 138.503
-130 20 60 -180 139.31
-130 30 -60 -180 137.247
-130 30 60 -180 138.037
-130 40 -60 -180 136.05
-130 40 60 -180 137.133
-130 50 -60 -180 135.265
-130 50 60 -180 136.269
-130 60 -60 -180 134.767
-130 60 60 -180 135.701
-130 70 -60 -180 134.51
-130 70 60 -180 135.413
-130 80 -60 -180 134.247
-130 80 60 -180 135.483
-130 90 -60 -180 134.237
-130 90 60 -180 135.149
-130 100 -60 -180 134.05
-130 100 60 -180 134.788
-130 110 -60 -180 134.058
-130 110 60 -180 134.913
-130 120 -60 -180 134.059
-130 120 60 -180 134.838
-130 130 -60 -180 134.264
-130 130 60 -180 134.987
-130 140 -60 -180 134.644
-130 140 60 -180 135.276
-130 150 -60 -180 134.87
-130 150 60 -180 135.559
-130 160 -60 -180 135.255
-130 160 60 -180 135.783
-130 170 -60 -180 135.585
-130 170 60 -180 136.121
-120 180 -60 -60 137.905
-120 180 -60 60 135.705
-120 180 -60 -180 135.84
-120 180 60 -60 134.209
-120 180 60 60 135.907
-120 180 60 -180 136.772
-120 -140 -60 -180 138.693
-120 -140 60 -180 139.555
-120 -130 -60 -180 140.104
-120 -130 60 -180 140.764
-120 -120 -60 -180 141.343
-120 -120 60 -180 141.249
-120 -110 -60 -180 142.531
-120 -110 60 -180 142.72
-120 -100 -60 -180 143.604
-120 -100 60 -180 144.225
-120 -90 -60 -180 144.795
-120 -90 60 -180 144.994
-120 -80 -60 -180 145.122
-120 -80 60 -180 146.103
-120 -70 -60 -180 145.528
-120 -70 60 -180 146.158
-120 -60 -60 -180 145.708
-120 -60 60 -180 146.385
-120 -50 -60 -180 145.753
-120 -50 60 -180 145.387
-120 -40 -60 -180 145.523
-120 -40 60 -180 146.372
-120 -30 -60 -180 144.972
-120 -30 60 -180 145.885
-120 -20 -60 -180 144.382
-120 -20 60 -180 145.155
-120 -10 -60 -180 142.943
-120 -10 60 -180 143.873
-120 0 -60 -180 141.717
-120 0 60 -180 142.373
-120 10 -60 -180 140.241
-120 10 60 -180 141.067
-120 20 -60 -180 138.705
-120 20 60 -180 139.425
-120 30 -60 -180 137.249
-120 30 60 -180 138.171
-120 40 -60 -180 136.272
-120 40 60 -180 137.342
-120 50 -60 -180 135.423
-120 50 60 -180 136.636
-120 60 -60 -180 134.748
-120 60 60 -180 136.046
-120 70 -60 -180 134.626
-120 70 60 -180 135.546
-120 80 -60 -180 134.33
-120 80 60 -180 135.365
-120 90 -60 -180 134.218
-120 90 60 -180 135.173
-120 100 -60 -180 134.355
-120 100 60 -180 135.116
-120 110 -60 -180 134.101
-120 110 60 -180 134.781
-120 120 -60 -180 134.199
-120 120 60 -180 134.854
-120 130 -60 -180 134.364
-120 130 60 -180 135.083
-120 140 -60 -180 134.81
-120 140 60 -180 135.182
-120 150 -60 -180 134.943
-120 150 60 -180 135.544
-120 160 -60 -180 135.432
-120 160 60 -180 135.803
-120 170 -60 -180 135.673
-120 170 60 -180 136.222
-110 180 -60 -60 138.056
-110 180 -60 60 135.858
-110 180 -60 -180 136.114
-110 180 60 -60 133.862
-110 180 60 60 135.974
-110 180 60 -180 136.786
-110 -170 -60 -180 136.543
-110 -170 60 -180 137.198
-110 -140 -60 -180 138.911
-110 -140 60 -180 139.791
-110 -130 -60 -180 140.148
-110 -130 60 -180 140.897
-110 -120 -60 -180 141.496
-110 -120 60 -180 141.365
-110 -110 -60 -180 142.72
-110 -110 60 -180 142.963
-110 -100 -60 -180 143.704
-110 -100 60 -180 143.899
-110 -90 -60 -180 144.548
-110 -90 60 -180 145.485
-110 -80 -60 -180 145.128
-110 -80 60 -180 145.936
-110 -70 -60 -180 145.344
-110 -70 60 -180 146.026
-110 -60 -60 -180 145.519
-110 -60 60 -180 146.132
-110 -50 -60 -180 145.636
-110 -50 60 -180 145.474
-110 -40 -60 -180 145.333
-110 -40 60 -180 146.256
-110 -30 -60 -180 145.025
-110 -30 60 -180 145.955
-110 -20 -60 -180 144.117
-110 -20 60 -180 145.079
-110 -10 -60 -180 143.044
-110 -10 60 -180 143.756
-110 0 -60 -180 141.567
-110 0 60 -180 142.464
-110 10 -60 -180 140.165
-110 10 60 -180 141.134
-110 20 -60 -180 138.777
-110 20 60 -180 139.837
-110 30 -60 -180 137.172
-110 30 60 -180 138.34
-110 40 -60 -180 136.448
-110 40 60 -180 137.231
-110 50 -60 -180 135.47
-110 50 60 -180 136.718
-110 60 -60 -180 135.033
-110 60 60 -180 136.388
-110 70 -60 -180 134.701
-110 70 60 -180 136.012
-110 80 -60 -180 134.474
-110 80 60 -180 135.444
-110 90 -60 -180 134.049
-110 90 60 -180 135.41
-110 100 -60 -180 134.15
-110 100 60 -180 135.375
-110 110 -60 -180 134.064
-110 110 60 -180 134.87
-110 120 -60 -180 134.214
-110 120 60 -180 134.766
-110 130 -60 -180 134.322
-110 130 60 -180 135.028
-110 140 -60 -180 134.587
-110 140 60 -180 135.324
-110 150 -60 -180 134.824
-110 150 60 -180 135.422
-110 160 -60 -180 135.2
-110 160 60 -180 135.963
-110 170 -60 -180 135.66
-110 170 60 -180 136.275
-100 180 -60 -60 137.88
-100 180 -60 60 135.899
-100 180 -60 -180 136.285
-100 180 60 -60 134.272
-100 180 60 60 136.229
-100 180 60 -180 136.863
-100 -170 -60 -180 136.671
-100 -170 60 -180 137.516
-100 -160 -60 -180 137.328
-100 -160 60 -180 138.035
-100 -150 -60 -180 138.04
-100 -150 60 -180 139.175
-100 -140 -60 -180 139.109
-100 -140 60 -180 140.002
-100 -130 -60 -180 140.483
-100 -130 60 -180 141.112
-100 -120 -60 -180 141.375
-100 -120 60 -180 141.455
-100 -110 -60 -180 142.872
-100 -110 60 -180 143.004
-100 -100 -60 -180 143.692
-100 -100 60 -180 144.173
-100 -90 -60 -180 144.363
-100 -90 60 -180 145.671
-100 -80 -60 -180 145.099
-100 -80 60 -180 145.814
-100 -70 -60 -180 145.343
-100 -70 60 -180 146.026
-100 -60 -60 -180 145.613
-100 -60 60 -180 146.247
-100 -50 -60 -180 145.54
-100 -50 60 -180 145.224
-100 -40 -60 -180 145.377
-100 -40 60 -180 146.275
-100 -30 -60 -180 144.8
-100 -30 60 -180 145.677
-100 -20 -60 -180 144.252
-100 -20 60 -180 145.001
-100 -10 -60 -180 143.366
-100 -10 60 -180 144.001
-100 0 -60 -180 141.701
-100 0 60 -180 142.717
-100 10 -60 -180 140.28
-100 10 60 -180 141.233
-100 20 -60 -180 138.693
-100 20 60 -180 139.714
-100 30 -60 -180 137.525
-100 30 60 -180 138.548
-100 40 -60 -180 136.448
-100 40 60 -180 137.484
-100 50 -60 -180 135.421
-100 50 60 -180 136.777
-100 60 -60 -180 134.755
-100 60 60 -180 135.974
-100 70 -60 -180 134.487
-100 70 60 -180 135.741
-100 80 -60 -180 134.215
-100 80 60 -180 135.846
-100 90 -60 -180 134.102
-100 90 60 -180 135.458
-100 100 -60 -180 134.037
-100 100 60 -180 135.117
-100 110 -60 -180 134.179
-100 110 60 -180 134.878
-100 120 -60 -180 134.036
-100 120 60 -180 134.806
-100 130 -60 -180 134.265
-100 130 60 -180 134.963
-100 140 -60 -180 134.753
-100 140 60 -180 135.242
-100 150 -60 -180 134.847
-100 150 60 -180 135.632
-100 160 -60 -180 135.267
-100 160 60 -180 135.964
-100 170 -60 -180 135.932
-100 170 60 -180 136.474
-90 180 -60 -60 138.096
-90 180 -60 60 136.135
-90 180 -60 -180 136.431
-90 180 60 -60 134.408
-90 180 60 60 136.339
-90 180 60 -180 136.985
-90 -170 -60 -180 136.883
-90 -170 60 -180 137.676
-90 -160 -60 -180 137.314
-90 -160 60 -180 138.271
-90 -100 -60 -180 143.498
-90 -100 60 -180 144.054
-90 -90 -60 -180 144.406
-90 -90 60 -180 145.653
-90 -80 -60 -180 144.705
-90 -80 60 -180 145.76
-90 -70 -60 -180 145.149
-90 -70 60 -180 145.898
-90 -60 -60 -180 145.467
-90 -60 60 -180 145.917
-90 -50 -60 -180 145.417
-90 -50 60 -180 145.374
-90 -40 -60 -180 145.149
-90 -40 60 -180 146.071
-90 -30 -60 -180 144.9
-90 -30 60 -180 145.796
-90 -20 -60 -180 144.023
-90 -20 60 -180 145.239
-90 -10 -60 -180 143.232
-90 -10 60 -180 144.001
-90 0 -60 -180 141.864
-90 0 60 -180 142.879
-90 10 -60 -180 140.231
-90 10 60 -180 141.566
-90 20 -60 -180 138.78
-90 20 60 -180 139.71
-90 30 -60 -180 137.207
-90 30 60 -180 138.158
-90 40 -60 -180 133.914
-90 40 60 -180 135.198
-90 50 -60 -180 133.202
-90 50 60 -180 134.206
-90 60 -60 -180 132.849
-90 60 60 -180 133.593
-90 70 -60 -180 134.225
-90 70 60 -180 135.498
-90 80 -60 -180 134.183
-90 80 60 -180 135.44
-90 90 -60 -180 133.93
-90 90 60 -180 135.311
-90 100 -60 -180 133.939
-90 100 60 -180 135.045
-90 110 -60 -180 134.014
-90 110 60 -180 135.011
-90 120 -60 -180 133.914
-90 120 60 -180 134.596
-90 130 -60 -180 134.29
-90 130 60 -180 134.852
-90 140 -60 -180 134.641
-90 140 60 -180 135.357
-90 150 -60 -180 134.914
-90 150 60 -180 135.678
-90 160 -60 -180 135.326
-90 160 60 -180 136.011
-90 170 -60 -180 136.004
-90 170 60 -180 136.442
-80 180 -60 -60 138.075
-80 180 -60 60 136.055
-80 180 -60 -180 136.304
-80 180 60 -60 134.367
-80 180 60 60 136.264
-80 180 60 -180 137.035
-80 -170 -60 -180 136.714
-80 -170 60 -180 137.64
-80 -160 -60 -180 137.143
-80 -160 60 -180 138.304
-80 -100 -60 -180 143.162
-80 -100 60 -180 144.032
-80 -90 -60 -180 144.128
-80 -90 60 -180 145.03
-80 -80 -60 -180 144.391
-80 -80 60 -180 145.65
-80 -70 -60 -180 145.078
-80 -70 60 -180 145.756
-80 -60 -60 -180 145.334
-80 -60 60 -180 145.935
-80 -50 -60 -180 145.387
-80 -50 60 -180 146.379
-80 -40 -60 -180 145.24
-80 -40 60 -180 146.221
-80 -30 -60 -180 144.746
-80 -30 60 -180 145.856
-80 -20 -60 -180 144.363
-80 -20 60 -180 145.278
-80 -10 -60 -180 143.365
-80 -10 60 -180 144.011
-80 0 -60 -180 141.856
-80 0 60 -180 142.709
-80 10 -60 -180 140.339
-80 10 60 -180 141.115
-80 20 -60 -180 136.271
-80 20 60 -180 137.626
-80 30 -60 -180 134.58
-80 30 60 -180 136.049
-80 40 -60 -180 133.311
-80 40 60 -180 134.885
-80 50 -60 -180 132.389
-80 50 60 -180 133.626
-80 60 -60 -180 131.839
-80 60 60 -180 133.597
-80 70 -60 -180 133.012
-80 70 60 -180 132.939
-80 80 -60 -180 134.026
-80 80 60 -180 135.139
-80 90 -60 -180 133.876
-80 90 60 -180 135.25
-80 100 -60 -180 133.787
-80 100 60 -180 134.962
-80 110 -60 -180 133.755
-80 110 60 -180 134.83
-80 120 -60 -180 133.774
-80 120 60 -180 134.87
-80 130 -60 -180 133.938
-80 130 60 -180 134.931
-80 140 -60 -180 134.583
-80 140 60 -180 135.043
-80 150 -60 -180 134.886
-80 150 60 -180 135.655
-80 160 -60 -180 135.412
-80 160 60 -180 135.961
-80 170 -60 -180 136.004
-80 170 60 -180 136.528
-70 180 -60 -60 137.486
-70 180 -60 60 135.719
-70 180 -60 -180 136.262
-70 180 60 -60 134.41
-70 180 60 60 136.057
-70 180 60 -180 136.941
-70 -170 -60 -180 136.321
-70 -170 60 -180 137.222
-70 -90 -60 -180 143.568
-70 -90 60 -180 144.492
-70 -80 -60 -180 144.442
-70 -80 60 -180 145.232
-70 -70 -60 -180 145.044
-70 -70 60 -180 146.097
-70 -60 -60 -180 145.249
-70 -60 60 -180 145.974
-70 -50 -60 -180 145.307
-70 -50 60 -180 146.515
-70 -40 -60 -180 145.195
-70 -40 60 -180 146.313
-70 -30 -60 -180 145.038
-70 -30 60 -180 146.082
-70 -20 -60 -180 144.233
-70 -20 60 -180 145.408
-70 -10 -60 -180 143.171
-70 -10 60 -180 144.004
-70 0 -60 -180 141.643
-70 0 60 -180 142.608
-70 10 -60 -180 138.028
-70 10 60 -180 139.227
-70 20 -60 -180 135.798
-70 20 60 -180 137.035
-70 30 -60 -180 134.212
-70 30 60 -180 135.352
-70 40 -60 -180 132.872
-70 40 60 -180 134.109
-70 50 -60 -180 131.808
-70 50 60 -180 133.417
-70 60 -60 -180 131.426
-70 60 60 -180 132.812
-70 70 -60 -180 132.344
-70 70 60 -180 133.561
-70 80 -60 -180 133.589
-70 80 60 -180 134.767
-70 90 -60 -180 133.49
-70 90 60 -180 134.89
-70 100 -60 -180 133.525
-70 100 60 -180 134.722
-70 110 -60 -180 133.687
-70 110 60 -180 134.531
-70 120 -60 -180 133.732
-70 120 60 -180 134.602
-70 130 -60 -180 133.949
-70 130 60 -180 135.021
-70 140 -60 -180 134.506
-70 140 60 -180 135.049
-70 150 -60 -180 134.799
-70 150 60 -180 135.533
-70 160 -60 -180 135.303
-70 160 60 -180 136.122
-70 170 -60 -180 135.999
-70 170 60 -180 136.434
-60 180 -60 -60 137.171
-60 180 -60 60 135.083
-60 180 -60 -180 135.669
-60 180 60 -60 134.245
-60 180 60 60 135.318
-60 180 60 -180 136.19
-60 -170 -60 -180 135.645
-60 -170 60 -180 136.399
-60 -80 -60 -180 144.132
-60 -80 60 -180 144.97
-60 -70 -60 -180 144.815
-60 -70 60 -180 146.836
-60 -60 -60 -180 145.206
-60 -60 60 -180 145.959
-60 -50 -60 -180 145.286
-60 -50 60 -180 146.303
-60 -40 -60 -180 145.15
-60 -40 60 -180 146.422
-60 -30 -60 -180 144.911
-60 -30 60 -180 146.075
-60 -20 -60 -180 144.056
-60 -20 60 -180 145.104
-60 -10 -60 -180 141.266
-60 -10 60 -180 142.497
-60 0 -60 -180 139.684
-60 0 60 -180 140.893
-60 10 -60 -180 137.696
-60 10 60 -180 138.914
-60 40 -60 -180 134.27
-60 40 60 -180 135.339
-60 50 -60 -180 133.112
-60 50 60 -180 134.01
-60 60 -60 -180 132.111
-60 60 60 -180 133.41
-60 70 -60 -180 132.059
-60 70 60 -180 133.449
-60 80 -60 -180 132.621
-60 80 60 -180 134.127
-60 90 -60 -180 133.122
-60 90 60 -180 134.398
-60 100 -60 -180 133.175
-60 100 60 -180 134.303
-60 110 -60 -180 133.48
-60 110 60 -180 134.39
-60 120 -60 -180 133.639
-60 120 60 -180 134.514
-60 130 -60 -180 133.882
-60 130 60 -180 134.826
-60 140 -60 -180 134.416
-60 140 60 -180 135.148
-60 150 -60 -180 134.757
-60 150 60 -180 135.372
-60 160 -60 -180 135.109
-60 160 60 -180 135.932
-60 170 -60 -180 135.3
-60 170 60 -180 136.177
-50 -80 -60 -180 144.068
-50 -80 60 -180 144.851
-50 -70 -60 -180 144.765
-50 -70 60 -180 145.77
-50 -60 -60 -180 145.395
-50 -60 60 -180 145.784
-50 -50 -60 -180 145.36
-50 -50 60 -180 146.334
-50 -40 -60 -180 145.311
-50 -40 60 -180 146.243
-50 -30 -60 -180 144.659
-50 -30 60 -180 145.618
-50 -20 -60 -180 142.271
-50 -20 60 -180 143.473
-50 -10 -60 -180 140.998
-50 -10 60 -180 142.194
-50 100 -60 -180 133.03
-50 100 60 -180 134.26
-50 110 -60 -180 132.979
-50 110 60 -180 134.072
-50 120 -60 -180 133.267
-50 120 60 -180 134.21
-50 130 -60 -180 133.594
-50 130 60 -180 134.519
-50 140 -60 -180 133.999
-50 140 60 -180 134.673
-50 150 -60 -180 134.434
-50 150 60 -180 134.915
-50 160 -60 -180 134.725
-50 160 60 -180 135.376
-50 170 -60 -180 134.895
-50 170 60 -180 135.351
-40 -80 -60 -180 144.009
-40 -80 60 -180 144.94
-40 -70 -60 -180 145.063
-40 -70 60 -180 146.257
-40 -60 -60 -180 145.322
-40 -60 60 -180 145.835
-40 -50 -60 -180 145.133
-40 -50 60 -180 146.215
-40 -40 -60 -180 144.711
-40 -40 60 -180 145.951
-40 -30 -60 -180 142.884
-40 -30 60 -180 144.001
-40 -20 -60 -180 141.938
-40 -20 60 -180 143.147
-40 100 -60 -180 132.607
-40 100 60 -180 133.627
-40 110 -60 -180 132.545
-40 110 60 -180 133.554
-40 120 -60 -180 132.757
-40 120 60 -180 133.799
-40 130 -60 -180 133.073
-40 130 60 -180 134.084
-40 140 -60 -180 133.511
-40 140 60 -180 134.218
-40 150 -60 -180 133.688
-40 150 60 -180 134.486
-40 160 -60 -180 133.918
-40 160 60 -180 134.642
-30 -70 -60 -180 144.854
-30 -70 60 -180 145.619
-30 -60 -60 -180 144.978
-30 -60 60 -180 145.282
-30 -50 -60 -180 144.605
-30 -50 60 -180 145.555
30 60 -60 -180 132.798
30 60 60 -180 133.553
30 70 -60 -180 132.339
30 70 60 -180 132.955
30 80 -60 -180 131.95
30 80 60 -180 132.804
40 -140 -60 -180 136.917
40 -140 60 -180 137.25
40 -130 -60 -180 138.215
40 -130 60 -180 138.291
40 20 -60 -180 136.933
40 20 60 -180 137.021
40 30 -60 -180 134.578
40 30 60 -180 135.528
40 40 -60 -180 134.226
40 40 60 -180 134.736
40 50 -60 -180 133.229
40 50 60 -180 133.844
40 60 -60 -180 132.547
40 60 60 -180 133.409
40 70 -60 -180 132.331
40 70 60 -180 132.934
40 80 -60 -180 132.121
40 80 60 -180 132.716
50 -140 -60 -180 136.889
50 -140 60 -180 137.337
50 -130 -60 -180 138.105
50 -130 60 -180 138.486
50 -120 -60 -180 139.672
50 -120 60 -180 139.507
50 10 -60 -180 137.518
50 10 60 -180 138.35
50 20 -60 -180 135.853
50 20 60 -180 136.95
50 30 -60 -180 134.97
50 30 60 -180 135.991
50 40 -60 -180 133.945
50 40 60 -180 134.928
50 50 -60 -180 133.326
50 50 60 -180 134.315
50 60 -60 -180 132.807
50 60 60 -180 133.756
50 70 -60 -180 132.315
50 70 60 -180 133.444
50 80 -60 -180 132.216
50 80 60 -180 133.15
50 90 -60 -180 131.908
50 90 60 -180 132.963
50 100 -60 -180 131.984
50 100 60 -180 132.661
50 110 -60 -180 132.151
50 110 60 -180 132.192
50 120 -60 -180 131.902
50 120 60 -180 132.377
50 130 -60 -180 132.236
50 130 60 -180 132.497
50 140 -60 -180 132.374
50 140 60 -180 132.924
50 150 -60 -180 132.835
50 150 60 -180 132.933
50 160 -60 -180 133.048
50 160 60 -180 133.311
50 170 -60 -180 133.321
50 170 60 -180 133.839
60 180 -60 -60 135.435
60 180 -60 60 133.93
60 180 -60 -180 133.906
60 180 60 60 133.787
60 180 60 -180 134.679
60 -170 -60 -180 134.371
60 -170 60 -180 135.516
60 -140 -60 -180 137.232
60 -140 60 -180 138.704
60 -130 -60 -180 138.392
60 -130 60 -180 139.63
60 -120 -60 -180 140.032
60 -120 60 -180 140.395
60 -110 -60 -180 141.483
60 -110 60 -180 141.667
60 -80 -60 -180 143.607
60 -80 60 -180 145.095
60 -70 -60 -180 144.056
60 -70 60 -180 143.773
60 -60 -60 -180 143.928
60 -60 60 -180 145.467
60 -50 -60 -180 143.804
60 -50 60 -180 144.931
60 -40 -60 -180 143.534
60 -40 60 -180 143.335
60 -30 -60 -180 143.034
60 -30 60 -180 143.775
60 -20 -60 -180 142.29
60 -20 60 -180 143.222
60 -10 -60 -180 141.042
60 -10 60 -180 141.929
60 0 -60 -180 139.164
60 0 60 -180 140.669
60 10 -60 -180 137.433
60 10 60 -180 139.128
60 20 -60 -180 136.591
60 20 60 -180 137.948
60 30 -60 -180 135.343
60 30 60 -180 136.692
60 40 -60 -180 134.293
60 40 60 -180 136.0
60 50 -60 -180 133.589
60 50 60 -180 135.229
60 60 -60 -180 133.008
60 60 60 -180 134.787
60 70 -60 -180 132.698
60 70 60 -180 134.242
60 80 -60 -180 132.401
60 80 60 -180 133.885
60 90 -60 -180 132.123
60 90 60 -180 133.602
60 100 -60 -180 131.752
60 100 60 -180 133.272
60 110 -60 -180 131.718
60 110 60 -180 133.037
60 120 -60 -180 131.425
60 120 60 -180 132.756
60 130 -60 -180 131.741
60 130 60 -180 132.622
60 140 -60 -180 131.958
60 140 60 -180 132.686
60 150 -60 -180 132.497
60 150 60 -180 133.27
60 160 -60 -180 132.806
60 160 60 -180 133.654
60 170 -60 -180 133.423
60 170 60 -180 134.222
70 -120 -60 -180 140.62
70 -110 -60 -180 141.652
70 -100 -60 -180 142.788
70 -90 -60 -180 143.365
70 -80 -60 -180 143.818
70 -70 -60 -180 143.852
70 -60 -60 -180 143.984
70 -50 -60 -180 143.889
70 -40 -60 -180 143.45
70 -30 -60 -180 143.348
70 -20 -60 -180 142.238
70 -10 -60 -180 140.919
70 0 -60 -180 140.015
70 10 -60 -180 138.613
70 20 -60 -180 137.138
70 30 -60 -180 135.912
70 40 -60 -180 134.937
70 50 -60 -180 134.052
70 60 -60 -180 133.584
70 70 -60 -180 133.016
70 80 -60 -180 132.471
70 90 -60 -180 132.381
70 100 -60 -180 131.77
70 110 -60 -180 131.602
70 120 -60 -180 131.39
70 130 -60 -180 131.532
70 140 -60 -180 132.028
80 -120 -60 -180 141.623
80 -110 -60 -180 142.586
80 -100 -60 -180 143.623
80 -90 -60 -180 143.95
80 -80 -60 -180 144.428
80 -70 -60 -180 144.421
80 -60 -60 -180 144.648
80 -50 -60 -180 144.1
80 -40 -60 -180 143.817
80 -30 -60 -180 143.411
80 -20 -60 -180 143.183
80 -10 -60 -180 142.186
80 0 -60 -180 140.776
80 10 -60 -180 139.293
80 20 -60 -180 138.016
80 30 -60 -180 136.702
80 40 -60 -180 135.771
80 50 -60 -180 134.82
80 60 -60 -180 134.104
80 70 -60 -180 133.745
80 80 -60 -180 133.167
80 90 -60 -180 132.561
80 100 -60 -180 132.356
80 110 -60 -180 132.034
80 120 -60 -180 132.054
90 -110 -60 -180 143.205
90 -100 -60 -180 144.241
90 -90 -60 -180 144.682
90 -80 -60 -180 144.954
90 -70 -60 -180 145.014
90 -60 -60 -180 144.986
90 -50 -60 -180 144.921
90 -40 -60 -180 145.011
90 -30 -60 -180 144.504
90 -20 -60 -180 143.809
90 -10 -60 -180 142.923
90 0 -60 -180 141.605
90 10 -60 -180 139.958
90 20 -60 -180 138.626
100 -90 -60 -180 144.993
100 -80 -60 -180 145.268
100 -70 -60 -180 145.434
100 -60 -60 -180 145.671
100 -50 -60 -180 145.539
100 -40 -60 -180 145.25
100 -30 -60 -180 145.033
100 -20 -60 -180 144.278
100 -10 -60 -180 142.97
100 0 -60 -180 141.696
160 180 60 -60 133.947
160 180 60 60 133.651
160 180 60 -180 134.669
160 160 60 -180 133.832
160 170 60 -180 134.159
170 180 60 -60 134.176
170 180 60 60 134.392
170 180 60 -180 135.115
170 150 60 -180 133.834
170 160 60 -180 133.988
170 170 60 -180 134.643
180 -180 -60 -60 134.048
180 -180 -60 180 133.126
180 -180 60 -60 134.777
180 -180 60 60 134.675
180 -180 60 180 135.699
180 -170 -60 180 133.5
180 -170 60 180 135.928
180 120 -60 180 130.749
180 120 60 180 133.428
180 130 -60 180 130.976
180 130 60 180 133.66
180 140 -60 180 131.39
180 140 60 180 134.138
180 150 -60 180 131.855
180 150 60 180 134.462
180 160 -60 180 132.314
180 160 60 180 134.973
180 170 -60 180 132.86
180 170 60 180 135.231
-180 180 -60 -60 134.048
-180 180 -60 180 133.126
-180 180 60 -60 134.777
-180 180 60 60 134.675
-180 180 60 180 135.699
-170 180 -60 180 134.081
-170 180 60 180 135.969
-160 180 -60 180 134.733
-160 180 60 180 136.315
-150 180 -60 180 135.554
-150 180 60 180 136.259
-140 180 -60 180 135.873
-140 180 60 180 136.424
-130 180 -60 180 135.681
-130 180 60 180 136.517
-120 180 -60 180 135.84
-120 180 60 180 136.772
-110 180 -60 180 136.114
-110 180 60 180 136.786
-100 180 -60 180 136.285
-100 180 60 180 136.863
-90 180 -60 180 136.431
-90 180 60 180 136.985
-80 180 -60 180 136.304
-80 180 60 180 137.035
-70 180 -60 180 136.262
-70 180 60 180 136.941
-60 180 -60 180 135.669
-60 180 60 180 136.19
60 180 -60 180 133.906
60 180 60 180 134.679
160 180 60 180 134.669
170 180 60 180 135.115
-180 -180 -60 -180 133.126
-180 -180 60 -180 135.699
-180 -170 -60 -180 133.5
-180 -170 60 -180 135.928
-180 120 -60 -180 130.749
-180 120 60 -180 133.428
-180 130 -60 -180 130.976
-180 130 60 -180 133.66
-180 140 -60 -180 131.39
-180 140 60 -180 134.138
-180 150 -60 -180 131.855
-180 150 60 -180 134.462
-180 160 -60 -180 132.314
-180 160 60 -180 134.973
-180 170 -60 -180 132.86
-180 170 60 -180 135.231
-170 -180 -60 -180 134.081
-170 -180 60 -180 135.969
-160 -180 -60 -180 134.733
-160 -180 60 -180 136.315
-150 -180 -60 -180 135.554
-150 -180 60 -180 136.259
-140 -180 -60 -180 135.873
-140 -180 60 -180 136.424
-130 -180 -60 -180 135.681
-130 -180 60 -180 136.517
-120 -180 -60 -180 135.84
-120 -180 60 -180 136.772
-110 -180 -60 -180 136.114
-110 -180 60 -180 136.786
-100 -180 -60 -180 136.285
-100 -180 60 -180 136.863
-90 -180 -60 -180 136.431
-90 -180 60 -180 136.985
-80 -180 -60 -180 136.304
-80 -180 60 -180 137.035
-70 -180 -60 -180 136.262
-70 -180 60 -180 136.941
-60 -180 -60 -180 135.669
-60 -180 60 -180 136.19
60 -180 -60 -180 133.906
60 -180 60 -180 134.679
160 -180 60 -180 134.669
170 -180 60 -180 135.115
