180 -180 135.86
180 -170 136.34
180 -160 136.744
180 -150 137.076
180 -140 137.248
180 -130 138.178
180 -120 139.265
180 -110 139.956
180 -100 140.817
180 -90 141.58
180 -80 142.589
180 -70 143.003
180 -60 143.574
180 -50 143.945
180 -40 143.937
180 -30 144.142
180 -20 143.595
180 -10 142.727
180 0 141.888
180 10 140.154
180 20 138.192
180 30 136.08
180 40 134.556
180 50 133.132
180 60 131.78
180 70 131.907
180 80 132.076
180 90 132.129
180 100 132.128
180 110 132.126
180 120 132.152
180 130 132.666
180 140 133.178
180 150 133.833
180 160 134.695
180 170 135.315
180 180 135.86
0 -180 132.814
0 -170 135.121
0 -160 133.745
0 -150 134.171
0 -140 134.343
0 -130 135.759
0 -120 137.035
0 -110 139.436
0 -100 137.946
0 -90 138.771
0 -80 139.282
0 -70 139.569
0 -60 140.06
0 -50 140.236
0 -40 140.283
0 -30 140.239
0 -20 139.883
0 -10 140.235
0 0 139.099
0 10 137.667
0 20 136.331
0 30 135.108
0 40 134.225
0 50 131.001
0 60 129.548
0 70 128.398
0 80 128.146
0 90 127.857
0 100 129.343
0 110 129.49
0 120 129.999
0 130 130.247
0 140 131.052
0 150 131.612
0 160 131.344
0 170 132.189
0 180 132.814
