-180 -180 -60 131.425
-180 -180 60 134.434
-180 -170 -60 131.598
-180 -170 60 134.806
-180 -160 -60 131.842
-180 -160 60 135.26
-180 -150 -60 132.411
-180 -150 60 135.6
-180 120 -60 128.911
-180 120 60 131.467
-180 130 -60 129.422
-180 130 60 132.083
-180 140 -60 129.66
-180 140 60 132.419
-180 150 -60 130.221
-180 150 60 133.068
-180 160 -60 130.537
-180 160 60 133.966
-180 170 -60 130.895
-180 170 60 134.198
-170 -180 -60 132.213
-170 -180 60 134.819
-170 -170 -60 132.355
-170 -170 60 135.237
-170 -160 -60 132.77
-170 -160 60 135.62
-170 -150 -60 133.117
-170 -150 60 135.78
-170 -140 -60 134.104
-170 -140 60 136.909
-170 110 -60 129.874
-170 110 60 131.342
-170 120 -60 130.006
-170 120 60 131.755
-170 130 -60 130.432
-170 130 60 132.292
-170 140 -60 130.86
-170 140 60 132.871
-170 150 -60 131.008
-170 150 60 133.749
-170 160 -60 131.619
-170 160 60 134.159
-170 170 -60 131.953
-170 170 60 134.607
-160 -180 -60 132.981
-160 -180 60 134.989
-160 -170 -60 133.152
-160 -170 60 135.094
-160 -160 -60 133.257
-160 -160 60 135.56
-160 -150 -60 134.042
-160 -150 60 136.013
-160 -140 -60 134.916
-160 -140 60 137.077
-160 -130 -60 136.172
-160 -130 60 138.06
-160 -120 -60 137.582
-160 -120 60 139.315
-160 -110 -60 138.9
-160 -110 60 140.293
-160 -60 -60 142.771
-160 -60 60 144.436
-160 -50 -60 142.952
-160 -50 60 144.929
-160 -40 -60 142.7
-160 -40 60 144.969
-160 -30 -60 142.373
-160 -30 60 144.563
-160 -20 -60 141.624
-160 -20 60 143.778
-160 -10 -60 140.18
-160 -10 60 142.441
-160 0 -60 138.357
-160 0 60 140.648
-160 10 -60 136.358
-160 10 60 138.365
-160 20 -60 134.509
-160 20 60 136.43
-160 30 -60 133.334
-160 30 60 130.156
-160 40 -60 131.903
-160 40 60 129.036
-160 50 -60 131.178
-160 50 60 128.257
-160 60 -60 130.695
-160 60 60 127.945
-160 70 -60 130.365
-160 70 60 127.826
-160 80 -60 130.497
-160 80 60 127.694
-160 90 -60 130.403
-160 90 60 128.029
-160 100 -60 130.321
-160 100 60 128.354
-160 110 -60 130.565
-160 110 60 131.579
-160 120 -60 130.845
-160 120 60 131.956
-160 130 -60 131.215
-160 130 60 132.537
-160 140 -60 131.472
-160 140 60 133.262
-160 150 -60 131.893
-160 150 60 133.821
-160 160 -60 132.441
-160 160 60 134.358
-160 170 -60 132.63
-160 170 60 134.657
-150 -180 -60 133.504
-150 -180 60 134.818
-150 -170 -60 133.601
-150 -170 60 135.085
-150 -160 -60 133.955
-150 -160 60 135.547
-150 -150 -60 134.597
-150 -150 60 136.146
-150 -140 -60 135.671
-150 -140 60 137.083
-150 -130 -60 136.87
-150 -130 60 138.254
-150 -120 -60 138.294
-150 -120 60 139.422
-150 -110 -60 139.539
-150 -110 60 140.591
-150 -100 -60 140.733
-150 -100 60 141.772
-150 -90 -60 141.649
-150 -90 60 142.547
-150 -80 -60 142.607
-150 -80 60 143.531
-150 -70 -60 143.003
-150 -70 60 143.87
-150 -60 -60 143.499
-150 -60 60 144.339
-150 -50 -60 143.511
-150 -50 60 144.726
-150 -40 -60 143.354
-150 -40 60 144.787
-150 -30 -60 142.819
-150 -30 60 144.716
-150 -20 -60 141.999
-150 -20 60 143.719
-150 -10 -60 140.633
-150 -10 60 142.436
-150 0 -60 138.807
-150 0 60 140.566
-150 10 -60 137.0
-150 10 60 138.7
-150 20 -60 135.324
-150 20 60 136.636
-150 30 -60 133.741
-150 30 60 130.66
-150 40 -60 132.537
-150 40 60 129.488
-150 50 -60 131.748
-150 50 60 128.54
-150 60 -60 131.314
-150 60 60 128.186
-150 70 -60 131.211
-150 70 60 128.075
-150 80 -60 130.977
-150 80 60 128.047
-150 90 -60 131.151
-150 90 60 128.228
-150 100 -60 131.095
-150 100 60 128.733
-150 110 -60 131.348
-150 110 60 131.9
-150 120 -60 131.372
-150 120 60 132.366
-150 130 -60 131.869
-150 130 60 132.624
-150 140 -60 132.007
-150 140 60 133.036
-150 150 -60 132.494
-150 150 60 133.853
-150 160 -60 132.808
-150 160 60 134.104
-150 170 -60 133.264
-150 170 60 134.597
-140 -180 -60 133.504
-140 -180 60 134.897
-140 -170 -60 134.023
-140 -170 60 135.179
-140 -160 -60 134.182
-140 -160 60 135.502
-140 -150 -60 135.034
-140 -150 60 136.215
-140 -140 -60 135.968
-140 -140 60 137.296
-140 -130 -60 137.405
-140 -130 60 138.233
-140 -120 -60 138.649
-140 -120 60 139.435
-140 -110 -60 139.969
-140 -110 60 140.66
-140 -100 -60 141.005
-140 -100 60 141.762
-140 -90 -60 142.027
-140 -90 60 142.574
-140 -80 -60 142.714
-140 -80 60 143.377
-140 -70 -60 143.418
-140 -70 60 143.924
-140 -60 -60 143.216
-140 -60 60 144.406
-140 -50 -60 143.527
-140 -50 60 144.846
-140 -40 -60 143.534
-140 -40 60 144.79
-140 -30 -60 142.796
-140 -30 60 144.217
-140 -20 -60 141.96
-140 -20 60 143.453
-140 -10 -60 140.615
-140 -10 60 142.062
-140 0 -60 138.817
-140 0 60 140.415
-140 10 -60 137.327
-140 10 60 138.59
-140 20 -60 135.626
-140 20 60 136.735
-140 30 -60 134.005
-140 30 60 130.801
-140 40 -60 133.095
-140 40 60 129.636
-140 50 -60 132.246
-140 50 60 128.686
-140 60 -60 131.804
-140 60 60 128.562
-140 70 -60 131.589
-140 70 60 128.455
-140 80 -60 131.507
-140 80 60 128.27
-140 90 -60 131.329
-140 90 60 128.546
-140 100 -60 131.528
-140 100 60 128.78
-140 110 -60 131.503
-140 110 60 131.902
-140 120 -60 131.662
-140 120 60 132.359
-140 130 -60 132.158
-140 130 60 132.589
-140 140 -60 132.367
-140 140 60 133.096
-140 150 -60 132.827
-140 150 60 133.659
-140 160 -60 133.106
-140 160 60 134.297
-140 170 -60 133.404
-140 170 60 134.566
-130 -180 -60 133.769
-130 -180 60 134.712
-130 -170 -60 134.014
-130 -170 60 135.058
-130 -160 -60 134.475
-130 -160 60 135.564
-130 -150 -60 135.171
-130 -150 60 136.333
-130 -140 -60 136.034
-130 -140 60 137.344
-130 -130 -60 137.54
-130 -130 60 138.376
-130 -120 -60 138.738
-130 -120 60 139.74
-130 -110 -60 140.301
-130 -110 60 140.863
-130 -100 -60 141.091
-130 -100 60 141.649
-130 -90 -60 141.949
-130 -90 60 142.48
-130 -80 -60 142.771
-130 -80 60 143.282
-130 -70 -60 143.298
-130 -70 60 143.868
-130 -60 -60 143.521
-130 -60 60 144.249
-130 -50 -60 143.673
-130 -50 60 144.491
-130 -40 -60 143.535
-130 -40 60 144.341
-130 -30 -60 142.638
-130 -30 60 143.979
-130 -20 -60 141.878
-130 -20 60 143.303
-130 -10 -60 140.662
-130 -10 60 141.918
-130 0 -60 139.114
-130 0 60 140.216
-130 10 -60 137.308
-130 10 60 138.55
-130 20 -60 135.603
-130 20 60 132.35
-130 30 -60 134.498
-130 30 60 130.991
-130 40 -60 133.297
-130 40 60 129.889
-130 50 -60 132.605
-130 50 60 128.974
-130 60 -60 131.934
-130 60 60 128.733
-130 70 -60 131.838
-130 70 60 128.584
-130 80 -60 131.635
-130 80 60 128.569
-130 90 -60 131.479
-130 90 60 128.7
-130 100 -60 131.853
-130 100 60 128.83
-130 110 -60 131.594
-130 110 60 129.082
-130 120 -60 131.756
-130 120 60 131.987
-130 130 -60 132.158
-130 130 60 132.376
-130 140 -60 132.446
-130 140 60 133.002
-130 150 -60 132.841
-130 150 60 133.475
-130 160 -60 133.347
-130 160 60 133.977
-130 170 -60 133.419
-130 170 60 134.508
-120 -180 -60 133.733
-120 -180 60 134.663
-120 -170 -60 134.199
-120 -170 60 135.048
-120 -160 -60 134.742
-120 -160 60 135.672
-120 -150 -60 135.368
-120 -150 60 136.614
-120 -140 -60 136.46
-120 -140 60 137.509
-120 -130 -60 137.65
-120 -130 60 138.833
-120 -120 -60 138.803
-120 -120 60 139.707
-120 -110 -60 140.245
-120 -110 60 140.669
-120 -100 -60 141.303
-120 -100 60 141.558
-120 -90 -60 142.139
-120 -90 60 142.333
-120 -80 -60 142.631
-120 -80 60 142.937
-120 -70 -60 143.294
-120 -70 60 143.496
-120 -60 -60 143.43
-120 -60 60 144.212
-120 -50 -60 143.585
-120 -50 60 144.125
-120 -40 -60 143.243
-120 -40 60 144.073
-120 -30 -60 142.705
-120 -30 60 143.778
-120 -20 -60 141.841
-120 -20 60 143.087
-120 -10 -60 140.501
-120 -10 60 141.907
-120 0 -60 139.085
-120 0 60 140.061
-120 10 -60 137.496
-120 10 60 138.477
-120 20 -60 135.898
-120 20 60 132.451
-120 30 -60 134.382
-120 30 60 131.085
-120 40 -60 133.246
-120 40 60 130.21
-120 50 -60 132.521
-120 50 60 129.339
-120 60 -60 132.081
-120 60 60 128.884
-120 70 -60 131.865
-120 70 60 128.85
-120 80 -60 131.819
-120 80 60 128.698
-120 90 -60 131.873
-120 90 60 128.779
-120 100 -60 131.804
-120 100 60 128.941
-120 110 -60 131.746
-120 110 60 129.325
-120 120 -60 131.726
-120 120 60 131.874
-120 130 -60 131.911
-120 130 60 132.426
-120 140 -60 132.357
-120 140 60 132.881
-120 150 -60 132.632
-120 150 60 133.525
-120 160 -60 133.045
-120 160 60 133.93
-120 170 -60 133.313
-120 170 60 134.315
-110 -180 -60 133.679
-110 -180 60 134.824
-110 -170 -60 134.363
-110 -170 60 135.259
-110 -160 -60 134.852
-110 -160 60 135.868
-110 -150 -60 135.5
-110 -150 60 136.723
-110 -140 -60 136.6
-110 -140 60 137.606
-110 -130 -60 137.686
-110 -130 60 138.694
-110 -120 -60 139.144
-110 -120 60 139.891
-110 -90 -60 141.987
-110 -90 60 142.465
-110 -80 -60 142.562
-110 -80 60 142.972
-110 -70 -60 143.2
-110 -70 60 143.471
-110 -60 -60 143.263
-110 -60 60 143.773
-110 -50 -60 143.339
-110 -50 60 143.958
-110 -40 -60 143.231
-110 -40 60 143.91
-110 -30 -60 142.536
-110 -30 60 143.719
-110 -20 -60 141.551
-110 -20 60 142.867
-110 -10 -60 140.508
-110 -10 60 141.797
-110 0 -60 139.138
-110 0 60 140.227
-110 10 -60 137.588
-110 10 60 134.223
-110 20 -60 136.082
-110 20 60 132.653
-110 30 -60 134.527
-110 30 60 131.3
-110 40 -60 133.504
-110 40 60 130.27
-110 50 -60 132.73
-110 50 60 129.422
-110 60 -60 132.362
-110 60 60 128.98
-110 70 -60 131.992
-110 70 60 129.039
-110 80 -60 131.612
-110 80 60 128.68
-110 90 -60 131.799
-110 90 60 129.049
-110 100 -60 131.8
-110 100 60 129.098
-110 110 -60 131.52
-110 110 60 129.112
-110 120 -60 131.924
-110 120 60 129.651
-110 130 -60 131.78
-110 130 60 132.237
-110 140 -60 132.334
-110 140 60 132.936
-110 150 -60 132.461
-110 150 60 133.381
-110 160 -60 132.909
-110 160 60 134.074
-110 170 -60 133.439
-110 170 60 134.546
-100 -180 -60 134.126
-100 -180 60 135.075
-100 -170 -60 134.374
-100 -170 60 135.51
-100 -160 -60 134.939
-100 -160 60 135.943
-100 -150 -60 135.657
-100 -150 60 136.521
-100 -140 -60 136.879
-100 -140 60 137.736
-100 -130 -60 137.928
-100 -130 60 138.834
-100 -120 -60 139.239
-100 -120 60 139.855
-100 -80 -60 142.542
-100 -80 60 142.904
-100 -70 -60 143.05
-100 -70 60 143.428
-100 -60 -60 143.221
-100 -60 60 143.912
-100 -50 -60 143.136
-100 -50 60 143.835
-100 -40 -60 142.953
-100 -40 60 143.829
-100 -30 -60 142.506
-100 -30 60 143.604
-100 -20 -60 141.61
-100 -20 60 142.864
-100 -10 -60 140.547
-100 -10 60 141.693
-100 0 -60 139.133
-100 0 60 140.282
-100 10 -60 137.526
-100 10 60 134.348
-100 20 -60 135.946
-100 20 60 132.904
-100 30 -60 134.571
-100 30 60 131.514
-100 40 -60 133.432
-100 40 60 130.267
-100 50 -60 132.673
-100 50 60 129.603
-100 60 -60 132.334
-100 60 60 128.984
-100 70 -60 131.818
-100 70 60 128.964
-100 80 -60 131.894
-100 80 60 128.859
-100 90 -60 131.725
-100 90 60 129.171
-100 100 -60 131.407
-100 100 60 129.08
-100 110 -60 131.779
-100 110 60 129.351
-100 120 -60 131.718
-100 120 60 129.527
-100 130 -60 132.037
-100 130 60 132.402
-100 140 -60 132.328
-100 140 60 132.781
-100 150 -60 132.624
-100 150 60 133.397
-100 160 -60 133.1
-100 160 60 134.158
-100 170 -60 133.622
-100 170 60 134.363
-90 -180 -60 134.164
-90 -180 60 135.043
-90 -170 -60 134.517
-90 -170 60 135.716
-90 -160 -60 134.921
-90 -160 60 136.108
-90 -150 -60 135.746
-90 -150 60 136.75
-90 -140 -60 136.746
-90 -140 60 137.619
-90 -60 -60 142.935
-90 -60 60 143.491
-90 -50 -60 143.105
-90 -50 60 143.933
-90 -40 -60 142.951
-90 -40 60 144.121
-90 -30 -60 142.367
-90 -30 60 143.618
-90 -20 -60 141.538
-90 -20 60 143.097
-90 -10 -60 140.736
-90 -10 60 141.757
-90 0 -60 139.15
-90 0 60 140.166
-90 10 -60 137.715
-90 10 60 134.667
-90 20 -60 135.976
-90 20 60 132.727
-90 30 -60 134.456
-90 30 60 130.033
-90 40 -60 131.376
-90 40 60 128.922
-90 50 -60 130.521
-90 50 60 128.58
-90 60 -60 129.897
-90 60 60 127.761
-90 70 -60 131.653
-90 70 60 128.635
-90 80 -60 131.435
-90 80 60 128.855
-90 90 -60 131.637
-90 90 60 129.072
-90 100 -60 131.514
-90 100 60 129.153
-90 110 -60 131.435
-90 110 60 129.177
-90 120 -60 131.662
-90 120 60 129.431
-90 130 -60 131.916
-90 130 60 132.32
-90 140 -60 132.21
-90 140 60 132.7
-90 150 -60 132.63
-90 150 60 133.621
-90 160 -60 133.193
-90 160 60 133.953
-90 170 -60 133.762
-90 170 60 134.592
-80 -180 -60 134.16
-80 -180 60 135.378
-80 -170 -60 134.592
-80 -170 60 135.593
-80 -160 -60 135.088
-80 -160 60 136.01
-80 -150 -60 135.552
-80 -150 60 136.844
-80 -70 -60 142.836
-80 -70 60 143.42
-80 -60 -60 142.916
-80 -60 60 143.674
-80 -50 -60 143.17
-80 -50 60 143.946
-80 -40 -60 142.775
-80 -40 60 143.901
-80 -30 -60 142.633
-80 -30 60 143.814
-80 -20 -60 141.846
-80 -20 60 143.123
-80 -10 -60 140.556
-80 -10 60 142.007
-80 0 -60 139.315
-80 0 60 136.265
-80 10 -60 137.53
-80 10 60 134.55
-80 20 -60 134.096
-80 20 60 131.647
-80 30 -60 132.35
-80 30 60 129.706
-80 40 -60 130.867
-80 40 60 128.412
-80 50 -60 130.218
-80 50 60 128.148
-80 60 -60 129.892
-80 60 60 127.384
-80 70 -60 129.817
-80 70 60 127.367
-80 80 -60 131.324
-80 80 60 128.699
-80 90 -60 131.341
-80 90 60 128.889
-80 100 -60 131.246
-80 100 60 128.959
-80 110 -60 131.555
-80 110 60 129.136
-80 120 -60 131.774
-80 120 60 129.705
-80 130 -60 131.692
-80 130 60 129.902
-80 140 -60 132.16
-80 140 60 133.035
-80 150 -60 132.568
-80 150 60 133.573
-80 160 -60 133.231
-80 160 60 134.388
-80 170 -60 133.829
-80 170 60 134.857
-70 -180 -60 134.02
-70 -180 60 135.112
-70 -170 -60 134.249
-70 -170 60 135.444
-70 -160 -60 134.358
-70 -160 60 135.606
-70 -70 -60 142.487
-70 -70 60 143.244
-70 -60 -60 142.909
-70 -60 60 143.889
-70 -50 -60 143.146
-70 -50 60 144.284
-70 -40 -60 142.76
-70 -40 60 144.111
-70 -30 -60 142.716
-70 -30 60 143.916
-70 -20 -60 141.819
-70 -20 60 143.213
-70 -10 -60 140.587
-70 -10 60 141.937
-70 0 -60 139.012
-70 0 60 134.948
-70 10 -60 135.913
-70 10 60 133.22
-70 20 -60 133.706
-70 20 60 130.971
-70 80 -60 130.882
-70 80 60 128.139
-70 90 -60 130.914
-70 90 60 128.528
-70 100 -60 131.063
-70 100 60 128.882
-70 110 -60 131.209
-70 110 60 129.082
-70 120 -60 131.236
-70 120 60 129.754
-70 130 -60 131.817
-70 130 60 130.087
-70 140 -60 131.934
-70 140 60 132.885
-70 150 -60 132.692
-70 150 60 133.579
-70 160 -60 133.087
-70 160 60 134.33
-70 170 -60 133.751
-70 170 60 134.81
-60 -180 -60 133.676
-60 -180 60 134.786
-60 -170 -60 133.469
-60 -170 60 134.69
-60 -70 -60 142.704
-60 -70 60 143.31
-60 -60 -60 143.371
-60 -60 60 143.927
-60 -50 -60 143.315
-60 -50 60 144.407
-60 -40 -60 143.316
-60 -40 60 144.381
-60 -30 -60 142.471
-60 -30 60 143.786
-60 -20 -60 141.799
-60 -20 60 142.964
-60 -10 -60 139.073
-60 -10 60 140.939
-60 0 -60 137.592
-60 0 60 139.34
-60 10 -60 135.626
-60 10 60 137.431
-60 100 -60 130.843
-60 100 60 128.865
-60 110 -60 131.023
-60 110 60 129.268
-60 120 -60 131.268
-60 120 60 129.603
-60 130 -60 131.746
-60 130 60 130.224
-60 140 -60 132.18
-60 140 60 132.735
-60 150 -60 132.499
-60 150 60 133.658
-60 160 -60 133.057
-60 160 60 134.255
-60 170 -60 133.412
-60 170 60 134.577
-50 -70 -60 142.978
-50 -70 60 143.546
-50 -60 -60 143.331
-50 -60 60 144.237
-50 -50 -60 143.373
-50 -50 60 144.632
-50 -40 -60 143.167
-50 -40 60 144.29
-50 -30 -60 142.429
-50 -30 60 143.722
-50 -20 -60 140.171
-50 -20 60 142.072
-50 -10 -60 139.06
-50 -10 60 140.753
-50 100 -60 130.652
-50 100 60 128.515
-50 110 -60 131.019
-50 110 60 129.018
-50 120 -60 131.136
-50 120 60 131.056
-50 130 -60 131.364
-50 130 60 131.824
-50 140 -60 131.779
-50 140 60 132.488
-50 150 -60 132.196
-50 150 60 133.224
-50 160 -60 132.676
-50 160 60 133.725
-50 170 -60 132.605
-50 170 60 133.96
-40 -70 -60 142.982
-40 -70 60 143.943
-40 -60 -60 143.301
-40 -60 60 144.314
-40 -50 -60 143.178
-40 -50 60 144.518
-40 -40 -60 142.561
-40 -40 60 143.18
-40 -30 -60 140.853
-40 -30 60 142.915
-40 -20 -60 140.0
-40 -20 60 141.367
-40 100 -60 130.424
-40 100 60 128.047
-40 110 -60 130.598
-40 110 60 128.799
-40 120 -60 130.804
-40 120 60 130.647
-40 130 -60 131.241
-40 130 60 131.546
-40 140 -60 131.441
-40 140 60 132.245
-40 150 -60 131.667
-40 150 60 132.743
-40 160 -60 131.968
-40 160 60 132.999
30 -120 -60 137.828
30 -120 60 138.24
30 -110 -60 139.267
30 -110 60 139.284
30 -100 -60 140.461
30 -100 60 140.528
30 60 -60 130.385
30 60 60 127.412
30 70 -60 129.678
30 70 60 126.866
30 80 -60 129.5
30 80 60 126.913
30 90 -60 129.721
30 90 60 127.165
40 -160 -60 133.062
40 -160 60 133.797
40 -150 -60 133.842
40 -150 60 134.392
40 -140 -60 134.778
40 -140 60 135.319
40 -130 -60 136.225
40 -130 60 136.572
40 -120 -60 137.459
40 -120 60 138.08
40 -110 -60 139.016
40 -110 60 139.083
40 -100 -60 140.44
40 -100 60 140.35
40 -90 -60 141.364
40 -90 60 140.818
40 30 -60 132.29
40 30 60 130.189
40 40 -60 131.638
40 40 60 128.904
40 50 -60 130.58
40 50 60 127.82
40 60 -60 130.088
40 60 60 127.195
40 70 -60 129.766
40 70 60 127.109
40 80 -60 129.661
40 80 60 126.988
40 90 -60 129.741
40 90 60 127.364
50 -170 -60 132.338
50 -170 60 133.042
50 -160 -60 132.782
50 -160 60 133.467
50 -150 -60 133.819
50 -150 60 134.255
50 -140 -60 134.627
50 -140 60 135.573
50 -130 -60 136.25
50 -130 60 136.707
50 -120 -60 137.517
50 -120 60 138.055
50 -110 -60 138.859
50 -110 60 139.398
50 -100 -60 140.02
50 -100 60 140.192
50 20 -60 133.334
50 20 60 131.799
50 30 -60 132.432
50 30 60 130.413
50 40 -60 131.629
50 40 60 129.187
50 50 -60 130.884
50 50 60 128.101
50 60 -60 130.354
50 60 60 127.576
50 70 -60 129.922
50 70 60 127.401
50 80 -60 129.947
50 80 60 127.355
60 -180 -60 131.979
60 -180 60 132.852
60 -170 -60 132.528
60 -170 60 133.497
60 -160 -60 133.026
60 -160 60 134.098
60 -150 -60 133.668
60 -150 60 134.944
60 -140 -60 134.976
60 -140 60 136.347
60 -130 -60 136.474
60 -130 60 137.254
60 -120 -60 137.851
60 -120 60 138.725
60 -60 -60 141.735
60 -60 60 142.775
60 -50 -60 141.787
60 -50 60 142.808
60 -40 -60 141.34
60 -40 60 142.364
60 -30 -60 140.64
60 -30 60 141.753
60 0 -60 136.74
60 0 60 137.615
60 10 -60 135.044
60 10 60 134.08
60 20 -60 133.999
60 20 60 132.542
60 30 -60 132.731
60 30 60 131.205
60 40 -60 131.709
60 40 60 130.022
60 50 -60 131.065
60 50 60 128.887
60 60 -60 130.681
60 60 60 128.385
60 160 -60 131.03
60 160 60 131.801
60 170 -60 131.546
60 170 60 132.404
70 -180 -60 132.115
70 -180 60 134.051
70 -170 -60 132.605
70 -170 60 134.587
70 -160 -60 133.484
70 -160 60 135.239
70 -150 -60 134.44
70 -150 60 136.25
70 -140 -60 135.398
70 -140 60 137.373
70 -60 -60 141.452
70 -60 60 142.916
70 -50 -60 141.461
70 -50 60 142.993
70 -40 -60 141.343
70 -40 60 142.593
70 -30 -60 140.732
70 -30 60 142.456
70 -10 -60 138.469
70 -10 60 140.595
70 0 -60 136.779
70 0 60 139.4
70 10 -60 135.951
70 10 60 137.388
70 20 -60 134.372
70 20 60 133.239
70 30 -60 133.142
70 30 60 132.007
70 40 -60 132.356
70 40 60 130.861
70 160 -60 130.912
70 160 60 132.424
70 170 -60 131.717
70 170 60 133.412
80 -180 -60 132.625
80 -180 60 132.34
80 -170 -60 133.348
80 -170 60 131.112
80 -160 -60 134.051
80 -160 60 133.625
80 -150 -60 135.068
80 -150 60 134.409
80 -70 -60 141.937
80 -70 60 139.186
80 -60 -60 141.732
80 -60 60 139.513
80 -50 -60 141.449
80 -50 60 139.09
80 -40 -60 141.618
80 -40 60 139.381
80 -20 -60 140.352
80 -20 60 137.874
80 -10 -60 139.479
80 -10 60 142.268
80 0 -60 138.012
80 0 60 140.881
80 10 -60 136.668
80 10 60 139.328
80 20 -60 135.06
80 20 60 137.701
80 30 -60 133.92
80 30 60 135.816
80 140 -60 130.251
80 140 60 127.916
80 150 -60 130.915
80 150 60 130.283
80 160 -60 131.506
80 160 60 131.012
80 170 -60 132.077
80 170 60 129.699
90 -60 -60 142.396
90 -60 60 140.302
90 -20 -60 140.788
90 -20 60 139.169
90 -10 -60 139.858
90 -10 60 138.19
90 0 -60 138.641
90 0 60 136.795
90 150 -60 131.887
90 150 60 129.77
90 160 -60 132.458
90 160 60 130.62
120 -40 -60 144.751
120 -40 60 139.087
120 -30 -60 144.162
120 -30 60 138.714
130 -40 -60 145.594
130 -40 60 139.234
130 -30 -60 145.005
130 -30 60 138.791
140 -40 -60 146.601
140 -40 60 139.38
140 -30 -60 145.612
140 -30 60 138.813
140 -20 -60 145.28
140 -20 60 137.772
150 -20 -60 145.737
150 -20 60 141.851
170 170 -60 132.26
170 170 60 133.752
180 180 -60 131.425
180 180 60 134.434
180 -170 -60 131.598
180 -170 60 134.806
180 -160 -60 131.842
180 -160 60 135.26
180 -150 -60 132.411
180 -150 60 135.6
180 120 -60 128.911
180 120 60 131.467
180 130 -60 129.422
180 130 60 132.083
180 140 -60 129.66
180 140 60 132.419
180 150 -60 130.221
180 150 60 133.068
180 160 -60 130.537
180 160 60 133.966
180 170 -60 130.895
180 170 60 134.198
-170 180 -60 132.213
-170 180 60 134.819
-160 180 -60 132.981
-160 180 60 134.989
-150 180 -60 133.504
-150 180 60 134.818
-140 180 -60 133.504
-140 180 60 134.897
-130 180 -60 133.769
-130 180 60 134.712
-120 180 -60 133.733
-120 180 60 134.663
-110 180 -60 133.679
-110 180 60 134.824
-100 180 -60 134.126
-100 180 60 135.075
-90 180 -60 134.164
-90 180 60 135.043
-80 180 -60 134.16
-80 180 60 135.378
-70 180 -60 134.02
-70 180 60 135.112
-60 180 -60 133.676
-60 180 60 134.786
60 180 -60 131.979
60 180 60 132.852
70 180 -60 132.115
70 180 60 134.051
80 180 -60 132.625
80 180 60 132.34
180 -180 -60 131.425
180 -180 60 134.434
-180 180 -60 131.425
-180 180 60 134.434
