-180 -180 -60 132.475
-180 -180 60 126.513
-180 -170 -60 132.349
-180 -170 60 126.787
-180 120 -60 129.763
-180 120 60 124.018
-180 130 -60 130.324
-180 130 60 124.288
-180 140 -60 130.975
-180 140 60 124.846
-180 150 -60 131.49
-180 150 60 125.453
-180 160 -60 131.858
-180 160 60 125.862
-180 170 -60 132.363
-180 170 60 126.1
-170 -180 -60 134.12
-170 -180 60 127.498
-170 -170 -60 134.115
-170 -170 60 127.721
-170 -160 -60 134.305
-170 -160 60 128.089
-170 120 -60 131.469
-170 120 60 124.956
-170 130 -60 131.596
-170 130 60 125.38
-170 140 -60 132.127
-170 140 60 125.764
-170 150 -60 132.884
-170 150 60 126.492
-170 160 -60 133.386
-170 160 60 126.932
-170 170 -60 133.941
-170 170 60 127.149
-160 -180 -60 135.199
-160 -180 60 128.298
-160 -170 -60 135.388
-160 -170 60 128.578
-160 -160 -60 136.033
-160 -160 60 128.794
-160 100 -60 132.16
-160 100 60 125.738
-160 110 -60 132.446
-160 110 60 125.574
-160 120 -60 132.691
-160 120 60 126.06
-160 130 -60 133.212
-160 130 60 126.286
-160 140 -60 133.81
-160 140 60 126.913
-160 150 -60 134.288
-160 150 60 127.325
-160 160 -60 134.739
-160 160 60 127.637
-160 170 -60 135.067
-160 170 60 127.884
-150 -180 -60 136.25
-150 -180 60 128.963
-150 -170 -60 136.121
-150 -170 60 129.208
-150 -160 -60 137.158
-150 -160 60 129.641
-150 100 -60 133.023
-150 100 60 126.653
-150 110 -60 133.31
-150 110 60 126.763
-150 120 -60 133.699
-150 120 60 126.836
-150 130 -60 133.878
-150 130 60 127.174
-150 140 -60 134.655
-150 140 60 127.442
-150 150 -60 135.179
-150 150 60 127.995
-150 160 -60 135.759
-150 160 60 128.362
-150 170 -60 136.054
-150 170 60 128.716
-140 -180 -60 136.62
-140 -180 60 129.531
-140 -170 -60 136.93
-140 -170 60 129.713
-140 -160 -60 137.016
-140 -160 60 130.085
-140 -150 -60 138.235
-140 -150 60 130.783
-140 -140 -60 139.936
-140 -140 60 131.632
-140 -130 -60 139.688
-140 -130 60 132.871
-140 -120 -60 141.303
-140 -120 60 133.99
-140 -110 -60 142.316
-140 -110 60 135.235
-140 -100 -60 143.359
-140 -100 60 136.251
-140 -90 -60 144.123
-140 -90 60 137.003
-140 -80 -60 144.887
-140 -80 60 137.77
-140 -70 -60 145.546
-140 -70 60 138.424
-140 -60 -60 145.998
-140 -60 60 138.434
-140 -50 -60 146.097
-140 -50 60 138.67
-140 -40 -60 146.219
-140 -40 60 138.897
-140 -30 -60 146.067
-140 -30 60 138.334
-140 -20 -60 145.399
-140 -20 60 137.647
-140 -10 -60 144.281
-140 -10 60 136.22
-140 0 -60 142.548
-140 0 60 134.697
-140 10 -60 140.91
-140 10 60 133.043
-140 20 -60 139.514
-140 20 60 131.548
-140 30 -60 137.777
-140 30 60 129.894
-140 40 -60 136.605
-140 40 60 128.967
-140 50 -60 135.688
-140 50 60 128.212
-140 60 -60 134.686
-140 60 60 127.616
-140 70 -60 134.289
-140 70 60 127.255
-140 80 -60 133.983
-140 80 60 126.99
-140 90 -60 134.065
-140 90 60 127.074
-140 100 -60 133.985
-140 100 60 127.088
-140 110 -60 133.806
-140 110 60 127.127
-140 120 -60 134.479
-140 120 60 127.404
-140 130 -60 134.795
-140 130 60 127.786
-140 140 -60 135.275
-140 140 60 128.035
-140 150 -60 135.644
-140 150 60 128.526
-140 160 -60 136.409
-140 160 60 128.786
-140 170 -60 136.648
-140 170 60 129.357
-130 -180 -60 137.047
-130 -180 60 129.731
-130 -170 -60 137.257
-130 -170 60 130.124
-130 -160 -60 138.074
-130 -160 60 130.516
-130 -150 -60 138.709
-130 -150 60 131.067
-130 -140 -60 140.378
-130 -140 60 132.015
-130 -130 -60 140.081
-130 -130 60 133.165
-130 -120 -60 141.806
-130 -120 60 134.4
-130 -110 -60 142.939
-130 -110 60 135.386
-130 -100 -60 143.631
-130 -100 60 136.572
-130 -90 -60 144.671
-130 -90 60 137.258
-130 -80 -60 145.388
-130 -80 60 137.815
-130 -70 -60 145.79
-130 -70 60 138.375
-130 -60 -60 145.939
-130 -60 60 138.715
-130 -50 -60 146.176
-130 -50 60 138.753
-130 -40 -60 146.539
-130 -40 60 138.663
-130 -30 -60 146.176
-130 -30 60 138.561
-130 -20 -60 145.403
-130 -20 60 137.634
-130 -10 -60 144.474
-130 -10 60 136.349
-130 0 -60 143.025
-130 0 60 134.794
-130 10 -60 141.502
-130 10 60 133.414
-130 20 -60 139.782
-130 20 60 131.865
-130 30 -60 138.329
-130 30 60 130.365
-130 40 -60 137.1
-130 40 60 129.166
-130 50 -60 136.027
-130 50 60 128.385
-130 60 -60 135.336
-130 60 60 127.936
-130 70 -60 134.853
-130 70 60 127.585
-130 80 -60 134.438
-130 80 60 127.272
-130 90 -60 134.419
-130 90 60 127.133
-130 100 -60 134.271
-130 100 60 127.173
-130 110 -60 134.633
-130 110 60 127.262
-130 120 -60 134.591
-130 120 60 127.441
-130 130 -60 134.903
-130 130 60 127.882
-130 140 -60 135.597
-130 140 60 128.251
-130 150 -60 136.079
-130 150 60 128.54
-130 160 -60 136.488
-130 160 60 129.033
-130 170 -60 136.967
-130 170 60 129.316
-120 -180 -60 137.381
-120 -180 60 129.662
-120 -170 -60 137.428
-120 -170 60 130.231
-120 -160 -60 138.381
-120 -160 60 130.579
-120 -150 -60 138.954
-120 -150 60 131.335
-120 -140 -60 140.739
-120 -140 60 132.369
-120 -130 -60 140.507
-120 -130 60 133.492
-120 -120 -60 142.022
-120 -120 60 134.634
-120 -110 -60 143.037
-120 -110 60 135.91
-120 -100 -60 143.883
-120 -100 60 136.609
-120 -90 -60 144.755
-120 -90 60 137.471
-120 -80 -60 145.453
-120 -80 60 137.955
-120 -70 -60 145.874
-120 -70 60 138.412
-120 -60 -60 146.179
-120 -60 60 138.593
-120 -50 -60 146.417
-120 -50 60 138.724
-120 -40 -60 146.493
-120 -40 60 138.706
-120 -30 -60 146.009
-120 -30 60 138.321
-120 -20 -60 145.426
-120 -20 60 137.57
-120 -10 -60 144.598
-120 -10 60 136.302
-120 0 -60 143.087
-120 0 60 135.105
-120 10 -60 141.585
-120 10 60 133.482
-120 20 -60 140.162
-120 20 60 132.033
-120 30 -60 138.432
-120 30 60 130.422
-120 40 -60 137.336
-120 40 60 129.259
-120 50 -60 136.373
-120 50 60 128.678
-120 60 -60 135.441
-120 60 60 127.976
-120 70 -60 135.062
-120 70 60 127.654
-120 80 -60 134.686
-120 80 60 127.411
-120 90 -60 134.607
-120 90 60 127.212
-120 100 -60 134.767
-120 100 60 127.209
-120 110 -60 134.727
-120 110 60 127.208
-120 120 -60 134.796
-120 120 60 127.575
-120 130 -60 135.299
-120 130 60 128.083
-120 140 -60 135.734
-120 140 60 128.377
-120 150 -60 136.017
-120 150 60 128.496
-120 160 -60 136.667
-120 160 60 128.982
-120 170 -60 136.98
-120 170 60 129.256
-110 -180 -60 137.675
-110 -180 60 129.911
-110 -170 -60 137.894
-110 -170 60 130.221
-110 -160 -60 138.693
-110 -160 60 130.744
-110 -150 -60 139.148
-110 -150 60 131.596
-110 -140 -60 140.851
-110 -140 60 132.353
-110 -120 -60 142.211
-110 -120 60 134.604
-110 -110 -60 143.006
-110 -110 60 135.869
-110 -100 -60 144.259
-110 -100 60 136.627
-110 -90 -60 144.883
-110 -90 60 137.172
-110 -80 -60 145.332
-110 -80 60 137.955
-110 -70 -60 145.676
-110 -70 60 138.358
-110 -60 -60 146.072
-110 -60 60 138.541
-110 -50 -60 146.39
-110 -50 60 138.615
-110 -40 -60 146.246
-110 -40 60 138.328
-110 -30 -60 145.93
-110 -30 60 138.189
-110 -20 -60 145.18
-110 -20 60 137.29
-110 -10 -60 144.296
-110 -10 60 136.202
-110 0 -60 143.261
-110 0 60 135.013
-110 10 -60 141.674
-110 10 60 133.439
-110 20 -60 140.221
-110 20 60 132.127
-110 30 -60 138.822
-110 30 60 130.504
-110 40 -60 137.525
-110 40 60 129.418
-110 50 -60 136.325
-110 50 60 128.424
-110 80 -60 134.816
-110 80 60 127.288
-110 90 -60 134.798
-110 90 60 127.154
-110 100 -60 134.629
-110 100 60 127.184
-110 110 -60 134.333
-110 110 60 127.217
-110 120 -60 134.785
-110 120 60 127.539
-110 130 -60 135.096
-110 130 60 127.698
-110 140 -60 135.551
-110 140 60 128.063
-110 150 -60 136.195
-110 150 60 128.516
-110 160 -60 136.665
-110 160 60 128.915
-110 170 -60 137.136
-110 170 60 129.472
-100 -180 -60 137.752
-100 -180 60 129.89
-100 -170 -60 138.162
-100 -170 60 130.463
-100 -160 -60 138.699
-100 -160 60 130.987
-100 -150 -60 139.22
-100 -150 60 131.739
-100 -140 -60 141.08
-100 -140 60 132.553
-100 -120 -60 142.363
-100 -120 60 134.865
-100 -110 -60 143.076
-100 -110 60 135.488
-100 -100 -60 144.03
-100 -100 60 136.563
-100 -90 -60 144.667
-100 -90 60 137.31
-100 -80 -60 145.042
-100 -80 60 137.741
-100 -70 -60 145.435
-100 -70 60 138.18
-100 -60 -60 145.693
-100 -60 60 138.225
-100 -50 -60 146.05
-100 -50 60 138.48
-100 -40 -60 146.114
-100 -40 60 138.655
-100 -30 -60 145.68
-100 -30 60 138.042
-100 -20 -60 145.26
-100 -20 60 137.095
-100 -10 -60 144.471
-100 -10 60 136.355
-100 0 -60 143.323
-100 0 60 135.08
-100 10 -60 141.865
-100 10 60 133.314
-100 20 -60 140.368
-100 20 60 132.013
-100 30 -60 138.548
-100 30 60 130.433
-100 40 -60 137.39
-100 40 60 129.453
-100 50 -60 136.173
-100 50 60 128.618
-100 60 -60 135.478
-100 60 60 127.802
-100 70 -60 135.135
-100 70 60 127.521
-100 80 -60 134.703
-100 80 60 127.317
-100 90 -60 134.537
-100 90 60 127.159
-100 100 -60 134.61
-100 100 60 127.046
-100 110 -60 134.222
-100 110 60 127.043
-100 120 -60 134.593
-100 120 60 127.289
-100 130 -60 135.021
-100 130 60 127.535
-100 140 -60 135.36
-100 140 60 127.852
-100 150 -60 136.002
-100 150 60 128.403
-100 160 -60 136.741
-100 160 60 129.111
-100 170 -60 137.132
-100 170 60 129.539
-90 -180 -60 137.599
-90 -180 60 129.796
-90 -170 -60 138.029
-90 -170 60 130.491
-90 -160 -60 138.856
-90 -160 60 131.007
-90 -80 -60 144.96
-90 -80 60 137.365
-90 -70 -60 145.224
-90 -70 60 137.739
-90 -60 -60 145.83
-90 -60 60 138.207
-90 -50 -60 145.885
-90 -50 60 138.321
-90 -40 -60 145.941
-90 -40 60 138.337
-90 -30 -60 145.813
-90 -30 60 137.776
-90 -20 -60 144.998
-90 -20 60 137.405
-90 -10 -60 144.332
-90 -10 60 136.207
-90 0 -60 143.241
-90 0 60 134.844
-90 10 -60 141.788
-90 10 60 133.337
-90 20 -60 140.254
-90 20 60 131.714
-90 30 -60 138.319
-90 30 60 130.273
-90 40 -60 135.267
-90 40 60 127.631
-90 50 -60 134.06
-90 50 60 127.077
-90 60 -60 135.054
-90 60 60 127.231
-90 70 -60 134.759
-90 70 60 127.231
-90 80 -60 134.399
-90 80 60 126.969
-90 90 -60 134.296
-90 90 60 127.123
-90 100 -60 134.243
-90 100 60 127.133
-90 110 -60 134.433
-90 110 60 126.94
-90 120 -60 134.626
-90 120 60 127.275
-90 130 -60 135.086
-90 130 60 127.438
-90 140 -60 135.38
-90 140 60 127.948
-90 150 -60 136.125
-90 150 60 128.556
-90 160 -60 136.701
-90 160 60 129.007
-90 170 -60 137.314
-90 170 60 129.479
-80 -180 -60 137.552
-80 -180 60 130.055
-80 -170 -60 137.785
-80 -170 60 130.328
-80 -160 -60 138.538
-80 -160 60 130.677
-80 -80 -60 144.653
-80 -80 60 137.261
-80 -70 -60 145.199
-80 -70 60 137.598
-80 -60 -60 145.432
-80 -60 60 138.05
-80 -50 -60 145.601
-80 -50 60 138.449
-80 -40 -60 145.84
-80 -40 60 138.13
-80 -30 -60 145.647
-80 -30 60 137.772
-80 -20 -60 145.366
-80 -20 60 137.247
-80 -10 -60 144.263
-80 -10 60 136.238
-80 0 -60 143.388
-80 0 60 134.773
-80 10 -60 141.623
-80 10 60 133.169
-80 20 -60 137.923
-80 20 60 130.065
-80 30 -60 136.233
-80 30 60 128.422
-80 40 -60 134.564
-80 40 60 127.314
-80 50 -60 133.488
-80 50 60 126.377
-80 60 -60 133.78
-80 60 60 126.085
-80 70 -60 132.758
-80 70 60 126.4
-80 80 -60 134.194
-80 80 60 126.798
-80 90 -60 134.117
-80 90 60 126.757
-80 100 -60 133.953
-80 100 60 126.907
-80 110 -60 134.217
-80 110 60 126.842
-80 120 -60 134.352
-80 120 60 127.064
-80 130 -60 134.72
-80 130 60 127.334
-80 140 -60 135.271
-80 140 60 127.838
-80 150 -60 135.864
-80 150 60 128.322
-80 160 -60 136.693
-80 160 60 129.188
-80 170 -60 137.086
-80 170 60 129.559
-70 -180 -60 137.439
-70 -180 60 129.559
-70 -170 -60 137.435
-70 -170 60 130.007
-70 -60 -60 145.351
-70 -60 60 138.087
-70 -50 -60 145.587
-70 -50 60 138.437
-70 -40 -60 145.722
-70 -40 60 138.095
-70 -30 -60 145.598
-70 -30 60 137.913
-70 -20 -60 145.216
-70 -20 60 137.055
-70 -10 -60 144.205
-70 -10 60 136.195
-70 0 -60 142.816
-70 0 60 133.54
-70 10 -60 139.436
-70 10 60 131.694
-70 80 -60 133.625
-70 80 60 126.348
-70 90 -60 133.701
-70 90 60 126.415
-70 100 -60 133.67
-70 100 60 126.524
-70 110 -60 133.922
-70 110 60 126.602
-70 120 -60 133.89
-70 120 60 126.997
-70 130 -60 134.692
-70 130 60 127.342
-70 140 -60 134.936
-70 140 60 127.805
-70 150 -60 135.956
-70 150 60 128.394
-70 160 -60 136.561
-70 160 60 128.922
-70 170 -60 137.056
-70 170 60 129.299
-60 -180 -60 136.68
-60 -180 60 129.13
-60 -60 -60 145.435
-60 -60 60 138.269
-60 -50 -60 145.598
-60 -50 60 138.388
-60 -40 -60 145.914
-60 -40 60 138.429
-60 -30 -60 145.552
-60 -30 60 138.054
-60 -20 -60 145.128
-60 -20 60 137.019
-60 -10 -60 142.404
-60 -10 60 134.75
-60 0 -60 141.052
-60 0 60 133.382
-60 90 -60 133.446
-60 90 60 125.962
-60 100 -60 133.404
-60 100 60 126.233
-60 110 -60 133.486
-60 110 60 126.492
-60 120 -60 133.917
-60 120 60 126.842
-60 130 -60 134.301
-60 130 60 127.319
-60 140 -60 134.955
-60 140 60 127.666
-60 150 -60 135.598
-60 150 60 128.236
-60 160 -60 136.22
-60 160 60 128.662
-60 170 -60 136.696
-60 170 60 128.878
-50 -60 -60 145.423
-50 -60 60 138.189
-50 -50 -60 145.573
-50 -50 60 138.181
-50 -40 -60 145.638
-50 -40 60 138.01
-50 -30 -60 145.51
-50 -30 60 137.46
-50 -20 -60 142.964
-50 -20 60 135.856
-50 100 -60 133.043
-50 100 60 125.923
-50 110 -60 133.39
-50 110 60 126.379
-50 120 -60 133.409
-50 120 60 126.493
-50 130 -60 133.804
-50 130 60 126.892
-50 140 -60 134.61
-50 140 60 127.323
-50 150 -60 135.111
-50 150 60 127.585
-50 160 -60 135.516
-50 160 60 128.211
-40 -70 -60 144.982
-40 -70 60 137.9
-40 -60 -60 145.399
-40 -60 60 138.113
-40 -50 -60 145.528
-40 -50 60 138.218
-40 -40 -60 145.21
-40 -40 60 137.776
-40 -30 -60 143.175
-40 -30 60 136.318
-40 -20 -60 143.087
-40 -20 60 135.401
-40 100 -60 132.6
-40 100 60 125.709
-40 110 -60 132.721
-40 110 60 125.764
-40 120 -60 133.089
-40 120 60 125.994
-40 130 -60 133.468
-40 130 60 126.419
-40 140 -60 134.045
-40 140 60 126.878
-40 150 -60 134.538
-40 150 60 127.415
-30 120 -60 132.325
-30 120 60 125.72
-30 130 -60 132.954
-30 130 60 126.006
-30 140 -60 133.253
-30 140 60 126.39
20 60 -60 133.881
20 60 60 125.874
20 70 -60 132.761
20 70 60 125.044
20 80 -60 132.003
20 80 60 124.565
20 90 -60 131.509
20 90 60 123.995
20 100 -60 130.925
20 100 60 123.94
30 -120 -60 140.568
30 -120 60 132.631
30 -110 -60 141.471
30 -110 60 133.713
30 -100 -60 142.673
30 -100 60 134.868
30 50 -60 134.494
30 50 60 126.164
30 60 -60 133.465
30 60 60 125.396
30 70 -60 132.698
30 70 60 124.853
30 80 -60 132.198
30 80 60 124.462
30 90 -60 131.87
30 90 60 124.14
30 100 -60 132.323
30 100 60 124.21
40 -170 -60 135.726
40 -170 60 128.109
40 -160 -60 136.655
40 -160 60 128.396
40 -150 -60 137.173
40 -150 60 128.894
40 -140 -60 138.635
40 -140 60 129.797
40 -130 -60 138.332
40 -130 60 130.969
40 -120 -60 140.239
40 -120 60 132.123
40 -110 -60 141.199
40 -110 60 133.278
40 -100 -60 142.523
40 -100 60 134.662
40 20 -60 138.395
40 20 60 129.304
40 30 -60 135.951
40 30 60 127.688
40 40 -60 135.347
40 40 60 126.894
40 50 -60 134.049
40 50 60 125.74
40 60 -60 133.166
40 60 60 125.286
40 70 -60 132.545
40 70 60 124.608
40 80 -60 132.506
40 80 60 124.492
40 90 -60 132.39
40 90 60 124.244
40 100 -60 132.557
40 100 60 124.459
50 -180 -60 135.279
50 -180 60 127.254
50 -170 -60 135.501
50 -170 60 127.69
50 -160 -60 135.905
50 -160 60 128.217
50 -150 -60 136.902
50 -150 60 129.047
50 -140 -60 138.443
50 -140 60 129.794
50 -130 -60 138.469
50 -130 60 131.184
50 -120 -60 140.371
50 -120 60 132.463
50 10 -60 138.628
50 10 60 130.52
50 20 -60 137.364
50 20 60 129.488
50 30 -60 136.524
50 30 60 128.089
50 40 -60 135.205
50 40 60 127.033
50 50 -60 134.339
50 50 60 126.136
50 60 -60 133.466
50 60 60 125.542
50 70 -60 132.936
50 70 60 125.23
50 80 -60 132.43
50 80 60 124.882
60 -180 -60 134.935
60 -180 60 127.576
60 -170 -60 135.473
60 -170 60 128.239
60 -160 -60 136.614
60 -160 60 128.866
60 -150 -60 137.13
60 -150 60 129.744
60 -140 -60 139.078
60 -140 60 130.995
60 -130 -60 138.901
60 -130 60 132.022
60 -20 -60 143.232
60 -20 60 135.358
60 -10 -60 141.848
60 -10 60 133.877
60 0 -60 140.405
60 0 60 132.392
60 10 -60 138.725
60 10 60 131.709
60 20 -60 137.989
60 20 60 130.142
60 30 -60 136.582
60 30 60 128.887
60 40 -60 135.495
60 40 60 127.818
60 50 -60 134.599
60 50 60 126.949
60 60 -60 133.632
60 60 60 126.233
60 70 -60 132.889
60 70 60 125.931
60 80 -60 132.655
60 80 60 125.571
60 140 -60 133.07
60 140 60 125.863
60 150 -60 133.527
60 150 60 126.002
60 160 -60 134.044
60 160 60 126.546
60 170 -60 134.642
60 170 60 127.191
70 -180 -60 135.414
70 -180 60 128.875
70 -170 -60 135.835
70 -170 60 129.573
70 -160 -60 136.99
70 -160 60 130.317
70 -20 -60 143.096
70 -20 60 136.278
70 -10 -60 141.838
70 -10 60 135.524
70 0 -60 140.504
70 0 60 134.122
70 10 -60 139.73
70 10 60 132.789
70 20 -60 138.467
70 20 60 131.355
70 30 -60 137.047
70 30 60 130.244
70 40 -60 136.021
70 40 60 128.94
70 50 -60 134.832
70 50 60 128.068
70 60 -60 134.188
70 60 60 127.471
70 140 -60 132.98
70 140 60 126.491
70 150 -60 133.438
70 150 60 127.037
70 160 -60 134.103
70 160 60 127.739
70 170 -60 134.812
70 170 60 128.486
80 -180 -60 136.024
80 -180 60 131.016
80 -20 -60 143.677
80 -20 60 138.143
80 -10 -60 143.143
80 -10 60 137.26
80 0 -60 141.689
80 0 60 136.019
80 10 -60 140.388
80 10 60 134.683
80 20 -60 139.077
80 20 60 133.219
80 30 -60 137.731
80 30 60 132.087
80 40 -60 136.506
80 40 60 130.679
80 120 -60 132.349
80 120 60 127.449
80 130 -60 132.686
80 130 60 127.744
80 140 -60 133.206
80 140 60 128.438
80 150 -60 133.851
80 150 60 128.823
80 160 -60 134.829
80 160 60 129.515
80 170 -60 135.409
80 170 60 130.232
170 140 -60 129.316
170 140 60 124.137
170 150 -60 130.163
170 150 60 124.816
170 160 -60 130.565
170 160 60 125.244
180 180 -60 132.475
180 180 60 126.513
180 -170 -60 132.349
180 -170 60 126.787
180 120 -60 129.763
180 120 60 124.018
180 130 -60 130.324
180 130 60 124.288
180 140 -60 130.975
180 140 60 124.846
180 150 -60 131.49
180 150 60 125.453
180 160 -60 131.858
180 160 60 125.862
180 170 -60 132.363
180 170 60 126.1
-170 180 -60 134.12
-170 180 60 127.498
-160 180 -60 135.199
-160 180 60 128.298
-150 180 -60 136.25
-150 180 60 128.963
-140 180 -60 136.62
-140 180 60 129.531
-130 180 -60 137.047
-130 180 60 129.731
-120 180 -60 137.381
-120 180 60 129.662
-110 180 -60 137.675
-110 180 60 129.911
-100 180 -60 137.752
-100 180 60 129.89
-90 180 -60 137.599
-90 180 60 129.796
-80 180 -60 137.552
-80 180 60 130.055
-70 180 -60 137.439
-70 180 60 129.559
-60 180 -60 136.68
-60 180 60 129.13
50 180 -60 135.279
50 180 60 127.254
60 180 -60 134.935
60 180 60 127.576
70 180 -60 135.414
70 180 60 128.875
80 180 -60 136.024
80 180 60 131.016
180 -180 -60 132.475
180 -180 60 126.513
-180 180 -60 132.475
-180 180 60 126.513
