 0.132460D+03
 0.130050D+03
 0.130183D+03
 0.130774D+03
 0.131157D+03
 0.131575D+03
 0.131952D+03
 0.132941D+03
 0.133295D+03
 0.137450D+03
 0.130461D+03
 0.130299D+03
 0.130404D+03
 0.130427D+03
 0.130511D+03
 0.131118D+03
 0.131287D+03
 0.131838D+03
 0.132377D+03
 0.132720D+03
 0.133569D+03
 0.133801D+03
 0.134171D+03
 0.134613D+03
 0.135572D+03
 0.136704D+03
 0.138131D+03
 0.139180D+03
 0.140459D+03
 0.142137D+03
 0.140788D+03
 0.139179D+03
 0.137125D+03
 0.135396D+03
 0.134057D+03
 0.132845D+03
 0.132188D+03
 0.131453D+03
 0.131151D+03
 0.130768D+03
 0.130917D+03
 0.130894D+03
 0.131095D+03
 0.131260D+03
 0.131554D+03
 0.131913D+03
 0.132306D+03
 0.132645D+03
 0.133087D+03
 0.133747D+03
 0.133857D+03
 0.134381D+03
 0.135082D+03
 0.135820D+03
 0.136888D+03
 0.138389D+03
 0.139632D+03
 0.140703D+03
 0.143623D+03
 0.143014D+03
 0.142272D+03
 0.141071D+03
 0.139543D+03
 0.137679D+03
 0.135914D+03
 0.134421D+03
 0.133428D+03
 0.132644D+03
 0.132085D+03
 0.131624D+03
 0.131435D+03
 0.131538D+03
 0.131336D+03
 0.131527D+03
 0.131635D+03
 0.132057D+03
 0.132048D+03
 0.132532D+03
 0.133206D+03
 0.133348D+03
 0.133669D+03
 0.134068D+03
 0.134678D+03
 0.135258D+03
 0.136335D+03
 0.137431D+03
 0.138604D+03
 0.140177D+03
 0.141104D+03
 0.142183D+03
 0.143100D+03
 0.143756D+03
 0.143626D+03
 0.143659D+03
 0.143098D+03
 0.142528D+03
 0.141032D+03
 0.139658D+03
 0.137733D+03
 0.136230D+03
 0.135028D+03
 0.133728D+03
 0.132925D+03
 0.132336D+03
 0.132054D+03
 0.131760D+03
 0.131784D+03
 0.131989D+03
 0.131705D+03
 0.131793D+03
 0.132020D+03
 0.132401D+03
 0.132989D+03
 0.133380D+03
 0.133373D+03
 0.134013D+03
 0.134216D+03
 0.134726D+03
 0.136659D+03
 0.137786D+03
 0.139345D+03
 0.140415D+03
 0.141513D+03
 0.142366D+03
 0.143112D+03
 0.143524D+03
 0.143853D+03
 0.143844D+03
 0.143689D+03
 0.143052D+03
 0.142252D+03
 0.141222D+03
 0.139617D+03
 0.137706D+03
 0.136415D+03
 0.135101D+03
 0.134004D+03
 0.133243D+03
 0.132969D+03
 0.132493D+03
 0.132376D+03
 0.132195D+03
 0.132108D+03
 0.132100D+03
 0.132029D+03
 0.132174D+03
 0.132696D+03
 0.132860D+03
 0.133199D+03
 0.133521D+03
 0.134200D+03
 0.134456D+03
 0.135151D+03
 0.136973D+03
 0.138190D+03
 0.139310D+03
 0.140575D+03
 0.141317D+03
 0.142562D+03
 0.143098D+03
 0.143410D+03
 0.143751D+03
 0.143829D+03
 0.143361D+03
 0.143131D+03
 0.142337D+03
 0.140923D+03
 0.139539D+03
 0.138233D+03
 0.136694D+03
 0.135168D+03
 0.134245D+03
 0.133656D+03
 0.132910D+03
 0.132717D+03
 0.132514D+03
 0.132366D+03
 0.132094D+03
 0.132142D+03
 0.132087D+03
 0.132462D+03
 0.132576D+03
 0.133095D+03
 0.133437D+03
 0.133789D+03
 0.134410D+03
 0.134631D+03
 0.135472D+03
 0.138465D+03
 0.139402D+03
 0.140605D+03
 0.141591D+03
 0.142425D+03
 0.143016D+03
 0.143240D+03
 0.143642D+03
 0.143660D+03
 0.143282D+03
 0.142698D+03
 0.142184D+03
 0.141056D+03
 0.139537D+03
 0.138164D+03
 0.137055D+03
 0.135501D+03
 0.134251D+03
 0.133742D+03
 0.133015D+03
 0.132678D+03
 0.132428D+03
 0.132245D+03
 0.132060D+03
 0.131986D+03
 0.132234D+03
 0.132362D+03
 0.132530D+03
 0.132991D+03
 0.133425D+03
 0.133801D+03
 0.134356D+03
 0.134888D+03
 0.135564D+03
 0.139364D+03
 0.140545D+03
 0.141440D+03
 0.142129D+03
 0.142538D+03
 0.143228D+03
 0.143423D+03
 0.143336D+03
 0.143221D+03
 0.142718D+03
 0.142101D+03
 0.140972D+03
 0.139707D+03
 0.138282D+03
 0.136524D+03
 0.135509D+03
 0.134176D+03
 0.133461D+03
 0.132823D+03
 0.132806D+03
 0.132271D+03
 0.132346D+03
 0.132005D+03
 0.131938D+03
 0.132203D+03
 0.132172D+03
 0.132548D+03
 0.132816D+03
 0.133316D+03
 0.133795D+03
 0.134337D+03
 0.134897D+03
 0.135611D+03
 0.142570D+03
 0.142980D+03
 0.143201D+03
 0.142913D+03
 0.143004D+03
 0.142615D+03
 0.141847D+03
 0.140948D+03
 0.139664D+03
 0.138306D+03
 0.136657D+03
 0.135022D+03
 0.132074D+03
 0.131138D+03
 0.130950D+03
 0.132108D+03
 0.132144D+03
 0.131775D+03
 0.131812D+03
 0.131692D+03
 0.131777D+03
 0.131885D+03
 0.132352D+03
 0.132605D+03
 0.133416D+03
 0.133945D+03
 0.134299D+03
 0.134683D+03
 0.135415D+03
 0.141964D+03
 0.142711D+03
 0.142876D+03
 0.142881D+03
 0.142950D+03
 0.142540D+03
 0.141991D+03
 0.140858D+03
 0.139617D+03
 0.138038D+03
 0.134410D+03
 0.132670D+03
 0.131369D+03
 0.130574D+03
 0.129530D+03
 0.129342D+03
 0.131710D+03
 0.131550D+03
 0.131782D+03
 0.131431D+03
 0.131550D+03
 0.131629D+03
 0.132246D+03
 0.132670D+03
 0.133259D+03
 0.133736D+03
 0.133909D+03
 0.134275D+03
 0.134562D+03
 0.141877D+03
 0.142290D+03
 0.142590D+03
 0.143088D+03
 0.142814D+03
 0.142582D+03
 0.142005D+03
 0.140913D+03
 0.139324D+03
 0.136059D+03
 0.133980D+03
 0.130622D+03
 0.129595D+03
 0.128912D+03
 0.128704D+03
 0.131012D+03
 0.131100D+03
 0.131161D+03
 0.131141D+03
 0.131496D+03
 0.131753D+03
 0.131921D+03
 0.132695D+03
 0.133123D+03
 0.133598D+03
 0.133398D+03
 0.133545D+03
 0.141571D+03
 0.142191D+03
 0.142606D+03
 0.142870D+03
 0.142698D+03
 0.142486D+03
 0.141633D+03
 0.138924D+03
 0.137527D+03
 0.130226D+03
 0.130489D+03
 0.130699D+03
 0.130839D+03
 0.131157D+03
 0.131297D+03
 0.131832D+03
 0.132286D+03
 0.132879D+03
 0.133167D+03
 0.142706D+03
 0.142843D+03
 0.142497D+03
 0.142022D+03
 0.139824D+03
 0.130316D+03
 0.130557D+03
 0.130719D+03
 0.130972D+03
 0.131674D+03
 0.131812D+03
 0.132252D+03
 0.142524D+03
 0.142608D+03
 0.141986D+03
 0.140199D+03
 0.139930D+03
 0.129884D+03
 0.130177D+03
 0.130296D+03
 0.130631D+03
 0.130759D+03
 0.131267D+03
 0.142029D+03
 0.129452D+03
 0.129240D+03
 0.129023D+03
 0.128883D+03
 0.128735D+03
 0.128642D+03
 0.134831D+03
 0.136193D+03
 0.137502D+03
 0.138835D+03
 0.132616D+03
 0.132368D+03
 0.131168D+03
 0.130553D+03
 0.130104D+03
 0.129891D+03
 0.134774D+03
 0.136092D+03
 0.137533D+03
 0.138818D+03
 0.133943D+03
 0.133125D+03
 0.132079D+03
 0.131296D+03
 0.130854D+03
 0.130446D+03
 0.130221D+03
 0.134020D+03
 0.135243D+03
 0.136666D+03
 0.137999D+03
 0.139215D+03
 0.141600D+03
 0.138778D+03
 0.137109D+03
 0.135504D+03
 0.134487D+03
 0.133575D+03
 0.132503D+03
 0.131663D+03
 0.131042D+03
 0.130686D+03
 0.130245D+03
 0.130075D+03
 0.130000D+03
 0.129671D+03
 0.129659D+03
 0.129876D+03
 0.130119D+03
 0.130600D+03
 0.131058D+03
 0.131273D+03
 0.132492D+03
 0.133029D+03
 0.133738D+03
 0.141719D+03
 0.142039D+03
 0.141491D+03
 0.141319D+03
 0.140325D+03
 0.139123D+03
 0.137945D+03
 0.136542D+03
 0.135303D+03
 0.134122D+03
 0.133045D+03
 0.132132D+03
 0.131733D+03
 0.131230D+03
 0.130547D+03
 0.130445D+03
 0.129876D+03
 0.129676D+03
 0.129613D+03
 0.129748D+03
 0.130031D+03
 0.130602D+03
 0.131331D+03
 0.131636D+03
 0.133192D+03
 0.133917D+03
 0.142507D+03
 0.142162D+03
 0.141976D+03
 0.141522D+03
 0.140917D+03
 0.140086D+03
 0.138905D+03
 0.137576D+03
 0.136210D+03
 0.134768D+03
 0.133746D+03
 0.132931D+03
 0.132390D+03
 0.131768D+03
 0.131328D+03
 0.130838D+03
 0.130594D+03
 0.130241D+03
 0.130229D+03
 0.130226D+03
 0.130619D+03
 0.130979D+03
 0.131918D+03
 0.132626D+03
 0.129403D+03
 0.130100D+03
 0.130449D+03
