 0.133166D+03
 0.133611D+03
 0.132046D+03
 0.131578D+03
 0.133832D+03
 0.134589D+03
 0.133107D+03
 0.132536D+03
 0.133907D+03
 0.132427D+03
 0.132022D+03
 0.134184D+03
 0.134897D+03
 0.132950D+03
 0.133429D+03
 0.133989D+03
 0.132854D+03
 0.132489D+03
 0.134873D+03
 0.135806D+03
 0.133542D+03
 0.132228D+03
 0.130827D+03
 0.131916D+03
 0.129334D+03
 0.129165D+03
 0.131559D+03
 0.133540D+03
 0.131622D+03
 0.132865D+03
 0.131042D+03
 0.132323D+03
 0.129743D+03
 0.129626D+03
 0.132089D+03
 0.133497D+03
 0.131756D+03
 0.133451D+03
 0.131039D+03
 0.132431D+03
 0.130059D+03
 0.129851D+03
 0.132443D+03
 0.133284D+03
 0.132166D+03
 0.134105D+03
 0.131775D+03
 0.133020D+03
 0.130742D+03
 0.130573D+03
 0.132762D+03
 0.133397D+03
 0.132078D+03
 0.135057D+03
 0.132421D+03
 0.133542D+03
 0.130980D+03
 0.130726D+03
 0.133169D+03
 0.133964D+03
 0.132283D+03
 0.134923D+03
 0.132943D+03
 0.134031D+03
 0.131405D+03
 0.131445D+03
 0.133270D+03
 0.134535D+03
 0.132634D+03
 0.132632D+03
 0.133897D+03
 0.132427D+03
 0.132708D+03
 0.134245D+03
 0.134972D+03
 0.133332D+03
 0.133156D+03
 0.134243D+03
 0.132527D+03
 0.133044D+03
 0.134478D+03
 0.135353D+03
 0.133094D+03
 0.133708D+03
 0.134377D+03
 0.133040D+03
 0.133381D+03
 0.134999D+03
 0.136302D+03
 0.133820D+03
 0.131996D+03
 0.130854D+03
 0.131739D+03
 0.129711D+03
 0.130011D+03
 0.132117D+03
 0.135557D+03
 0.131873D+03
 0.132479D+03
 0.130775D+03
 0.132101D+03
 0.129765D+03
 0.130196D+03
 0.132088D+03
 0.134926D+03
 0.131713D+03
 0.132674D+03
 0.131416D+03
 0.132507D+03
 0.129891D+03
 0.130364D+03
 0.132277D+03
 0.134440D+03
 0.132002D+03
 0.133300D+03
 0.131381D+03
 0.132818D+03
 0.130213D+03
 0.130642D+03
 0.132466D+03
 0.133919D+03
 0.132331D+03
 0.133905D+03
 0.131547D+03
 0.133303D+03
 0.130699D+03
 0.130895D+03
 0.132720D+03
 0.133742D+03
 0.132475D+03
 0.134526D+03
 0.132403D+03
 0.133336D+03
 0.131006D+03
 0.131599D+03
 0.132965D+03
 0.133722D+03
 0.133008D+03
 0.135552D+03
 0.132845D+03
 0.133934D+03
 0.131347D+03
 0.131943D+03
 0.133493D+03
 0.134417D+03
 0.133289D+03
 0.135360D+03
 0.133171D+03
 0.134274D+03
 0.131889D+03
 0.132256D+03
 0.133937D+03
 0.134750D+03
 0.133067D+03
 0.132966D+03
 0.134100D+03
 0.132867D+03
 0.133502D+03
 0.134499D+03
 0.135188D+03
 0.133871D+03
 0.133613D+03
 0.134215D+03
 0.132993D+03
 0.134038D+03
 0.134561D+03
 0.135768D+03
 0.133268D+03
 0.134009D+03
 0.134677D+03
 0.133423D+03
 0.134139D+03
 0.135180D+03
 0.136523D+03
 0.133896D+03
 0.141835D+03
 0.141884D+03
 0.142875D+03
 0.140171D+03
 0.141095D+03
 0.141749D+03
 0.142607D+03
 0.141433D+03
 0.140492D+03
 0.140252D+03
 0.141191D+03
 0.138515D+03
 0.139364D+03
 0.139785D+03
 0.140977D+03
 0.139275D+03
 0.138594D+03
 0.138124D+03
 0.139201D+03
 0.136814D+03
 0.137594D+03
 0.138218D+03
 0.138895D+03
 0.137383D+03
 0.138471D+03
 0.136259D+03
 0.137451D+03
 0.134973D+03
 0.135835D+03
 0.136498D+03
 0.136895D+03
 0.135804D+03
 0.136786D+03
 0.135309D+03
 0.135922D+03
 0.133433D+03
 0.134343D+03
 0.135041D+03
 0.135216D+03
 0.134715D+03
 0.136578D+03
 0.134066D+03
 0.134675D+03
 0.132371D+03
 0.133098D+03
 0.134384D+03
 0.134324D+03
 0.133423D+03
 0.135289D+03
 0.133071D+03
 0.133691D+03
 0.131734D+03
 0.132269D+03
 0.133620D+03
 0.133854D+03
 0.132867D+03
 0.134220D+03
 0.132697D+03
 0.132741D+03
 0.130945D+03
 0.131679D+03
 0.133086D+03
 0.134041D+03
 0.132325D+03
 0.133330D+03
 0.132164D+03
 0.132510D+03
 0.130587D+03
 0.131284D+03
 0.132786D+03
 0.134322D+03
 0.131832D+03
 0.132833D+03
 0.131857D+03
 0.132101D+03
 0.130409D+03
 0.131256D+03
 0.132539D+03
 0.135278D+03
 0.132285D+03
 0.132466D+03
 0.131807D+03
 0.132522D+03
 0.130352D+03
 0.131084D+03
 0.132352D+03
 0.135751D+03
 0.132178D+03
 0.132445D+03
 0.132010D+03
 0.132250D+03
 0.130447D+03
 0.131097D+03
 0.132267D+03
 0.135691D+03
 0.131541D+03
 0.132728D+03
 0.131309D+03
 0.132587D+03
 0.130356D+03
 0.131287D+03
 0.132338D+03
 0.135230D+03
 0.131997D+03
 0.133153D+03
 0.131782D+03
 0.132880D+03
 0.130836D+03
 0.131520D+03
 0.132375D+03
 0.134504D+03
 0.132229D+03
 0.133632D+03
 0.131920D+03
 0.133116D+03
 0.131136D+03
 0.131708D+03
 0.132686D+03
 0.134119D+03
 0.132439D+03
 0.134194D+03
 0.131685D+03
 0.133373D+03
 0.131135D+03
 0.132263D+03
 0.132648D+03
 0.134042D+03
 0.132296D+03
 0.134734D+03
 0.132590D+03
 0.134156D+03
 0.131596D+03
 0.132474D+03
 0.133508D+03
 0.134009D+03
 0.133057D+03
 0.135772D+03
 0.133209D+03
 0.134036D+03
 0.132162D+03
 0.132827D+03
 0.133966D+03
 0.134538D+03
 0.133399D+03
 0.135694D+03
 0.133257D+03
 0.134531D+03
 0.132462D+03
 0.133299D+03
 0.133966D+03
 0.134914D+03
 0.133698D+03
 0.133628D+03
 0.134201D+03
 0.133585D+03
 0.135470D+03
 0.134855D+03
 0.134549D+03
 0.135295D+03
 0.133307D+03
 0.133123D+03
 0.134440D+03
 0.133806D+03
 0.135875D+03
 0.135165D+03
 0.134974D+03
 0.135705D+03
 0.133348D+03
 0.134143D+03
 0.134671D+03
 0.134094D+03
 0.136215D+03
 0.135357D+03
 0.135575D+03
 0.136544D+03
 0.134173D+03
 0.136431D+03
 0.137613D+03
 0.134715D+03
 0.136978D+03
 0.136279D+03
 0.136519D+03
 0.137558D+03
 0.135031D+03
 0.144039D+03
 0.143850D+03
 0.144774D+03
 0.142540D+03
 0.145086D+03
 0.144251D+03
 0.143879D+03
 0.144781D+03
 0.143319D+03
 0.143123D+03
 0.143015D+03
 0.143956D+03
 0.142035D+03
 0.144151D+03
 0.143634D+03
 0.143160D+03
 0.143947D+03
 0.142593D+03
 0.141768D+03
 0.142127D+03
 0.142950D+03
 0.140685D+03
 0.142941D+03
 0.142111D+03
 0.141935D+03
 0.142605D+03
 0.141161D+03
 0.140665D+03
 0.140533D+03
 0.141203D+03
 0.138905D+03
 0.141199D+03
 0.140577D+03
 0.140367D+03
 0.140833D+03
 0.139360D+03
 0.138670D+03
 0.138766D+03
 0.139431D+03
 0.137366D+03
 0.139350D+03
 0.138652D+03
 0.138829D+03
 0.138936D+03
 0.137540D+03
 0.138513D+03
 0.137190D+03
 0.137637D+03
 0.135667D+03
 0.137886D+03
 0.136814D+03
 0.137255D+03
 0.137032D+03
 0.135894D+03
 0.136904D+03
 0.135471D+03
 0.136135D+03
 0.134301D+03
 0.136534D+03
 0.135587D+03
 0.135897D+03
 0.135565D+03
 0.134730D+03
 0.136701D+03
 0.134322D+03
 0.134814D+03
 0.133247D+03
 0.135276D+03
 0.134581D+03
 0.134776D+03
 0.134537D+03
 0.133757D+03
 0.135475D+03
 0.133425D+03
 0.133785D+03
 0.132264D+03
 0.134329D+03
 0.133567D+03
 0.134082D+03
 0.134197D+03
 0.132990D+03
 0.134588D+03
 0.132893D+03
 0.133218D+03
 0.131917D+03
 0.133899D+03
 0.133029D+03
 0.133616D+03
 0.134085D+03
 0.132481D+03
 0.133760D+03
 0.132480D+03
 0.132752D+03
 0.131585D+03
 0.133702D+03
 0.132773D+03
 0.133266D+03
 0.134613D+03
 0.132385D+03
 0.133168D+03
 0.132273D+03
 0.132539D+03
 0.131337D+03
 0.133295D+03
 0.132702D+03
 0.132881D+03
 0.135444D+03
 0.132723D+03
 0.132759D+03
 0.132252D+03
 0.132504D+03
 0.131252D+03
 0.133454D+03
 0.132456D+03
 0.132787D+03
 0.135918D+03
 0.132422D+03
 0.132873D+03
 0.131819D+03
 0.132326D+03
 0.131066D+03
 0.133311D+03
 0.132667D+03
 0.132591D+03
 0.135841D+03
 0.132474D+03
 0.132785D+03
 0.131728D+03
 0.132820D+03
 0.131304D+03
 0.133405D+03
 0.132418D+03
 0.132615D+03
 0.135237D+03
 0.131933D+03
 0.133329D+03
 0.132012D+03
 0.132953D+03
 0.131274D+03
 0.133708D+03
 0.132751D+03
 0.132793D+03
 0.134636D+03
 0.132249D+03
 0.133641D+03
 0.132140D+03
 0.133258D+03
 0.131512D+03
 0.133785D+03
 0.133248D+03
 0.132991D+03
 0.134316D+03
 0.132693D+03
 0.134146D+03
 0.132020D+03
 0.133693D+03
 0.131965D+03
 0.134109D+03
 0.133256D+03
 0.132970D+03
 0.133928D+03
 0.132464D+03
 0.134747D+03
 0.132444D+03
 0.133959D+03
 0.132299D+03
 0.134502D+03
 0.133897D+03
 0.133241D+03
 0.134091D+03
 0.133060D+03
 0.135522D+03
 0.133177D+03
 0.134236D+03
 0.132669D+03
 0.134857D+03
 0.134332D+03
 0.133755D+03
 0.134546D+03
 0.133286D+03
 0.135483D+03
 0.133408D+03
 0.134577D+03
 0.133040D+03
 0.135189D+03
 0.134569D+03
 0.133909D+03
 0.134896D+03
 0.133320D+03
 0.133447D+03
 0.134127D+03
 0.133860D+03
 0.135888D+03
 0.135113D+03
 0.134568D+03
 0.135232D+03
 0.133207D+03
 0.133469D+03
 0.134381D+03
 0.134186D+03
 0.136071D+03
 0.135571D+03
 0.134982D+03
 0.135779D+03
 0.133320D+03
 0.134210D+03
 0.134781D+03
 0.134892D+03
 0.136615D+03
 0.135519D+03
 0.135598D+03
 0.136744D+03
 0.134305D+03
 0.136424D+03
 0.137638D+03
 0.135513D+03
 0.137387D+03
 0.136672D+03
 0.136241D+03
 0.137562D+03
 0.135149D+03
 0.137518D+03
 0.138522D+03
 0.136505D+03
 0.138309D+03
 0.137501D+03
 0.137293D+03
 0.138733D+03
 0.136488D+03
 0.144029D+03
 0.143092D+03
 0.144431D+03
 0.142740D+03
 0.144905D+03
 0.144598D+03
 0.143934D+03
 0.143225D+03
 0.144220D+03
 0.143536D+03
 0.144443D+03
 0.143538D+03
 0.145532D+03
 0.144649D+03
 0.144213D+03
 0.143802D+03
 0.144741D+03
 0.143997D+03
 0.144826D+03
 0.143656D+03
 0.145688D+03
 0.144997D+03
 0.144401D+03
 0.143778D+03
 0.145225D+03
 0.144107D+03
 0.144979D+03
 0.143849D+03
 0.145705D+03
 0.145089D+03
 0.144526D+03
 0.145672D+03
 0.144434D+03
 0.144598D+03
 0.144238D+03
 0.145056D+03
 0.143661D+03
 0.145697D+03
 0.144896D+03
 0.144322D+03
 0.145271D+03
 0.144427D+03
 0.144054D+03
 0.143982D+03
 0.144492D+03
 0.143287D+03
 0.145317D+03
 0.144635D+03
 0.143805D+03
 0.144729D+03
 0.143242D+03
 0.142929D+03
 0.143238D+03
 0.143942D+03
 0.142297D+03
 0.144348D+03
 0.143788D+03
 0.142955D+03
 0.143914D+03
 0.142443D+03
 0.141751D+03
 0.141509D+03
 0.142810D+03
 0.141102D+03
 0.143201D+03
 0.142597D+03
 0.141588D+03
 0.142587D+03
 0.141033D+03
 0.140577D+03
 0.140467D+03
 0.141035D+03
 0.139719D+03
 0.141647D+03
 0.141039D+03
 0.140062D+03
 0.140979D+03
 0.139370D+03
 0.138809D+03
 0.138855D+03
 0.139426D+03
 0.137994D+03
 0.139899D+03
 0.139291D+03
 0.138369D+03
 0.139375D+03
 0.137731D+03
 0.138632D+03
 0.137221D+03
 0.137637D+03
 0.136291D+03
 0.138395D+03
 0.137580D+03
 0.136826D+03
 0.137193D+03
 0.136201D+03
 0.137036D+03
 0.135848D+03
 0.136320D+03
 0.135039D+03
 0.136886D+03
 0.136041D+03
 0.135637D+03
 0.135637D+03
 0.134833D+03
 0.136958D+03
 0.134755D+03
 0.135052D+03
 0.133734D+03
 0.135888D+03
 0.134920D+03
 0.134753D+03
 0.134874D+03
 0.133965D+03
 0.135740D+03
 0.133800D+03
 0.134072D+03
 0.133016D+03
 0.134965D+03
 0.134261D+03
 0.134362D+03
 0.134486D+03
 0.133475D+03
 0.134808D+03
 0.133241D+03
 0.133581D+03
 0.132573D+03
 0.134521D+03
 0.133573D+03
 0.133863D+03
 0.134571D+03
 0.132985D+03
 0.133983D+03
 0.132779D+03
 0.133176D+03
 0.132157D+03
 0.134112D+03
 0.133428D+03
 0.133508D+03
 0.134975D+03
 0.133063D+03
 0.133462D+03
 0.132452D+03
 0.132836D+03
 0.132102D+03
 0.134086D+03
 0.133273D+03
 0.133378D+03
 0.135719D+03
 0.132551D+03
 0.132947D+03
 0.132576D+03
 0.132847D+03
 0.132119D+03
 0.134075D+03
 0.133173D+03
 0.133059D+03
 0.136153D+03
 0.132565D+03
 0.132815D+03
 0.132037D+03
 0.132994D+03
 0.131991D+03
 0.133756D+03
 0.133249D+03
 0.132824D+03
 0.136081D+03
 0.132715D+03
 0.133117D+03
 0.131727D+03
 0.132947D+03
 0.131875D+03
 0.133796D+03
 0.133256D+03
 0.132638D+03
 0.135577D+03
 0.132438D+03
 0.133391D+03
 0.132004D+03
 0.133158D+03
 0.132151D+03
 0.134183D+03
 0.133252D+03
 0.132688D+03
 0.134893D+03
 0.132143D+03
 0.133790D+03
 0.132331D+03
 0.133388D+03
 0.132377D+03
 0.134236D+03
 0.133559D+03
 0.132908D+03
 0.134539D+03
 0.132609D+03
 0.134345D+03
 0.132563D+03
 0.133447D+03
 0.132531D+03
 0.134410D+03
 0.133939D+03
 0.133130D+03
 0.133953D+03
 0.132818D+03
 0.134889D+03
 0.132548D+03
 0.133812D+03
 0.132798D+03
 0.134737D+03
 0.134182D+03
 0.133409D+03
 0.134024D+03
 0.132918D+03
 0.135683D+03
 0.133242D+03
 0.134280D+03
 0.133220D+03
 0.135101D+03
 0.134750D+03
 0.133759D+03
 0.134473D+03
 0.133408D+03
 0.135333D+03
 0.133573D+03
 0.134507D+03
 0.133682D+03
 0.135438D+03
 0.134870D+03
 0.134186D+03
 0.134921D+03
 0.133751D+03
 0.133631D+03
 0.134068D+03
 0.135153D+03
 0.135900D+03
 0.135199D+03
 0.134367D+03
 0.135600D+03
 0.132672D+03
 0.133198D+03
 0.134259D+03
 0.135454D+03
 0.136257D+03
 0.135548D+03
 0.134793D+03
 0.136125D+03
 0.133492D+03
 0.134024D+03
 0.134913D+03
 0.136010D+03
 0.136701D+03
 0.136259D+03
 0.135436D+03
 0.136644D+03
 0.134471D+03
 0.136696D+03
 0.137895D+03
 0.136625D+03
 0.137566D+03
 0.136836D+03
 0.136297D+03
 0.137634D+03
 0.135476D+03
 0.137700D+03
 0.138686D+03
 0.137699D+03
 0.138439D+03
 0.137932D+03
 0.137319D+03
 0.138834D+03
 0.136617D+03
 0.142723D+03
 0.142472D+03
 0.143884D+03
 0.143489D+03
 0.144431D+03
 0.143739D+03
 0.143457D+03
 0.142637D+03
 0.144163D+03
 0.143452D+03
 0.144523D+03
 0.143914D+03
 0.144969D+03
 0.144562D+03
 0.143923D+03
 0.143313D+03
 0.144657D+03
 0.143782D+03
 0.144601D+03
 0.144417D+03
 0.145709D+03
 0.144828D+03
 0.143974D+03
 0.143825D+03
 0.144651D+03
 0.144080D+03
 0.144765D+03
 0.144636D+03
 0.145688D+03
 0.145184D+03
 0.144223D+03
 0.143740D+03
 0.145045D+03
 0.144026D+03
 0.145302D+03
 0.144893D+03
 0.145919D+03
 0.145088D+03
 0.144320D+03
 0.145512D+03
 0.144341D+03
 0.144612D+03
 0.144018D+03
 0.144759D+03
 0.144642D+03
 0.145770D+03
 0.145196D+03
 0.144124D+03
 0.145342D+03
 0.144376D+03
 0.143998D+03
 0.143881D+03
 0.144534D+03
 0.144112D+03
 0.145186D+03
 0.144681D+03
 0.143598D+03
 0.144662D+03
 0.143289D+03
 0.142892D+03
 0.142753D+03
 0.143862D+03
 0.143383D+03
 0.144373D+03
 0.143066D+03
 0.142665D+03
 0.143782D+03
 0.142448D+03
 0.141603D+03
 0.142095D+03
 0.142670D+03
 0.142157D+03
 0.143103D+03
 0.141867D+03
 0.141664D+03
 0.142754D+03
 0.141075D+03
 0.140379D+03
 0.140507D+03
 0.141239D+03
 0.140573D+03
 0.141467D+03
 0.140827D+03
 0.140195D+03
 0.140949D+03
 0.139626D+03
 0.139001D+03
 0.138825D+03
 0.139469D+03
 0.138926D+03
 0.139884D+03
 0.139300D+03
 0.138632D+03
 0.139000D+03
 0.137766D+03
 0.138636D+03
 0.137333D+03
 0.137961D+03
 0.137463D+03
 0.138550D+03
 0.137814D+03
 0.137001D+03
 0.137267D+03
 0.136327D+03
 0.137235D+03
 0.135778D+03
 0.136330D+03
 0.136127D+03
 0.137027D+03
 0.136385D+03
 0.135802D+03
 0.135644D+03
 0.135161D+03
 0.137061D+03
 0.134558D+03
 0.135324D+03
 0.135064D+03
 0.135937D+03
 0.135063D+03
 0.134883D+03
 0.134886D+03
 0.134188D+03
 0.135877D+03
 0.133986D+03
 0.134411D+03
 0.134338D+03
 0.135083D+03
 0.134447D+03
 0.134420D+03
 0.134644D+03
 0.133523D+03
 0.135004D+03
 0.133523D+03
 0.133834D+03
 0.133578D+03
 0.134636D+03
 0.134046D+03
 0.133966D+03
 0.134812D+03
 0.133410D+03
 0.134263D+03
 0.133224D+03
 0.133310D+03
 0.133477D+03
 0.134300D+03
 0.133738D+03
 0.133585D+03
 0.135106D+03
 0.133027D+03
 0.133652D+03
 0.132917D+03
 0.133352D+03
 0.133229D+03
 0.133966D+03
 0.133498D+03
 0.133413D+03
 0.135850D+03
 0.133122D+03
 0.133227D+03
 0.132972D+03
 0.133055D+03
 0.133007D+03
 0.134009D+03
 0.133493D+03
 0.133134D+03
 0.136312D+03
 0.132669D+03
 0.133277D+03
 0.132246D+03
 0.133158D+03
 0.132948D+03
 0.134019D+03
 0.133453D+03
 0.133032D+03
 0.136203D+03
 0.132452D+03
 0.133259D+03
 0.131341D+03
 0.133058D+03
 0.132996D+03
 0.134010D+03
 0.133245D+03
 0.132867D+03
 0.135924D+03
 0.132580D+03
 0.133498D+03
 0.132364D+03
 0.133255D+03
 0.133180D+03
 0.134172D+03
 0.133407D+03
 0.132604D+03
 0.134963D+03
 0.132575D+03
 0.133911D+03
 0.132484D+03
 0.133538D+03
 0.133365D+03
 0.134067D+03
 0.133791D+03
 0.133151D+03
 0.134319D+03
 0.132684D+03
 0.134518D+03
 0.132728D+03
 0.133366D+03
 0.133548D+03
 0.134580D+03
 0.134040D+03
 0.133198D+03
 0.134060D+03
 0.132840D+03
 0.134799D+03
 0.132606D+03
 0.133831D+03
 0.133871D+03
 0.134792D+03
 0.134107D+03
 0.133376D+03
 0.134109D+03
 0.133009D+03
 0.135618D+03
 0.133227D+03
 0.134163D+03
 0.134247D+03
 0.135333D+03
 0.134683D+03
 0.133648D+03
 0.134416D+03
 0.133483D+03
 0.135418D+03
 0.133611D+03
 0.134515D+03
 0.134681D+03
 0.135668D+03
 0.134808D+03
 0.133914D+03
 0.134970D+03
 0.133693D+03
 0.133170D+03
 0.134161D+03
 0.134919D+03
 0.134370D+03
 0.135389D+03
 0.134378D+03
 0.135551D+03
 0.134165D+03
 0.133396D+03
 0.134777D+03
 0.135312D+03
 0.134851D+03
 0.135681D+03
 0.134982D+03
 0.136093D+03
 0.133570D+03
 0.134374D+03
 0.135098D+03
 0.135898D+03
 0.135379D+03
 0.136100D+03
 0.135679D+03
 0.137080D+03
 0.134516D+03
 0.136701D+03
 0.138019D+03
 0.136815D+03
 0.136064D+03
 0.137093D+03
 0.136594D+03
 0.137973D+03
 0.135825D+03
 0.138030D+03
 0.138883D+03
 0.137757D+03
 0.136746D+03
 0.138190D+03
 0.137726D+03
 0.139084D+03
 0.136983D+03
 0.138876D+03
 0.139834D+03
 0.139041D+03
 0.137893D+03
 0.139493D+03
 0.138998D+03
 0.140640D+03
 0.138257D+03
 0.140180D+03
 0.140927D+03
 0.140524D+03
 0.139161D+03
 0.140662D+03
 0.140155D+03
 0.138791D+03
 0.143237D+03
 0.142157D+03
 0.141654D+03
 0.140435D+03
 0.141751D+03
 0.140775D+03
 0.140161D+03
 0.142308D+03
 0.141518D+03
 0.143174D+03
 0.142585D+03
 0.141480D+03
 0.142868D+03
 0.141920D+03
 0.141367D+03
 0.142811D+03
 0.142663D+03
 0.143900D+03
 0.143478D+03
 0.142066D+03
 0.143712D+03
 0.143315D+03
 0.142604D+03
 0.144211D+03
 0.143369D+03
 0.144649D+03
 0.143977D+03
 0.143033D+03
 0.144212D+03
 0.143851D+03
 0.143535D+03
 0.144621D+03
 0.143906D+03
 0.144733D+03
 0.144423D+03
 0.143071D+03
 0.144827D+03
 0.144068D+03
 0.143723D+03
 0.144918D+03
 0.144164D+03
 0.144654D+03
 0.144498D+03
 0.143233D+03
 0.144874D+03
 0.144407D+03
 0.143983D+03
 0.145069D+03
 0.144162D+03
 0.144709D+03
 0.144460D+03
 0.143332D+03
 0.144988D+03
 0.144162D+03
 0.145548D+03
 0.144447D+03
 0.144330D+03
 0.143988D+03
 0.144760D+03
 0.144347D+03
 0.143075D+03
 0.144720D+03
 0.143863D+03
 0.145118D+03
 0.143834D+03
 0.144043D+03
 0.143830D+03
 0.144280D+03
 0.143828D+03
 0.142411D+03
 0.144155D+03
 0.143415D+03
 0.144707D+03
 0.143218D+03
 0.142730D+03
 0.143077D+03
 0.143550D+03
 0.143013D+03
 0.141750D+03
 0.142653D+03
 0.142526D+03
 0.143830D+03
 0.142379D+03
 0.141796D+03
 0.141621D+03
 0.142615D+03
 0.141927D+03
 0.140580D+03
 0.141547D+03
 0.141431D+03
 0.142620D+03
 0.141017D+03
 0.140531D+03
 0.140434D+03
 0.141185D+03
 0.140516D+03
 0.140592D+03
 0.140862D+03
 0.140045D+03
 0.141099D+03
 0.139524D+03
 0.139211D+03
 0.138430D+03
 0.139752D+03
 0.138992D+03
 0.137738D+03
 0.139318D+03
 0.138556D+03
 0.139292D+03
 0.138006D+03
 0.138825D+03
 0.137296D+03
 0.137884D+03
 0.137623D+03
 0.136330D+03
 0.137863D+03
 0.137187D+03
 0.137523D+03
 0.136757D+03
 0.137485D+03
 0.136193D+03
 0.136667D+03
 0.135943D+03
 0.134911D+03
 0.136313D+03
 0.136011D+03
 0.136023D+03
 0.135335D+03
 0.137287D+03
 0.134895D+03
 0.135434D+03
 0.134973D+03
 0.133702D+03
 0.135414D+03
 0.135061D+03
 0.135080D+03
 0.134542D+03
 0.136114D+03
 0.133979D+03
 0.134590D+03
 0.134273D+03
 0.133260D+03
 0.134573D+03
 0.134361D+03
 0.134697D+03
 0.133977D+03
 0.135244D+03
 0.133423D+03
 0.133918D+03
 0.133747D+03
 0.134620D+03
 0.133965D+03
 0.133901D+03
 0.134777D+03
 0.133562D+03
 0.134362D+03
 0.133236D+03
 0.133491D+03
 0.133521D+03
 0.134217D+03
 0.132896D+03
 0.133594D+03
 0.135491D+03
 0.133153D+03
 0.134002D+03
 0.132429D+03
 0.133522D+03
 0.133089D+03
 0.133973D+03
 0.133545D+03
 0.133235D+03
 0.136095D+03
 0.133352D+03
 0.133435D+03
 0.133024D+03
 0.133504D+03
 0.133014D+03
 0.133860D+03
 0.133310D+03
 0.132983D+03
 0.136513D+03
 0.132900D+03
 0.133439D+03
 0.132135D+03
 0.133284D+03
 0.133036D+03
 0.133866D+03
 0.133244D+03
 0.132798D+03
 0.136394D+03
 0.132754D+03
 0.133309D+03
 0.131432D+03
 0.133158D+03
 0.132904D+03
 0.133841D+03
 0.133432D+03
 0.132601D+03
 0.136037D+03
 0.132613D+03
 0.133614D+03
 0.132341D+03
 0.133294D+03
 0.132922D+03
 0.133870D+03
 0.133454D+03
 0.132591D+03
 0.135095D+03
 0.132606D+03
 0.133938D+03
 0.132617D+03
 0.133382D+03
 0.133108D+03
 0.133881D+03
 0.133669D+03
 0.132653D+03
 0.134426D+03
 0.132743D+03
 0.134455D+03
 0.132621D+03
 0.133504D+03
 0.133584D+03
 0.134226D+03
 0.133990D+03
 0.132873D+03
 0.134098D+03
 0.132955D+03
 0.134779D+03
 0.132542D+03
 0.133997D+03
 0.133730D+03
 0.134574D+03
 0.134319D+03
 0.133206D+03
 0.134081D+03
 0.133133D+03
 0.135717D+03
 0.133181D+03
 0.134183D+03
 0.134208D+03
 0.133687D+03
 0.134593D+03
 0.133515D+03
 0.134705D+03
 0.133514D+03
 0.135489D+03
 0.133494D+03
 0.134603D+03
 0.134798D+03
 0.134034D+03
 0.134834D+03
 0.133925D+03
 0.135063D+03
 0.133937D+03
 0.133673D+03
 0.134334D+03
 0.134786D+03
 0.134689D+03
 0.135366D+03
 0.134428D+03
 0.135835D+03
 0.134307D+03
 0.133580D+03
 0.134915D+03
 0.135195D+03
 0.135046D+03
 0.135806D+03
 0.135008D+03
 0.136402D+03
 0.134002D+03
 0.134910D+03
 0.135147D+03
 0.135800D+03
 0.135620D+03
 0.136595D+03
 0.135775D+03
 0.137285D+03
 0.134845D+03
 0.137125D+03
 0.138302D+03
 0.136849D+03
 0.136437D+03
 0.137751D+03
 0.136750D+03
 0.138206D+03
 0.136062D+03
 0.138253D+03
 0.138909D+03
 0.137755D+03
 0.137400D+03
 0.138299D+03
 0.137900D+03
 0.139439D+03
 0.137205D+03
 0.139279D+03
 0.140030D+03
 0.138861D+03
 0.138609D+03
 0.140092D+03
 0.139132D+03
 0.140945D+03
 0.138453D+03
 0.140224D+03
 0.141091D+03
 0.140265D+03
 0.139793D+03
 0.140691D+03
 0.140358D+03
 0.139049D+03
 0.143398D+03
 0.142520D+03
 0.141429D+03
 0.140850D+03
 0.141910D+03
 0.140659D+03
 0.140566D+03
 0.142261D+03
 0.141681D+03
 0.143254D+03
 0.142394D+03
 0.141761D+03
 0.142987D+03
 0.141893D+03
 0.141623D+03
 0.143288D+03
 0.142548D+03
 0.143992D+03
 0.143100D+03
 0.142129D+03
 0.143887D+03
 0.143338D+03
 0.142448D+03
 0.144436D+03
 0.143267D+03
 0.144565D+03
 0.143931D+03
 0.142689D+03
 0.144284D+03
 0.143740D+03
 0.143332D+03
 0.144508D+03
 0.143781D+03
 0.144565D+03
 0.144096D+03
 0.143498D+03
 0.144388D+03
 0.143981D+03
 0.143621D+03
 0.144998D+03
 0.144210D+03
 0.144651D+03
 0.144374D+03
 0.143466D+03
 0.144897D+03
 0.144130D+03
 0.143843D+03
 0.145192D+03
 0.144096D+03
 0.144575D+03
 0.144272D+03
 0.143627D+03
 0.144628D+03
 0.144047D+03
 0.145496D+03
 0.144243D+03
 0.144301D+03
 0.143771D+03
 0.144856D+03
 0.143944D+03
 0.143328D+03
 0.144674D+03
 0.143681D+03
 0.145090D+03
 0.143888D+03
 0.143910D+03
 0.143663D+03
 0.144428D+03
 0.143516D+03
 0.142948D+03
 0.143974D+03
 0.143175D+03
 0.144620D+03
 0.143316D+03
 0.142798D+03
 0.142872D+03
 0.143740D+03
 0.142812D+03
 0.142012D+03
 0.143560D+03
 0.142414D+03
 0.144029D+03
 0.142335D+03
 0.141879D+03
 0.141965D+03
 0.142492D+03
 0.141557D+03
 0.140409D+03
 0.142256D+03
 0.141237D+03
 0.142860D+03
 0.141278D+03
 0.140549D+03
 0.140819D+03
 0.141307D+03
 0.140181D+03
 0.139077D+03
 0.140848D+03
 0.140040D+03
 0.141232D+03
 0.139862D+03
 0.139361D+03
 0.138903D+03
 0.139828D+03
 0.138651D+03
 0.137542D+03
 0.139392D+03
 0.138588D+03
 0.139320D+03
 0.138168D+03
 0.139015D+03
 0.137234D+03
 0.138166D+03
 0.137162D+03
 0.136332D+03
 0.137801D+03
 0.137238D+03
 0.137605D+03
 0.136901D+03
 0.137693D+03
 0.136118D+03
 0.136655D+03
 0.135911D+03
 0.134859D+03
 0.136630D+03
 0.136013D+03
 0.136141D+03
 0.135595D+03
 0.137526D+03
 0.134876D+03
 0.135594D+03
 0.134737D+03
 0.134400D+03
 0.135314D+03
 0.135012D+03
 0.135331D+03
 0.134723D+03
 0.136369D+03
 0.134292D+03
 0.134684D+03
 0.133972D+03
 0.132927D+03
 0.134612D+03
 0.134399D+03
 0.135041D+03
 0.134132D+03
 0.135378D+03
 0.133532D+03
 0.134031D+03
 0.133539D+03
 0.132985D+03
 0.134094D+03
 0.133959D+03
 0.135034D+03
 0.133688D+03
 0.134818D+03
 0.133437D+03
 0.133797D+03
 0.133137D+03
 0.133982D+03
 0.134319D+03
 0.133565D+03
 0.135859D+03
 0.133683D+03
 0.134106D+03
 0.132477D+03
 0.133570D+03
 0.132961D+03
 0.134026D+03
 0.133791D+03
 0.133170D+03
 0.136270D+03
 0.133621D+03
 0.133594D+03
 0.132488D+03
 0.133130D+03
 0.132745D+03
 0.133938D+03
 0.133919D+03
 0.132878D+03
 0.136645D+03
 0.133214D+03
 0.133160D+03
 0.132596D+03
 0.133260D+03
 0.132811D+03
 0.133477D+03
 0.133285D+03
 0.132717D+03
 0.136513D+03
 0.132938D+03
 0.133374D+03
 0.132278D+03
 0.133252D+03
 0.132519D+03
 0.133778D+03
 0.133149D+03
 0.132562D+03
 0.136028D+03
 0.132758D+03
 0.133718D+03
 0.132326D+03
 0.133225D+03
 0.132462D+03
 0.133571D+03
 0.133155D+03
 0.132462D+03
 0.135020D+03
 0.132687D+03
 0.134016D+03
 0.132467D+03
 0.133508D+03
 0.132935D+03
 0.133909D+03
 0.133662D+03
 0.132580D+03
 0.134480D+03
 0.132786D+03
 0.134411D+03
 0.132325D+03
 0.133389D+03
 0.132885D+03
 0.133042D+03
 0.133976D+03
 0.132733D+03
 0.134123D+03
 0.132876D+03
 0.134778D+03
 0.132678D+03
 0.133809D+03
 0.133507D+03
 0.133223D+03
 0.134078D+03
 0.133016D+03
 0.134254D+03
 0.133062D+03
 0.135708D+03
 0.133237D+03
 0.134306D+03
 0.133734D+03
 0.133929D+03
 0.134556D+03
 0.133346D+03
 0.134529D+03
 0.133632D+03
 0.135612D+03
 0.133653D+03
 0.134836D+03
 0.134142D+03
 0.134142D+03
 0.134932D+03
 0.133801D+03
 0.135308D+03
 0.133750D+03
 0.133689D+03
 0.134570D+03
 0.134438D+03
 0.134600D+03
 0.135571D+03
 0.134438D+03
 0.135903D+03
 0.134583D+03
 0.134512D+03
 0.134858D+03
 0.135128D+03
 0.135068D+03
 0.136169D+03
 0.135082D+03
 0.136380D+03
 0.134235D+03
 0.134775D+03
 0.135355D+03
 0.135835D+03
 0.135633D+03
 0.136599D+03
 0.135909D+03
 0.137574D+03
 0.135146D+03
 0.137223D+03
 0.138361D+03
 0.136455D+03
 0.136444D+03
 0.137515D+03
 0.136146D+03
 0.138517D+03
 0.136352D+03
 0.138480D+03
 0.139262D+03
 0.137610D+03
 0.137262D+03
 0.138317D+03
 0.137056D+03
 0.139547D+03
 0.137453D+03
 0.139465D+03
 0.140400D+03
 0.138732D+03
 0.138577D+03
 0.139555D+03
 0.138486D+03
 0.141137D+03
 0.138695D+03
 0.140964D+03
 0.141252D+03
 0.139805D+03
 0.139682D+03
 0.140809D+03
 0.139424D+03
 0.139315D+03
 0.142282D+03
 0.140938D+03
 0.142483D+03
 0.140928D+03
 0.142048D+03
 0.141606D+03
 0.140733D+03
 0.140464D+03
 0.142667D+03
 0.141947D+03
 0.143417D+03
 0.141954D+03
 0.143165D+03
 0.142948D+03
 0.141702D+03
 0.141533D+03
 0.143225D+03
 0.142623D+03
 0.144148D+03
 0.142827D+03
 0.143688D+03
 0.143380D+03
 0.143077D+03
 0.142415D+03
 0.144380D+03
 0.143111D+03
 0.144581D+03
 0.143142D+03
 0.144245D+03
 0.144237D+03
 0.143351D+03
 0.143330D+03
 0.144373D+03
 0.143718D+03
 0.145016D+03
 0.143622D+03
 0.144836D+03
 0.144584D+03
 0.143615D+03
 0.143856D+03
 0.145076D+03
 0.144002D+03
 0.144652D+03
 0.143786D+03
 0.144969D+03
 0.144603D+03
 0.143521D+03
 0.143875D+03
 0.145219D+03
 0.144013D+03
 0.144385D+03
 0.143706D+03
 0.144811D+03
 0.144590D+03
 0.143874D+03
 0.145507D+03
 0.144141D+03
 0.144378D+03
 0.143813D+03
 0.144477D+03
 0.143675D+03
 0.144793D+03
 0.144550D+03
 0.143474D+03
 0.145298D+03
 0.144053D+03
 0.143764D+03
 0.143401D+03
 0.144310D+03
 0.143004D+03
 0.142701D+03
 0.143796D+03
 0.142992D+03
 0.144708D+03
 0.143166D+03
 0.142946D+03
 0.142987D+03
 0.143483D+03
 0.142169D+03
 0.142144D+03
 0.143757D+03
 0.142225D+03
 0.143869D+03
 0.142535D+03
 0.141987D+03
 0.142127D+03
 0.142799D+03
 0.141217D+03
 0.141047D+03
 0.142324D+03
 0.141127D+03
 0.142609D+03
 0.141420D+03
 0.140920D+03
 0.140770D+03
 0.141426D+03
 0.139857D+03
 0.139879D+03
 0.140962D+03
 0.139901D+03
 0.141259D+03
 0.139896D+03
 0.139681D+03
 0.139369D+03
 0.139836D+03
 0.138328D+03
 0.138135D+03
 0.139887D+03
 0.138251D+03
 0.139595D+03
 0.138265D+03
 0.139269D+03
 0.137680D+03
 0.138370D+03
 0.136893D+03
 0.136905D+03
 0.137739D+03
 0.136450D+03
 0.137674D+03
 0.136797D+03
 0.137879D+03
 0.136172D+03
 0.136891D+03
 0.135547D+03
 0.135182D+03
 0.136361D+03
 0.135284D+03
 0.136068D+03
 0.135708D+03
 0.137741D+03
 0.134926D+03
 0.135555D+03
 0.134363D+03
 0.134171D+03
 0.135453D+03
 0.134500D+03
 0.135307D+03
 0.134851D+03
 0.136565D+03
 0.134029D+03
 0.134694D+03
 0.133677D+03
 0.134682D+03
 0.134480D+03
 0.133756D+03
 0.135018D+03
 0.134297D+03
 0.135359D+03
 0.133472D+03
 0.133969D+03
 0.133159D+03
 0.132360D+03
 0.133975D+03
 0.133449D+03
 0.135101D+03
 0.133903D+03
 0.134768D+03
 0.132637D+03
 0.133747D+03
 0.132738D+03
 0.133613D+03
 0.134069D+03
 0.133332D+03
 0.135586D+03
 0.133513D+03
 0.134123D+03
 0.133570D+03
 0.133291D+03
 0.132622D+03
 0.133787D+03
 0.133352D+03
 0.133092D+03
 0.136481D+03
 0.133249D+03
 0.133524D+03
 0.132857D+03
 0.133388D+03
 0.132563D+03
 0.133689D+03
 0.133242D+03
 0.132841D+03
 0.136876D+03
 0.133154D+03
 0.133373D+03
 0.132268D+03
 0.133278D+03
 0.132438D+03
 0.133492D+03
 0.133366D+03
 0.132552D+03
 0.136658D+03
 0.133018D+03
 0.133319D+03
 0.132087D+03
 0.133008D+03
 0.132281D+03
 0.133412D+03
 0.133121D+03
 0.132276D+03
 0.136103D+03
 0.132569D+03
 0.133652D+03
 0.132083D+03
 0.133222D+03
 0.132272D+03
 0.133429D+03
 0.133170D+03
 0.132230D+03
 0.135069D+03
 0.132670D+03
 0.134133D+03
 0.132256D+03
 0.133386D+03
 0.132444D+03
 0.133553D+03
 0.133385D+03
 0.132309D+03
 0.134543D+03
 0.132584D+03
 0.134411D+03
 0.132721D+03
 0.133797D+03
 0.132692D+03
 0.133863D+03
 0.133538D+03
 0.132565D+03
 0.134271D+03
 0.133069D+03
 0.134883D+03
 0.132595D+03
 0.133739D+03
 0.132969D+03
 0.133271D+03
 0.134090D+03
 0.132900D+03
 0.134344D+03
 0.133347D+03
 0.135851D+03
 0.133345D+03
 0.134359D+03
 0.133532D+03
 0.133607D+03
 0.134926D+03
 0.133401D+03
 0.134854D+03
 0.133570D+03
 0.135659D+03
 0.133636D+03
 0.134806D+03
 0.134094D+03
 0.134000D+03
 0.134940D+03
 0.133825D+03
 0.135522D+03
 0.134180D+03
 0.134149D+03
 0.134731D+03
 0.135444D+03
 0.135511D+03
 0.135536D+03
 0.133878D+03
 0.136061D+03
 0.134997D+03
 0.134703D+03
 0.135377D+03
 0.136112D+03
 0.136227D+03
 0.135850D+03
 0.135206D+03
 0.136642D+03
 0.134179D+03
 0.134915D+03
 0.135659D+03
 0.136717D+03
 0.136887D+03
 0.136681D+03
 0.135950D+03
 0.137600D+03
 0.135097D+03
 0.137474D+03
 0.138381D+03
 0.137332D+03
 0.137533D+03
 0.137472D+03
 0.136882D+03
 0.138741D+03
 0.136300D+03
 0.142733D+03
 0.141501D+03
 0.143214D+03
 0.141328D+03
 0.142822D+03
 0.142760D+03
 0.141692D+03
 0.141402D+03
 0.143236D+03
 0.142283D+03
 0.144189D+03
 0.142307D+03
 0.143682D+03
 0.143438D+03
 0.142815D+03
 0.142125D+03
 0.144183D+03
 0.143150D+03
 0.144369D+03
 0.142657D+03
 0.144314D+03
 0.144119D+03
 0.143049D+03
 0.143121D+03
 0.144381D+03
 0.143424D+03
 0.144811D+03
 0.143172D+03
 0.144643D+03
 0.144396D+03
 0.143080D+03
 0.143660D+03
 0.144931D+03
 0.143930D+03
 0.144427D+03
 0.143411D+03
 0.144783D+03
 0.144671D+03
 0.143221D+03
 0.143746D+03
 0.145011D+03
 0.143870D+03
 0.144408D+03
 0.144665D+03
 0.144786D+03
 0.144622D+03
 0.143723D+03
 0.145749D+03
 0.144144D+03
 0.144724D+03
 0.143984D+03
 0.144444D+03
 0.144399D+03
 0.144501D+03
 0.144831D+03
 0.143490D+03
 0.145226D+03
 0.143899D+03
 0.143817D+03
 0.143687D+03
 0.144392D+03
 0.143941D+03
 0.144080D+03
 0.143976D+03
 0.143077D+03
 0.144811D+03
 0.143363D+03
 0.143055D+03
 0.143153D+03
 0.143547D+03
 0.143205D+03
 0.143333D+03
 0.143405D+03
 0.142239D+03
 0.144140D+03
 0.142442D+03
 0.142195D+03
 0.142321D+03
 0.143126D+03
 0.142057D+03
 0.142197D+03
 0.142108D+03
 0.141150D+03
 0.142903D+03
 0.141591D+03
 0.141062D+03
 0.140982D+03
 0.141544D+03
 0.140881D+03
 0.139632D+03
 0.141073D+03
 0.139981D+03
 0.141466D+03
 0.140295D+03
 0.139936D+03
 0.139495D+03
 0.140084D+03
 0.139353D+03
 0.139564D+03
 0.139519D+03
 0.138494D+03
 0.139534D+03
 0.138621D+03
 0.139380D+03
 0.137581D+03
 0.138332D+03
 0.137818D+03
 0.137807D+03
 0.137654D+03
 0.137162D+03
 0.137667D+03
 0.136712D+03
 0.138177D+03
 0.135471D+03
 0.136704D+03
 0.136092D+03
 0.136235D+03
 0.136256D+03
 0.135629D+03
 0.135949D+03
 0.135379D+03
 0.137832D+03
 0.132965D+03
 0.133701D+03
 0.134856D+03
 0.133669D+03
 0.133460D+03
 0.134177D+03
 0.132920D+03
 0.132511D+03
 0.136594D+03
 0.131750D+03
 0.132800D+03
 0.133212D+03
 0.132849D+03
 0.132656D+03
 0.133864D+03
 0.132548D+03
 0.131686D+03
 0.133473D+03
 0.131358D+03
 0.131692D+03
 0.133833D+03
 0.132430D+03
 0.132259D+03
 0.133464D+03
 0.132672D+03
 0.131737D+03
 0.134410D+03
 0.132405D+03
 0.133451D+03
 0.133777D+03
 0.133351D+03
 0.133677D+03
 0.133171D+03
 0.135727D+03
 0.133342D+03
 0.134170D+03
 0.132884D+03
 0.133280D+03
 0.133595D+03
 0.133574D+03
 0.133551D+03
 0.132857D+03
 0.136541D+03
 0.133309D+03
 0.133654D+03
 0.132677D+03
 0.133054D+03
 0.133521D+03
 0.133676D+03
 0.133305D+03
 0.132826D+03
 0.136922D+03
 0.133119D+03
 0.133419D+03
 0.132433D+03
 0.133145D+03
 0.133218D+03
 0.133328D+03
 0.133125D+03
 0.132410D+03
 0.136743D+03
 0.132866D+03
 0.133252D+03
 0.132137D+03
 0.133112D+03
 0.133239D+03
 0.133250D+03
 0.133073D+03
 0.132140D+03
 0.136065D+03
 0.132594D+03
 0.133950D+03
 0.132208D+03
 0.133097D+03
 0.133349D+03
 0.133126D+03
 0.132950D+03
 0.132217D+03
 0.135112D+03
 0.132508D+03
 0.134155D+03
 0.132166D+03
 0.133400D+03
 0.133317D+03
 0.133352D+03
 0.133171D+03
 0.132107D+03
 0.134700D+03
 0.132733D+03
 0.134470D+03
 0.132521D+03
 0.133330D+03
 0.133610D+03
 0.133846D+03
 0.133611D+03
 0.132248D+03
 0.134276D+03
 0.133085D+03
 0.134993D+03
 0.132448D+03
 0.133833D+03
 0.134013D+03
 0.134355D+03
 0.134177D+03
 0.132816D+03
 0.134507D+03
 0.133308D+03
 0.135992D+03
 0.133231D+03
 0.134322D+03
 0.134514D+03
 0.134620D+03
 0.134557D+03
 0.133133D+03
 0.135053D+03
 0.133648D+03
 0.135913D+03
 0.133811D+03
 0.134893D+03
 0.134996D+03
 0.135171D+03
 0.135079D+03
 0.133387D+03
 0.135544D+03
 0.134288D+03
 0.133762D+03
 0.134773D+03
 0.134585D+03
 0.135786D+03
 0.135473D+03
 0.134779D+03
 0.136125D+03
 0.134931D+03
 0.134731D+03
 0.135432D+03
 0.135099D+03
 0.136185D+03
 0.136046D+03
 0.135332D+03
 0.136576D+03
 0.134489D+03
 0.134875D+03
 0.135570D+03
 0.135529D+03
 0.136738D+03
 0.136660D+03
 0.135790D+03
 0.137379D+03
 0.134893D+03
 0.143212D+03
 0.142051D+03
 0.143574D+03
 0.142160D+03
 0.143257D+03
 0.143045D+03
 0.142756D+03
 0.141559D+03
 0.144157D+03
 0.142874D+03
 0.144300D+03
 0.143704D+03
 0.143870D+03
 0.143632D+03
 0.142901D+03
 0.142892D+03
 0.144350D+03
 0.143508D+03
 0.144448D+03
 0.144363D+03
 0.144150D+03
 0.144004D+03
 0.142939D+03
 0.143611D+03
 0.145078D+03
 0.144006D+03
 0.144526D+03
 0.144530D+03
 0.144541D+03
 0.144521D+03
 0.143631D+03
 0.143704D+03
 0.145034D+03
 0.143824D+03
 0.144431D+03
 0.144539D+03
 0.144911D+03
 0.144549D+03
 0.143935D+03
 0.145762D+03
 0.144284D+03
 0.144573D+03
 0.143864D+03
 0.144461D+03
 0.144429D+03
 0.144539D+03
 0.144363D+03
 0.143302D+03
 0.145451D+03
 0.143919D+03
 0.143985D+03
 0.143777D+03
 0.144332D+03
 0.143969D+03
 0.144072D+03
 0.144009D+03
 0.142870D+03
 0.144742D+03
 0.143416D+03
 0.143199D+03
 0.143181D+03
 0.143869D+03
 0.143280D+03
 0.143350D+03
 0.143286D+03
 0.142169D+03
 0.143939D+03
 0.142472D+03
 0.142232D+03
 0.142397D+03
 0.143085D+03
 0.142076D+03
 0.142425D+03
 0.142730D+03
 0.141142D+03
 0.142865D+03
 0.141308D+03
 0.141441D+03
 0.140778D+03
 0.141771D+03
 0.140949D+03
 0.141076D+03
 0.141009D+03
 0.140005D+03
 0.141458D+03
 0.140251D+03
 0.140003D+03
 0.138736D+03
 0.139986D+03
 0.138488D+03
 0.139293D+03
 0.139366D+03
 0.138567D+03
 0.139564D+03
 0.138253D+03
 0.139363D+03
 0.136939D+03
 0.138179D+03
 0.136539D+03
 0.136082D+03
 0.135951D+03
 0.136937D+03
 0.135562D+03
 0.136333D+03
 0.137959D+03
 0.133494D+03
 0.134779D+03
 0.133466D+03
 0.134295D+03
 0.134444D+03
 0.135609D+03
 0.133473D+03
 0.132980D+03
 0.137551D+03
 0.132813D+03
 0.133051D+03
 0.132214D+03
 0.133275D+03
 0.132904D+03
 0.134422D+03
 0.132436D+03
 0.132249D+03
 0.136318D+03
 0.131636D+03
 0.132243D+03
 0.131526D+03
 0.132119D+03
 0.132160D+03
 0.133449D+03
 0.132141D+03
 0.131341D+03
 0.132901D+03
 0.130478D+03
 0.131085D+03
 0.132065D+03
 0.131438D+03
 0.131840D+03
 0.133067D+03
 0.131852D+03
 0.130986D+03
 0.131957D+03
 0.131784D+03
 0.130669D+03
 0.131012D+03
 0.130841D+03
 0.131020D+03
 0.132863D+03
 0.132781D+03
 0.131165D+03
 0.133647D+03
 0.132497D+03
 0.132971D+03
 0.133299D+03
 0.133096D+03
 0.133223D+03
 0.132415D+03
 0.136258D+03
 0.132956D+03
 0.133516D+03
 0.132563D+03
 0.132906D+03
 0.133375D+03
 0.133238D+03
 0.133089D+03
 0.132243D+03
 0.136767D+03
 0.132856D+03
 0.133130D+03
 0.132076D+03
 0.132885D+03
 0.133017D+03
 0.133140D+03
 0.133040D+03
 0.132230D+03
 0.136618D+03
 0.132658D+03
 0.133290D+03
 0.131791D+03
 0.132960D+03
 0.132943D+03
 0.132913D+03
 0.132889D+03
 0.131996D+03
 0.136098D+03
 0.132646D+03
 0.133687D+03
 0.132113D+03
 0.133019D+03
 0.132867D+03
 0.132994D+03
 0.132864D+03
 0.132070D+03
 0.135158D+03
 0.132508D+03
 0.134142D+03
 0.132086D+03
 0.133516D+03
 0.133308D+03
 0.133208D+03
 0.133633D+03
 0.132551D+03
 0.134719D+03
 0.132690D+03
 0.134525D+03
 0.132541D+03
 0.133373D+03
 0.133300D+03
 0.133800D+03
 0.133745D+03
 0.132264D+03
 0.134382D+03
 0.133224D+03
 0.135104D+03
 0.132372D+03
 0.134219D+03
 0.133918D+03
 0.134046D+03
 0.134432D+03
 0.132736D+03
 0.134561D+03
 0.133380D+03
 0.136221D+03
 0.133277D+03
 0.134613D+03
 0.133596D+03
 0.134529D+03
 0.134742D+03
 0.133220D+03
 0.135229D+03
 0.133946D+03
 0.136217D+03
 0.133853D+03
 0.135056D+03
 0.134087D+03
 0.135167D+03
 0.134823D+03
 0.133524D+03
 0.135727D+03
 0.134461D+03
 0.134004D+03
 0.134938D+03
 0.134310D+03
 0.135473D+03
 0.135461D+03
 0.134664D+03
 0.135693D+03
 0.134640D+03
 0.134282D+03
 0.134983D+03
 0.135744D+03
 0.135878D+03
 0.135729D+03
 0.135033D+03
 0.136251D+03
 0.133920D+03
 0.143857D+03
 0.142652D+03
 0.143929D+03
 0.143337D+03
 0.143499D+03
 0.143471D+03
 0.143383D+03
 0.142781D+03
 0.144130D+03
 0.143231D+03
 0.144253D+03
 0.143116D+03
 0.144191D+03
 0.144186D+03
 0.143866D+03
 0.143324D+03
 0.144864D+03
 0.143790D+03
 0.144873D+03
 0.143431D+03
 0.144629D+03
 0.144231D+03
 0.144086D+03
 0.143543D+03
 0.145271D+03
 0.143987D+03
 0.144693D+03
 0.143415D+03
 0.144548D+03
 0.144620D+03
 0.144172D+03
 0.146143D+03
 0.144242D+03
 0.144674D+03
 0.143868D+03
 0.144527D+03
 0.143408D+03
 0.144571D+03
 0.144329D+03
 0.143745D+03
 0.145509D+03
 0.144121D+03
 0.144216D+03
 0.143745D+03
 0.144658D+03
 0.142920D+03
 0.144113D+03
 0.144066D+03
 0.143311D+03
 0.144964D+03
 0.143495D+03
 0.143321D+03
 0.143324D+03
 0.143996D+03
 0.142208D+03
 0.143332D+03
 0.143385D+03
 0.142454D+03
 0.144064D+03
 0.142663D+03
 0.142430D+03
 0.142344D+03
 0.143158D+03
 0.141118D+03
 0.142406D+03
 0.142294D+03
 0.141236D+03
 0.142818D+03
 0.141449D+03
 0.141151D+03
 0.140864D+03
 0.141654D+03
 0.139961D+03
 0.140769D+03
 0.141258D+03
 0.139875D+03
 0.141356D+03
 0.139940D+03
 0.139880D+03
 0.137660D+03
 0.138172D+03
 0.136645D+03
 0.137793D+03
 0.137626D+03
 0.138240D+03
 0.137636D+03
 0.136267D+03
 0.131990D+03
 0.129666D+03
 0.130546D+03
 0.130470D+03
 0.130387D+03
 0.130569D+03
 0.132686D+03
 0.131546D+03
 0.130240D+03
 0.131254D+03
 0.131860D+03
 0.130195D+03
 0.130142D+03
 0.130201D+03
 0.132147D+03
 0.132339D+03
 0.134615D+03
 0.132092D+03
 0.133404D+03
 0.132060D+03
 0.132623D+03
 0.132396D+03
 0.132674D+03
 0.132466D+03
 0.132278D+03
 0.135977D+03
 0.132478D+03
 0.132984D+03
 0.132391D+03
 0.132699D+03
 0.131806D+03
 0.132585D+03
 0.132838D+03
 0.132301D+03
 0.136588D+03
 0.132784D+03
 0.133266D+03
 0.131976D+03
 0.132719D+03
 0.131793D+03
 0.132893D+03
 0.132760D+03
 0.132063D+03
 0.136507D+03
 0.132579D+03
 0.133379D+03
 0.131720D+03
 0.132892D+03
 0.131853D+03
 0.132708D+03
 0.132710D+03
 0.132022D+03
 0.135951D+03
 0.132575D+03
 0.133492D+03
 0.132077D+03
 0.132948D+03
 0.132034D+03
 0.132943D+03
 0.133374D+03
 0.132122D+03
 0.135271D+03
 0.132363D+03
 0.134097D+03
 0.131982D+03
 0.133201D+03
 0.132247D+03
 0.133121D+03
 0.133210D+03
 0.132327D+03
 0.134620D+03
 0.132864D+03
 0.134475D+03
 0.132418D+03
 0.133304D+03
 0.132542D+03
 0.133611D+03
 0.133432D+03
 0.132716D+03
 0.134334D+03
 0.133075D+03
 0.135212D+03
 0.132672D+03
 0.133978D+03
 0.133068D+03
 0.134076D+03
 0.134387D+03
 0.133251D+03
 0.134718D+03
 0.133377D+03
 0.136229D+03
 0.133318D+03
 0.134653D+03
 0.133573D+03
 0.134776D+03
 0.134600D+03
 0.133825D+03
 0.135164D+03
 0.133950D+03
 0.136296D+03
 0.133831D+03
 0.135036D+03
 0.134067D+03
 0.135140D+03
 0.135070D+03
 0.134276D+03
 0.135645D+03
 0.134269D+03
 0.133030D+03
 0.134285D+03
 0.134743D+03
 0.135106D+03
 0.134694D+03
 0.134341D+03
 0.135329D+03
 0.132943D+03
 0.133586D+03
 0.134244D+03
 0.134673D+03
 0.135176D+03
 0.135301D+03
 0.134412D+03
 0.135180D+03
 0.133232D+03
 0.143681D+03
 0.142569D+03
 0.143981D+03
 0.143067D+03
 0.143210D+03
 0.143405D+03
 0.143043D+03
 0.142606D+03
 0.144262D+03
 0.143312D+03
 0.144566D+03
 0.143944D+03
 0.144155D+03
 0.144090D+03
 0.143619D+03
 0.143244D+03
 0.144731D+03
 0.143692D+03
 0.144334D+03
 0.143361D+03
 0.144496D+03
 0.144478D+03
 0.143534D+03
 0.143549D+03
 0.145290D+03
 0.144222D+03
 0.144820D+03
 0.143489D+03
 0.144787D+03
 0.144643D+03
 0.144177D+03
 0.146055D+03
 0.144362D+03
 0.144755D+03
 0.144135D+03
 0.144752D+03
 0.143438D+03
 0.144775D+03
 0.144805D+03
 0.143926D+03
 0.145460D+03
 0.143828D+03
 0.144119D+03
 0.143691D+03
 0.144570D+03
 0.142797D+03
 0.144314D+03
 0.144487D+03
 0.143499D+03
 0.145022D+03
 0.143408D+03
 0.143154D+03
 0.143252D+03
 0.143784D+03
 0.142115D+03
 0.143411D+03
 0.143291D+03
 0.142493D+03
 0.143794D+03
 0.142473D+03
 0.140835D+03
 0.140760D+03
 0.141219D+03
 0.140253D+03
 0.142287D+03
 0.140733D+03
 0.141476D+03
 0.142384D+03
 0.139567D+03
 0.139662D+03
 0.138591D+03
 0.139869D+03
 0.138715D+03
 0.140511D+03
 0.139374D+03
 0.139764D+03
 0.139386D+03
 0.137914D+03
 0.132765D+03
 0.131755D+03
 0.132316D+03
 0.132121D+03
 0.131991D+03
 0.132393D+03
 0.131751D+03
 0.136438D+03
 0.132241D+03
 0.133027D+03
 0.131584D+03
 0.132619D+03
 0.132384D+03
 0.132425D+03
 0.132754D+03
 0.131886D+03
 0.136429D+03
 0.132210D+03
 0.133008D+03
 0.131465D+03
 0.132609D+03
 0.131368D+03
 0.132615D+03
 0.132482D+03
 0.132114D+03
 0.135802D+03
 0.132501D+03
 0.133533D+03
 0.131652D+03
 0.132891D+03
 0.131586D+03
 0.132547D+03
 0.133084D+03
 0.132194D+03
 0.134982D+03
 0.132370D+03
 0.133973D+03
 0.131885D+03
 0.133194D+03
 0.131925D+03
 0.132948D+03
 0.133342D+03
 0.132646D+03
 0.134638D+03
 0.132582D+03
 0.134392D+03
 0.132228D+03
 0.133682D+03
 0.133187D+03
 0.133460D+03
 0.133852D+03
 0.132863D+03
 0.134248D+03
 0.132985D+03
 0.135128D+03
 0.132764D+03
 0.133846D+03
 0.133748D+03
 0.133815D+03
 0.134134D+03
 0.133158D+03
 0.134486D+03
 0.133215D+03
 0.136062D+03
 0.133170D+03
 0.134250D+03
 0.134244D+03
 0.134199D+03
 0.134530D+03
 0.133426D+03
 0.134843D+03
 0.133644D+03
 0.136073D+03
 0.133630D+03
 0.134665D+03
 0.134495D+03
 0.134783D+03
 0.135192D+03
 0.133942D+03
 0.135484D+03
 0.133877D+03
 0.144283D+03
 0.143284D+03
 0.144602D+03
 0.143151D+03
 0.144358D+03
 0.144207D+03
 0.143653D+03
 0.143317D+03
 0.145004D+03
 0.144077D+03
 0.144419D+03
 0.144472D+03
 0.144582D+03
 0.144538D+03
 0.144320D+03
 0.143604D+03
 0.145439D+03
 0.144200D+03
 0.144537D+03
 0.143495D+03
 0.144787D+03
 0.145067D+03
 0.144122D+03
 0.145969D+03
 0.144471D+03
 0.144487D+03
 0.144124D+03
 0.144588D+03
 0.143629D+03
 0.144373D+03
 0.144395D+03
 0.144181D+03
 0.145470D+03
 0.143895D+03
 0.143613D+03
 0.143562D+03
 0.144384D+03
 0.142697D+03
 0.143702D+03
 0.144097D+03
 0.143154D+03
 0.144825D+03
 0.143289D+03
 0.141569D+03
 0.141729D+03
 0.142260D+03
 0.141189D+03
 0.142710D+03
 0.141830D+03
 0.142090D+03
 0.143597D+03
 0.140645D+03
 0.132464D+03
 0.131281D+03
 0.132391D+03
 0.131164D+03
 0.132341D+03
 0.132428D+03
 0.131765D+03
 0.136491D+03
 0.132099D+03
 0.132830D+03
 0.131381D+03
 0.132430D+03
 0.131048D+03
 0.132393D+03
 0.132677D+03
 0.131709D+03
 0.135737D+03
 0.132166D+03
 0.133192D+03
 0.131339D+03
 0.132657D+03
 0.131288D+03
 0.132624D+03
 0.132875D+03
 0.131923D+03
 0.134877D+03
 0.132106D+03
 0.133589D+03
 0.131517D+03
 0.133087D+03
 0.131747D+03
 0.133005D+03
 0.133150D+03
 0.132186D+03
 0.134306D+03
 0.132506D+03
 0.134059D+03
 0.132058D+03
 0.133203D+03
 0.132134D+03
 0.133266D+03
 0.133698D+03
 0.132538D+03
 0.133929D+03
 0.132657D+03
 0.134999D+03
 0.131987D+03
 0.133324D+03
 0.132466D+03
 0.133828D+03
 0.133958D+03
 0.132917D+03
 0.134224D+03
 0.133066D+03
 0.136095D+03
 0.132767D+03
 0.133689D+03
 0.133639D+03
 0.134168D+03
 0.134324D+03
 0.133519D+03
 0.134599D+03
 0.133237D+03
 0.135474D+03
 0.132816D+03
 0.134106D+03
 0.133946D+03
 0.134469D+03
 0.134091D+03
 0.133733D+03
 0.134630D+03
 0.133186D+03
 0.144534D+03
 0.143335D+03
 0.144743D+03
 0.143016D+03
 0.144433D+03
 0.144393D+03
 0.143947D+03
 0.143349D+03
 0.145044D+03
 0.143930D+03
 0.144484D+03
 0.143573D+03
 0.144699D+03
 0.144915D+03
 0.143789D+03
 0.142998D+03
 0.144948D+03
 0.143934D+03
 0.144550D+03
 0.143471D+03
 0.144554D+03
 0.144822D+03
 0.144071D+03
 0.145465D+03
 0.144246D+03
 0.144201D+03
 0.143712D+03
 0.144168D+03
 0.142955D+03
 0.143967D+03
 0.144249D+03
 0.143464D+03
 0.145321D+03
 0.143691D+03
 0.142217D+03
 0.142145D+03
 0.142763D+03
 0.141219D+03
 0.143294D+03
 0.142454D+03
 0.142597D+03
 0.144513D+03
 0.141428D+03
 0.141373D+03
 0.141644D+03
 0.142126D+03
 0.140989D+03
 0.142156D+03
 0.141414D+03
 0.141602D+03
 0.141705D+03
 0.140404D+03
 0.132166D+03
 0.130825D+03
 0.132072D+03
 0.130964D+03
 0.132321D+03
 0.132199D+03
 0.132010D+03
 0.136389D+03
 0.131581D+03
 0.132478D+03
 0.131135D+03
 0.132076D+03
 0.131017D+03
 0.132304D+03
 0.132176D+03
 0.131918D+03
 0.135325D+03
 0.131803D+03
 0.132844D+03
 0.131200D+03
 0.132314D+03
 0.131129D+03
 0.132315D+03
 0.132321D+03
 0.131930D+03
 0.134669D+03
 0.131778D+03
 0.133186D+03
 0.131089D+03
 0.132703D+03
 0.131424D+03
 0.132644D+03
 0.132679D+03
 0.132202D+03
 0.133809D+03
 0.131801D+03
 0.133644D+03
 0.131369D+03
 0.132563D+03
 0.131742D+03
 0.132951D+03
 0.132909D+03
 0.132195D+03
 0.133490D+03
 0.132099D+03
 0.134815D+03
 0.131596D+03
 0.132989D+03
 0.131905D+03
 0.133187D+03
 0.133390D+03
 0.132598D+03
 0.133539D+03
 0.132271D+03
 0.135213D+03
 0.132141D+03
 0.133153D+03
 0.132214D+03
 0.133489D+03
 0.133640D+03
 0.133141D+03
 0.133893D+03
 0.131958D+03
 0.144608D+03
 0.143505D+03
 0.144054D+03
 0.143485D+03
 0.143786D+03
 0.144680D+03
 0.143632D+03
 0.141621D+03
 0.144183D+03
 0.143182D+03
 0.143678D+03
 0.142845D+03
 0.143517D+03
 0.144065D+03
 0.143518D+03
 0.144207D+03
 0.143747D+03
 0.131700D+03
 0.130329D+03
 0.131802D+03
 0.130432D+03
 0.131119D+03
 0.131904D+03
 0.131652D+03
 0.136277D+03
 0.131449D+03
 0.132117D+03
 0.130600D+03
 0.131599D+03
 0.130672D+03
 0.131605D+03
 0.131809D+03
 0.131504D+03
 0.135035D+03
 0.131298D+03
 0.132129D+03
 0.130567D+03
 0.131804D+03
 0.130521D+03
 0.131187D+03
 0.131832D+03
 0.131466D+03
 0.133927D+03
 0.131241D+03
 0.131443D+03
 0.130125D+03
 0.131548D+03
 0.130138D+03
 0.130835D+03
 0.131658D+03
 0.131359D+03
 0.136047D+03
 0.131172D+03
 0.131441D+03
 0.130107D+03
 0.131125D+03
 0.130227D+03
 0.131078D+03
 0.131186D+03
 0.131107D+03
 0.134350D+03
 0.130873D+03
 0.131631D+03
 0.130033D+03
 0.131147D+03
 0.130189D+03
 0.131209D+03
 0.131297D+03
 0.131099D+03
 0.133414D+03
 0.130732D+03
 0.130939D+03
 0.129648D+03
 0.130788D+03
 0.130046D+03
 0.130870D+03
 0.130864D+03
 0.131410D+03
 0.135320D+03
 0.130549D+03
 0.130972D+03
 0.129741D+03
 0.130653D+03
 0.129932D+03
 0.130738D+03
 0.130838D+03
 0.130078D+03
 0.133796D+03
 0.130447D+03
 0.131054D+03
 0.129652D+03
 0.130499D+03
 0.129977D+03
 0.130785D+03
 0.131008D+03
 0.129909D+03
 0.133120D+03
 0.130389D+03
 0.130568D+03
 0.129569D+03
 0.130327D+03
 0.129548D+03
 0.131111D+03
 0.130618D+03
 0.129959D+03
 0.134843D+03
 0.130146D+03
 0.130344D+03
 0.129031D+03
 0.130229D+03
 0.129508D+03
 0.130401D+03
 0.130615D+03
 0.129479D+03
 0.133246D+03
 0.130152D+03
 0.130818D+03
 0.129081D+03
 0.130172D+03
 0.129511D+03
 0.130462D+03
 0.130346D+03
 0.129366D+03
 0.132420D+03
 0.129860D+03
 0.140857D+03
 0.140576D+03
 0.142135D+03
 0.140950D+03
 0.141522D+03
 0.141916D+03
 0.140081D+03
 0.138478D+03
 0.141563D+03
 0.141537D+03
 0.143146D+03
 0.142081D+03
 0.142436D+03
 0.142961D+03
 0.141601D+03
 0.141365D+03
 0.131453D+03
 0.130329D+03
 0.130867D+03
 0.130450D+03
 0.131133D+03
 0.131225D+03
 0.130411D+03
 0.133712D+03
 0.130269D+03
 0.133027D+03
 0.133071D+03
 0.134103D+03
 0.134592D+03
 0.134544D+03
 0.134057D+03
 0.134640D+03
 0.132220D+03
 0.135049D+03
 0.136263D+03
 0.134464D+03
 0.135415D+03
 0.135442D+03
 0.134994D+03
 0.135376D+03
 0.132888D+03
 0.135992D+03
 0.136799D+03
 0.135957D+03
 0.136405D+03
 0.136324D+03
 0.136130D+03
 0.136554D+03
 0.134226D+03
 0.141822D+03
 0.137870D+03
 0.137168D+03
 0.137681D+03
 0.137688D+03
 0.137200D+03
 0.138902D+03
 0.135309D+03
 0.138480D+03
 0.139190D+03
 0.138087D+03
 0.139033D+03
 0.138916D+03
 0.138549D+03
 0.135800D+03
 0.138996D+03
 0.140690D+03
 0.139442D+03
 0.140510D+03
 0.140526D+03
 0.139809D+03
 0.137240D+03
 0.140864D+03
 0.140529D+03
 0.141724D+03
 0.140711D+03
 0.141953D+03
 0.141856D+03
 0.141192D+03
 0.137992D+03
 0.141567D+03
 0.141700D+03
 0.142978D+03
 0.141895D+03
 0.142782D+03
 0.142933D+03
 0.142135D+03
 0.140499D+03
 0.143224D+03
 0.142503D+03
 0.143600D+03
 0.142576D+03
 0.143463D+03
 0.143593D+03
 0.142755D+03
 0.140341D+03
 0.137492D+03
 0.135474D+03
 0.136507D+03
 0.135425D+03
 0.136585D+03
 0.136407D+03
 0.135827D+03
 0.134886D+03
 0.134667D+03
 0.135954D+03
 0.133062D+03
 0.133977D+03
 0.133089D+03
 0.134037D+03
 0.134172D+03
 0.134566D+03
 0.133794D+03
 0.133137D+03
 0.135575D+03
 0.132115D+03
 0.133215D+03
 0.132588D+03
 0.133434D+03
 0.133263D+03
 0.133418D+03
 0.132691D+03
 0.132305D+03
 0.134316D+03
 0.131874D+03
 0.132512D+03
 0.131694D+03
 0.132408D+03
 0.132617D+03
 0.132564D+03
 0.132437D+03
 0.131130D+03
 0.133002D+03
 0.131106D+03
 0.131791D+03
 0.130942D+03
 0.131931D+03
 0.132065D+03
 0.132223D+03
 0.132345D+03
 0.130767D+03
 0.132177D+03
 0.130153D+03
 0.131231D+03
 0.130612D+03
 0.131550D+03
 0.131692D+03
 0.131626D+03
 0.132433D+03
 0.130486D+03
 0.131628D+03
 0.130457D+03
 0.130922D+03
 0.130799D+03
 0.131344D+03
 0.131491D+03
 0.131533D+03
 0.133762D+03
 0.130226D+03
 0.131123D+03
 0.130638D+03
 0.130971D+03
 0.130814D+03
 0.131478D+03
 0.131420D+03
 0.131287D+03
 0.134377D+03
 0.129860D+03
 0.131218D+03
 0.132171D+03
 0.132606D+03
 0.133413D+03
 0.133408D+03
 0.132623D+03
 0.131701D+03
 0.132079D+03
 0.132789D+03
 0.132916D+03
 0.133752D+03
 0.133877D+03
 0.133682D+03
 0.132228D+03
 0.132617D+03
 0.133077D+03
 0.133524D+03
 0.134448D+03
 0.134258D+03
 0.134769D+03
 0.132013D+03
 0.135054D+03
 0.135986D+03
 0.134227D+03
 0.135136D+03
 0.135199D+03
 0.136202D+03
 0.132999D+03
 0.135728D+03
 0.136917D+03
 0.135601D+03
 0.136519D+03
 0.136333D+03
 0.137308D+03
 0.134352D+03
 0.137034D+03
 0.138198D+03
 0.137090D+03
 0.137663D+03
 0.137631D+03
 0.138153D+03
 0.135867D+03
 0.138383D+03
 0.139378D+03
 0.138731D+03
 0.138931D+03
 0.139223D+03
 0.136272D+03
 0.140443D+03
 0.139327D+03
 0.140766D+03
 0.139382D+03
 0.140387D+03
 0.140537D+03
 0.137797D+03
 0.140801D+03
 0.140291D+03
 0.141905D+03
 0.140612D+03
 0.141754D+03
 0.141659D+03
 0.139107D+03
 0.137169D+03
 0.134316D+03
 0.135427D+03
 0.134567D+03
 0.135207D+03
 0.135384D+03
 0.135762D+03
 0.134433D+03
 0.135808D+03
 0.133447D+03
 0.134430D+03
 0.133463D+03
 0.134437D+03
 0.134360D+03
 0.134632D+03
 0.133222D+03
 0.135609D+03
 0.132795D+03
 0.133213D+03
 0.132392D+03
 0.133301D+03
 0.133372D+03
 0.133672D+03
 0.132508D+03
 0.134472D+03
 0.132065D+03
 0.132527D+03
 0.131731D+03
 0.132629D+03
 0.132544D+03
 0.133073D+03
 0.131773D+03
 0.133089D+03
 0.131338D+03
 0.131874D+03
 0.131363D+03
 0.132084D+03
 0.132127D+03
 0.133103D+03
 0.131052D+03
 0.132479D+03
 0.131090D+03
 0.131521D+03
 0.130782D+03
 0.131806D+03
 0.131649D+03
 0.133265D+03
 0.130938D+03
 0.131658D+03
 0.130927D+03
 0.131128D+03
 0.130610D+03
 0.131685D+03
 0.131760D+03
 0.133520D+03
 0.130522D+03
 0.131001D+03
 0.132140D+03
 0.132369D+03
 0.133173D+03
 0.133225D+03
 0.133616D+03
 0.132154D+03
 0.131811D+03
 0.132697D+03
 0.133064D+03
 0.133661D+03
 0.133886D+03
 0.134322D+03
 0.132909D+03
 0.132641D+03
 0.133288D+03
 0.133588D+03
 0.134420D+03
 0.134316D+03
 0.135417D+03
 0.133750D+03
 0.134997D+03
 0.136378D+03
 0.134578D+03
 0.135517D+03
 0.135465D+03
 0.136893D+03
 0.133982D+03
 0.136195D+03
 0.137170D+03
 0.135514D+03
 0.136317D+03
 0.136804D+03
 0.138117D+03
 0.135408D+03
 0.137519D+03
 0.138539D+03
 0.137547D+03
 0.138063D+03
 0.137993D+03
 0.138953D+03
 0.136847D+03
 0.138952D+03
 0.139744D+03
 0.138896D+03
 0.139376D+03
 0.139366D+03
 0.137393D+03
 0.143187D+03
 0.142300D+03
 0.143008D+03
 0.142659D+03
 0.143254D+03
 0.143058D+03
 0.141958D+03
 0.143322D+03
 0.142289D+03
 0.142987D+03
 0.142728D+03
 0.143143D+03
 0.143140D+03
 0.143731D+03
 0.142616D+03
 0.142173D+03
 0.142067D+03
 0.142524D+03
 0.142346D+03
 0.142739D+03
 0.142737D+03
 0.142778D+03
 0.141299D+03
 0.141625D+03
 0.141381D+03
 0.142214D+03
 0.141783D+03
 0.142343D+03
 0.142219D+03
 0.142270D+03
 0.140571D+03
 0.141124D+03
 0.140724D+03
 0.141675D+03
 0.140716D+03
 0.141600D+03
 0.141802D+03
 0.141586D+03
 0.140690D+03
 0.139461D+03
 0.139435D+03
 0.140467D+03
 0.139345D+03
 0.140139D+03
 0.140358D+03
 0.140309D+03
 0.138826D+03
 0.138184D+03
 0.137813D+03
 0.138702D+03
 0.137511D+03
 0.138507D+03
 0.138524D+03
 0.138778D+03
 0.138063D+03
 0.138341D+03
 0.136035D+03
 0.137084D+03
 0.135916D+03
 0.136704D+03
 0.136964D+03
 0.137688D+03
 0.136545D+03
 0.137378D+03
 0.135016D+03
 0.135946D+03
 0.135064D+03
 0.135822D+03
 0.135798D+03
 0.136170D+03
 0.135355D+03
 0.136114D+03
 0.133577D+03
 0.134678D+03
 0.133641D+03
 0.134525D+03
 0.134634D+03
 0.134877D+03
 0.134183D+03
 0.135986D+03
 0.133251D+03
 0.133439D+03
 0.132609D+03
 0.133640D+03
 0.133601D+03
 0.134227D+03
 0.133175D+03
 0.134867D+03
 0.132287D+03
 0.132811D+03
 0.131969D+03
 0.132879D+03
 0.133017D+03
 0.133780D+03
 0.132620D+03
 0.133557D+03
 0.131540D+03
 0.132093D+03
 0.131416D+03
 0.132256D+03
 0.132406D+03
 0.133770D+03
 0.132175D+03
 0.132564D+03
 0.130707D+03
 0.131727D+03
 0.131159D+03
 0.131837D+03
 0.131954D+03
 0.134114D+03
 0.131842D+03
 0.132471D+03
 0.130048D+03
 0.131856D+03
 0.130808D+03
 0.131711D+03
 0.132003D+03
 0.131667D+03
 0.130641D+03
 0.133545D+03
 0.130807D+03
 0.132351D+03
 0.131916D+03
 0.132354D+03
 0.132308D+03
 0.132131D+03
 0.131019D+03
 0.133386D+03
 0.131304D+03
 0.132509D+03
 0.132249D+03
 0.132734D+03
 0.132800D+03
 0.132939D+03
 0.131500D+03
 0.131596D+03
 0.132760D+03
 0.132722D+03
 0.133452D+03
 0.133682D+03
 0.134465D+03
 0.133856D+03
 0.132086D+03
 0.133233D+03
 0.133291D+03
 0.133947D+03
 0.134236D+03
 0.135145D+03
 0.134636D+03
 0.133361D+03
 0.133691D+03
 0.134042D+03
 0.134679D+03
 0.135074D+03
 0.135952D+03
 0.135585D+03
 0.142970D+03
 0.142347D+03
 0.143328D+03
 0.142035D+03
 0.143109D+03
 0.143276D+03
 0.142704D+03
 0.142913D+03
 0.142419D+03
 0.142902D+03
 0.142172D+03
 0.143033D+03
 0.143214D+03
 0.142797D+03
 0.142535D+03
 0.142239D+03
 0.142800D+03
 0.141873D+03
 0.142779D+03
 0.142854D+03
 0.144539D+03
 0.142932D+03
 0.142142D+03
 0.141731D+03
 0.142523D+03
 0.141672D+03
 0.142562D+03
 0.142592D+03
 0.143482D+03
 0.142157D+03
 0.141219D+03
 0.140847D+03
 0.141970D+03
 0.140744D+03
 0.141777D+03
 0.141879D+03
 0.142511D+03
 0.141446D+03
 0.139729D+03
 0.139767D+03
 0.140543D+03
 0.139535D+03
 0.140257D+03
 0.140546D+03
 0.141661D+03
 0.140537D+03
 0.138830D+03
 0.138573D+03
 0.139420D+03
 0.138302D+03
 0.139101D+03
 0.139141D+03
 0.140246D+03
 0.139389D+03
 0.138149D+03
 0.136851D+03
 0.137896D+03
 0.136832D+03
 0.137485D+03
 0.137150D+03
 0.138737D+03
 0.138139D+03
 0.137759D+03
 0.135426D+03
 0.136651D+03
 0.135536D+03
 0.135990D+03
 0.135796D+03
 0.137143D+03
 0.136900D+03
 0.136522D+03
 0.134275D+03
 0.135319D+03
 0.134401D+03
 0.134703D+03
 0.135125D+03
 0.136332D+03
 0.135766D+03
 0.136422D+03
 0.133285D+03
 0.134136D+03
 0.133393D+03
 0.133964D+03
 0.134164D+03
 0.134965D+03
 0.134930D+03
 0.131891D+03
 0.129900D+03
 0.131106D+03
 0.130887D+03
 0.131220D+03
 0.131358D+03
 0.132540D+03
 0.131515D+03
 0.132640D+03
 0.130133D+03
 0.131758D+03
 0.131105D+03
 0.131620D+03
 0.131909D+03
 0.132770D+03
 0.131860D+03
 0.133583D+03
 0.131023D+03
 0.132307D+03
 0.131272D+03
 0.132188D+03
 0.132295D+03
 0.133262D+03
 0.132415D+03
 0.133840D+03
 0.131443D+03
 0.132676D+03
 0.132429D+03
 0.132475D+03
 0.133134D+03
 0.133863D+03
 0.133077D+03
 0.143371D+03
 0.142621D+03
 0.143987D+03
 0.143186D+03
 0.143749D+03
 0.143617D+03
 0.143155D+03
 0.142497D+03
 0.143220D+03
 0.142387D+03
 0.143120D+03
 0.143434D+03
 0.143405D+03
 0.142809D+03
 0.143087D+03
 0.142358D+03
 0.143446D+03
 0.143302D+03
 0.143897D+03
 0.143072D+03
 0.142623D+03
 0.143117D+03
 0.142868D+03
 0.143355D+03
 0.143256D+03
 0.143891D+03
 0.142648D+03
 0.142201D+03
 0.143102D+03
 0.142467D+03
 0.142792D+03
 0.143061D+03
 0.143486D+03
 0.141979D+03
 0.141655D+03
 0.142652D+03
 0.141849D+03
 0.142398D+03
 0.142289D+03
 0.144066D+03
 0.143267D+03
 0.141057D+03
 0.140633D+03
 0.141705D+03
 0.140475D+03
 0.141213D+03
 0.140848D+03
 0.141949D+03
 0.142161D+03
 0.139976D+03
 0.139472D+03
 0.140386D+03
 0.138993D+03
 0.139577D+03
 0.139868D+03
 0.141436D+03
 0.140795D+03
 0.138470D+03
 0.137996D+03
 0.138760D+03
 0.137711D+03
 0.138262D+03
 0.138464D+03
 0.139791D+03
 0.139295D+03
 0.138211D+03
 0.136470D+03
 0.137292D+03
 0.136267D+03
 0.136977D+03
 0.136798D+03
 0.138254D+03
 0.138107D+03
 0.137110D+03
 0.135090D+03
 0.136167D+03
 0.134902D+03
 0.135621D+03
 0.135989D+03
 0.137584D+03
 0.137221D+03
 0.136846D+03
 0.134112D+03
 0.134832D+03
 0.133968D+03
 0.134670D+03
 0.135024D+03
 0.135860D+03
 0.132520D+03
 0.130381D+03
 0.131578D+03
 0.131283D+03
 0.131996D+03
 0.131714D+03
 0.132813D+03
 0.133036D+03
 0.130526D+03
 0.132513D+03
 0.131179D+03
 0.132242D+03
 0.132356D+03
 0.134395D+03
 0.133557D+03
 0.134453D+03
 0.131481D+03
 0.133089D+03
 0.132290D+03
 0.132800D+03
 0.132760D+03
 0.134801D+03
 0.134019D+03
 0.134132D+03
 0.132246D+03
 0.133212D+03
 0.132786D+03
 0.133387D+03
 0.133656D+03
 0.135690D+03
 0.134501D+03
 0.142692D+03
 0.142315D+03
 0.143267D+03
 0.142527D+03
 0.143274D+03
 0.143082D+03
 0.133881D+03
 0.131114D+03
 0.132223D+03
 0.131740D+03
 0.132837D+03
 0.131782D+03
 0.133950D+03
 0.131479D+03
 0.132623D+03
 0.132120D+03
 0.133505D+03
 0.131926D+03
 0.131524D+03
 0.133067D+03
 0.131897D+03
 0.131652D+03
 0.133491D+03
 0.133701D+03
 0.132393D+03
 0.132974D+03
 0.130235D+03
 0.132177D+03
 0.129732D+03
 0.129592D+03
 0.131842D+03
 0.132962D+03
 0.131223D+03
 0.133935D+03
 0.131272D+03
 0.132676D+03
 0.130242D+03
 0.130211D+03
 0.132065D+03
 0.133054D+03
 0.131637D+03
 0.134584D+03
 0.131705D+03
 0.132874D+03
 0.130738D+03
 0.130795D+03
 0.132523D+03
 0.133439D+03
 0.131935D+03
 0.134372D+03
 0.131964D+03
 0.133336D+03
 0.131292D+03
 0.131303D+03
 0.133187D+03
 0.134028D+03
 0.132351D+03
