 0.138463D+03
 0.138572D+03
 0.139740D+03
 0.137741D+03
 0.138715D+03
 0.140308D+03
 0.137988D+03
 0.139245D+03
 0.141018D+03
 0.148564D+03
 0.148695D+03
 0.151011D+03
 0.136777D+03
 0.136958D+03
 0.138407D+03
 0.136039D+03
 0.136272D+03
 0.137731D+03
 0.135719D+03
 0.136055D+03
 0.137340D+03
 0.135291D+03
 0.136052D+03
 0.136920D+03
 0.135417D+03
 0.136000D+03
 0.137177D+03
 0.135320D+03
 0.136123D+03
 0.137034D+03
 0.135389D+03
 0.136223D+03
 0.137578D+03
 0.135740D+03
 0.136415D+03
 0.137990D+03
 0.136268D+03
 0.136764D+03
 0.138297D+03
 0.136583D+03
 0.137105D+03
 0.138774D+03
 0.137273D+03
 0.137648D+03
 0.139456D+03
 0.138182D+03
 0.137914D+03
 0.139882D+03
 0.138498D+03
 0.138290D+03
 0.139155D+03
 0.138609D+03
 0.139183D+03
 0.139945D+03
 0.138049D+03
 0.139391D+03
 0.140439D+03
 0.138297D+03
 0.139860D+03
 0.140908D+03
 0.137686D+03
 0.140267D+03
 0.141740D+03
 0.137939D+03
 0.138371D+03
 0.140006D+03
 0.137240D+03
 0.137870D+03
 0.138796D+03
 0.136621D+03
 0.137049D+03
 0.138250D+03
 0.136267D+03
 0.136644D+03
 0.137726D+03
 0.135984D+03
 0.136657D+03
 0.137579D+03
 0.135921D+03
 0.136462D+03
 0.137484D+03
 0.136005D+03
 0.136473D+03
 0.137548D+03
 0.136016D+03
 0.136910D+03
 0.137815D+03
 0.136256D+03
 0.136900D+03
 0.138367D+03
 0.136749D+03
 0.137274D+03
 0.138756D+03
 0.137090D+03
 0.137554D+03
 0.139250D+03
 0.137824D+03
 0.138075D+03
 0.139765D+03
 0.138421D+03
 0.138368D+03
 0.140216D+03
 0.139057D+03
 0.138876D+03
 0.139496D+03
 0.138809D+03
 0.139275D+03
 0.140079D+03
 0.138299D+03
 0.139665D+03
 0.140471D+03
 0.138242D+03
 0.140107D+03
 0.141147D+03
 0.137680D+03
 0.140591D+03
 0.141716D+03
 0.142433D+03
 0.141662D+03
 0.142702D+03
 0.148517D+03
 0.148497D+03
 0.150299D+03
 0.147124D+03
 0.147444D+03
 0.148912D+03
 0.144813D+03
 0.145524D+03
 0.147051D+03
 0.142643D+03
 0.143451D+03
 0.145222D+03
 0.140604D+03
 0.141571D+03
 0.143059D+03
 0.139150D+03
 0.140178D+03
 0.141495D+03
 0.138492D+03
 0.138894D+03
 0.140297D+03
 0.137626D+03
 0.137984D+03
 0.139365D+03
 0.137060D+03
 0.137499D+03
 0.138448D+03
 0.136595D+03
 0.137334D+03
 0.138068D+03
 0.136505D+03
 0.137183D+03
 0.137994D+03
 0.136251D+03
 0.137263D+03
 0.137924D+03
 0.136563D+03
 0.137355D+03
 0.137787D+03
 0.136340D+03
 0.137328D+03
 0.138159D+03
 0.136782D+03
 0.137580D+03
 0.138375D+03
 0.136841D+03
 0.137930D+03
 0.138762D+03
 0.137578D+03
 0.138222D+03
 0.139252D+03
 0.138145D+03
 0.138670D+03
 0.139634D+03
 0.138752D+03
 0.139004D+03
 0.140350D+03
 0.138901D+03
 0.139092D+03
 0.139321D+03
 0.138655D+03
 0.139894D+03
 0.139879D+03
 0.138208D+03
 0.140341D+03
 0.140366D+03
 0.138421D+03
 0.140623D+03
 0.140999D+03
 0.137716D+03
 0.141249D+03
 0.141895D+03
 0.141152D+03
 0.142151D+03
 0.142865D+03
 0.143182D+03
 0.143562D+03
 0.143996D+03
 0.148973D+03
 0.150016D+03
 0.151272D+03
 0.148214D+03
 0.148892D+03
 0.150287D+03
 0.146775D+03
 0.147692D+03
 0.148990D+03
 0.144844D+03
 0.145793D+03
 0.146916D+03
 0.142776D+03
 0.144136D+03
 0.144782D+03
 0.140692D+03
 0.142086D+03
 0.143212D+03
 0.139378D+03
 0.140570D+03
 0.141486D+03
 0.138491D+03
 0.139661D+03
 0.140272D+03
 0.137854D+03
 0.138800D+03
 0.139313D+03
 0.137368D+03
 0.138331D+03
 0.138733D+03
 0.136972D+03
 0.138105D+03
 0.138337D+03
 0.136894D+03
 0.138005D+03
 0.138010D+03
 0.136607D+03
 0.137883D+03
 0.137893D+03
 0.136650D+03
 0.138051D+03
 0.138099D+03
 0.136691D+03
 0.137942D+03
 0.138270D+03
 0.136832D+03
 0.138231D+03
 0.138581D+03
 0.137190D+03
 0.138623D+03
 0.138978D+03
 0.137668D+03
 0.138684D+03
 0.139516D+03
 0.137907D+03
 0.139085D+03
 0.139698D+03
 0.138676D+03
 0.139373D+03
 0.140115D+03
 0.138889D+03
 0.139581D+03
 0.139358D+03
 0.138547D+03
 0.140038D+03
 0.139743D+03
 0.138109D+03
 0.140292D+03
 0.140209D+03
 0.138115D+03
 0.140900D+03
 0.140893D+03
 0.137694D+03
 0.141342D+03
 0.141727D+03
 0.141359D+03
 0.142420D+03
 0.142813D+03
 0.143598D+03
 0.143761D+03
 0.143908D+03
 0.144691D+03
 0.145332D+03
 0.145168D+03
 0.145431D+03
 0.146809D+03
 0.146085D+03
 0.146636D+03
 0.148176D+03
 0.147032D+03
 0.149030D+03
 0.150428D+03
 0.151350D+03
 0.148875D+03
 0.149827D+03
 0.150883D+03
 0.148108D+03
 0.148880D+03
 0.149860D+03
 0.146614D+03
 0.147610D+03
 0.148626D+03
 0.144795D+03
 0.145904D+03
 0.146675D+03
 0.142669D+03
 0.144044D+03
 0.144653D+03
 0.140940D+03
 0.142577D+03
 0.143044D+03
 0.139285D+03
 0.140869D+03
 0.141480D+03
 0.138527D+03
 0.139837D+03
 0.140442D+03
 0.138015D+03
 0.139254D+03
 0.139484D+03
 0.137614D+03
 0.138688D+03
 0.138823D+03
 0.137234D+03
 0.138479D+03
 0.138496D+03
 0.136967D+03
 0.138257D+03
 0.137999D+03
 0.136624D+03
 0.138409D+03
 0.137971D+03
 0.136581D+03
 0.138292D+03
 0.138057D+03
 0.136678D+03
 0.138477D+03
 0.138096D+03
 0.136815D+03
 0.138323D+03
 0.138392D+03
 0.136953D+03
 0.138728D+03
 0.138895D+03
 0.137242D+03
 0.138799D+03
 0.139525D+03
 0.138061D+03
 0.139136D+03
 0.139656D+03
 0.138555D+03
 0.139408D+03
 0.139793D+03
 0.138809D+03
 0.139711D+03
 0.139112D+03
 0.138195D+03
 0.140085D+03
 0.139607D+03
 0.138175D+03
 0.140410D+03
 0.140140D+03
 0.137950D+03
 0.140757D+03
 0.140872D+03
 0.137709D+03
 0.141715D+03
 0.141709D+03
 0.141939D+03
 0.142579D+03
 0.142800D+03
 0.143629D+03
 0.144033D+03
 0.144004D+03
 0.144471D+03
 0.145512D+03
 0.145098D+03
 0.145161D+03
 0.146737D+03
 0.146028D+03
 0.146281D+03
 0.148076D+03
 0.146912D+03
 0.148782D+03
 0.150438D+03
 0.150950D+03
 0.148988D+03
 0.150428D+03
 0.151489D+03
 0.148730D+03
 0.150211D+03
 0.150933D+03
 0.148362D+03
 0.149543D+03
 0.150642D+03
 0.147604D+03
 0.148770D+03
 0.149600D+03
 0.146349D+03
 0.147645D+03
 0.148175D+03
 0.144400D+03
 0.145867D+03
 0.146555D+03
 0.142624D+03
 0.144110D+03
 0.144899D+03
 0.140888D+03
 0.142534D+03
 0.142895D+03
 0.139417D+03
 0.141113D+03
 0.141542D+03
 0.138655D+03
 0.140156D+03
 0.140246D+03
 0.138114D+03
 0.139412D+03
 0.139440D+03
 0.137563D+03
 0.138820D+03
 0.138961D+03
 0.137301D+03
 0.138706D+03
 0.138375D+03
 0.136703D+03
 0.138819D+03
 0.138394D+03
 0.136902D+03
 0.138659D+03
 0.137910D+03
 0.136588D+03
 0.138368D+03
 0.138045D+03
 0.136696D+03
 0.138455D+03
 0.138145D+03
 0.136776D+03
 0.138473D+03
 0.138411D+03
 0.136687D+03
 0.138520D+03
 0.138630D+03
 0.137385D+03
 0.138937D+03
 0.138915D+03
 0.137670D+03
 0.139136D+03
 0.139455D+03
 0.138260D+03
 0.139343D+03
 0.139682D+03
 0.138690D+03
 0.139603D+03
 0.139045D+03
 0.138242D+03
 0.139962D+03
 0.139464D+03
 0.137799D+03
 0.140311D+03
 0.140331D+03
 0.137882D+03
 0.141027D+03
 0.141048D+03
 0.137344D+03
 0.141781D+03
 0.141767D+03
 0.142102D+03
 0.143006D+03
 0.143028D+03
 0.143722D+03
 0.144266D+03
 0.144127D+03
 0.143630D+03
 0.145720D+03
 0.145116D+03
 0.145178D+03
 0.147050D+03
 0.146120D+03
 0.146316D+03
 0.148148D+03
 0.146786D+03
 0.147185D+03
 0.149249D+03
 0.148745D+03
 0.147752D+03
 0.149891D+03
 0.150086D+03
 0.148264D+03
 0.150270D+03
 0.150457D+03
 0.148478D+03
 0.150253D+03
 0.150907D+03
 0.148321D+03
 0.150404D+03
 0.150924D+03
 0.148323D+03
 0.150059D+03
 0.150791D+03
 0.148067D+03
 0.149596D+03
 0.150038D+03
 0.147263D+03
 0.148642D+03
 0.149051D+03
 0.145988D+03
 0.147214D+03
 0.148162D+03
 0.144357D+03
 0.145880D+03
 0.146224D+03
 0.142474D+03
 0.144124D+03
 0.144662D+03
 0.140823D+03
 0.142831D+03
 0.142919D+03
 0.139522D+03
 0.141192D+03
 0.141575D+03
 0.138582D+03
 0.140235D+03
 0.140369D+03
 0.137869D+03
 0.139546D+03
 0.139388D+03
 0.137733D+03
 0.139064D+03
 0.138750D+03
 0.137055D+03
 0.138795D+03
 0.138431D+03
 0.136995D+03
 0.138470D+03
 0.138088D+03
 0.136748D+03
 0.138716D+03
 0.138020D+03
 0.136631D+03
 0.138581D+03
 0.138008D+03
 0.136631D+03
 0.138465D+03
 0.138013D+03
 0.136519D+03
 0.138457D+03
 0.138016D+03
 0.136680D+03
 0.138524D+03
 0.138302D+03
 0.137001D+03
 0.138946D+03
 0.138885D+03
 0.137477D+03
 0.139031D+03
 0.139039D+03
 0.138184D+03
 0.139237D+03
 0.139350D+03
 0.138512D+03
 0.139727D+03
 0.138752D+03
 0.138177D+03
 0.140256D+03
 0.139645D+03
 0.137817D+03
 0.140534D+03
 0.140307D+03
 0.137972D+03
 0.141190D+03
 0.141080D+03
 0.138088D+03
 0.141996D+03
 0.142061D+03
 0.141603D+03
 0.143042D+03
 0.142968D+03
 0.143276D+03
 0.144643D+03
 0.144054D+03
 0.144719D+03
 0.146131D+03
 0.144906D+03
 0.145239D+03
 0.147198D+03
 0.146035D+03
 0.146120D+03
 0.148364D+03
 0.146700D+03
 0.147184D+03
 0.149204D+03
 0.148538D+03
 0.147557D+03
 0.149890D+03
 0.149969D+03
 0.147907D+03
 0.150389D+03
 0.150254D+03
 0.148318D+03
 0.150134D+03
 0.150401D+03
 0.148188D+03
 0.150130D+03
 0.150635D+03
 0.148080D+03
 0.149864D+03
 0.150493D+03
 0.147773D+03
 0.149170D+03
 0.149715D+03
 0.147063D+03
 0.148611D+03
 0.149009D+03
 0.145918D+03
 0.147488D+03
 0.147717D+03
 0.144260D+03
 0.146001D+03
 0.146265D+03
 0.142493D+03
 0.144386D+03
 0.144756D+03
 0.140876D+03
 0.142771D+03
 0.143103D+03
 0.139446D+03
 0.141363D+03
 0.141636D+03
 0.138714D+03
 0.140282D+03
 0.140307D+03
 0.137957D+03
 0.139581D+03
 0.139245D+03
 0.137540D+03
 0.139344D+03
 0.138870D+03
 0.137084D+03
 0.138857D+03
 0.138419D+03
 0.136769D+03
 0.138612D+03
 0.138098D+03
 0.136615D+03
 0.138562D+03
 0.137875D+03
 0.136503D+03
 0.138608D+03
 0.137616D+03
 0.136152D+03
 0.138401D+03
 0.137762D+03
 0.136344D+03
 0.138397D+03
 0.138042D+03
 0.136475D+03
 0.138574D+03
 0.138156D+03
 0.136579D+03
 0.138881D+03
 0.138417D+03
 0.137418D+03
 0.138961D+03
 0.138774D+03
 0.137849D+03
 0.139442D+03
 0.139199D+03
 0.137998D+03
 0.139816D+03
 0.138920D+03
 0.138155D+03
 0.140338D+03
 0.139630D+03
 0.138028D+03
 0.140870D+03
 0.140239D+03
 0.138012D+03
 0.141444D+03
 0.141401D+03
 0.137343D+03
 0.142459D+03
 0.142228D+03
 0.141452D+03
 0.143331D+03
 0.143085D+03
 0.143442D+03
 0.144605D+03
 0.143958D+03
 0.142933D+03
 0.146068D+03
 0.144855D+03
 0.145105D+03
 0.147302D+03
 0.146000D+03
 0.146118D+03
 0.148369D+03
 0.146555D+03
 0.146723D+03
 0.149143D+03
 0.148264D+03
 0.147492D+03
 0.149396D+03
 0.149645D+03
 0.147607D+03
 0.149823D+03
 0.149780D+03
 0.148108D+03
 0.149921D+03
 0.150353D+03
 0.147972D+03
 0.150081D+03
 0.150603D+03
 0.147901D+03
 0.149603D+03
 0.150292D+03
 0.147653D+03
 0.149360D+03
 0.149732D+03
 0.146797D+03
 0.148696D+03
 0.148837D+03
 0.145821D+03
 0.147521D+03
 0.147809D+03
 0.144530D+03
 0.145856D+03
 0.146154D+03
 0.142540D+03
 0.144562D+03
 0.144611D+03
 0.140590D+03
 0.142944D+03
 0.142815D+03
 0.139255D+03
 0.141441D+03
 0.141294D+03
 0.138623D+03
 0.140236D+03
 0.140062D+03
 0.137841D+03
 0.139333D+03
 0.139094D+03
 0.137160D+03
 0.139010D+03
 0.138516D+03
 0.136743D+03
 0.138905D+03
 0.138123D+03
 0.136510D+03
 0.138869D+03
 0.137825D+03
 0.136334D+03
 0.138566D+03
 0.137618D+03
 0.136242D+03
 0.138345D+03
 0.137445D+03
 0.136011D+03
 0.138468D+03
 0.137487D+03
 0.136114D+03
 0.138451D+03
 0.137605D+03
 0.136231D+03
 0.138531D+03
 0.137981D+03
 0.136656D+03
 0.138695D+03
 0.138497D+03
 0.137128D+03
 0.139081D+03
 0.138919D+03
 0.137734D+03
 0.139491D+03
 0.137941D+03
 0.138129D+03
 0.139795D+03
 0.138826D+03
 0.138185D+03
 0.140543D+03
 0.139900D+03
 0.137834D+03
 0.140935D+03
 0.140407D+03
 0.137744D+03
 0.141681D+03
 0.141255D+03
 0.138146D+03
 0.142348D+03
 0.142107D+03
 0.141778D+03
 0.143265D+03
 0.142952D+03
 0.147260D+03
 0.149378D+03
 0.149125D+03
 0.147536D+03
 0.149742D+03
 0.149613D+03
 0.147590D+03
 0.150021D+03
 0.150050D+03
 0.147763D+03
 0.150029D+03
 0.150210D+03
 0.147578D+03
 0.149816D+03
 0.150365D+03
 0.147482D+03
 0.149325D+03
 0.149738D+03
 0.146720D+03
 0.148499D+03
 0.148934D+03
 0.145843D+03
 0.147580D+03
 0.147803D+03
 0.144476D+03
 0.146308D+03
 0.146287D+03
 0.142580D+03
 0.144750D+03
 0.144603D+03
 0.140692D+03
 0.142994D+03
 0.142944D+03
 0.139034D+03
 0.141439D+03
 0.140106D+03
 0.136260D+03
 0.140197D+03
 0.138515D+03
 0.135160D+03
 0.137207D+03
 0.137836D+03
 0.135002D+03
 0.136424D+03
 0.137876D+03
 0.136369D+03
 0.138365D+03
 0.137614D+03
 0.136284D+03
 0.138434D+03
 0.137676D+03
 0.136179D+03
 0.138611D+03
 0.137618D+03
 0.135689D+03
 0.138511D+03
 0.137238D+03
 0.135848D+03
 0.138279D+03
 0.137362D+03
 0.135925D+03
 0.138434D+03
 0.137591D+03
 0.136180D+03
 0.138528D+03
 0.138018D+03
 0.136459D+03
 0.138556D+03
 0.138521D+03
 0.137089D+03
 0.139229D+03
 0.138793D+03
 0.137668D+03
 0.139517D+03
 0.138095D+03
 0.138252D+03
 0.140223D+03
 0.138995D+03
 0.138158D+03
 0.140671D+03
 0.139723D+03
 0.137735D+03
 0.141350D+03
 0.140424D+03
 0.137851D+03
 0.141527D+03
 0.141186D+03
 0.137491D+03
 0.142053D+03
 0.141361D+03
 0.146766D+03
 0.149315D+03
 0.149141D+03
 0.147288D+03
 0.149870D+03
 0.149739D+03
 0.147536D+03
 0.149927D+03
 0.149991D+03
 0.147810D+03
 0.149887D+03
 0.150277D+03
 0.147748D+03
 0.150107D+03
 0.150483D+03
 0.147575D+03
 0.149490D+03
 0.149940D+03
 0.146907D+03
 0.148642D+03
 0.149192D+03
 0.145885D+03
 0.147771D+03
 0.147971D+03
 0.144456D+03
 0.146460D+03
 0.146188D+03
 0.142500D+03
 0.144814D+03
 0.143637D+03
 0.138751D+03
 0.142615D+03
 0.141662D+03
 0.136890D+03
 0.138841D+03
 0.139527D+03
 0.135766D+03
 0.137240D+03
 0.138169D+03
 0.135008D+03
 0.136612D+03
 0.137057D+03
 0.134531D+03
 0.136161D+03
 0.136288D+03
 0.133945D+03
 0.135452D+03
 0.135991D+03
 0.135818D+03
 0.138293D+03
 0.137401D+03
 0.135728D+03
 0.138412D+03
 0.137149D+03
 0.135761D+03
 0.138363D+03
 0.137444D+03
 0.135662D+03
 0.138246D+03
 0.137196D+03
 0.135726D+03
 0.138283D+03
 0.137579D+03
 0.135857D+03
 0.138594D+03
 0.137947D+03
 0.136489D+03
 0.138806D+03
 0.138304D+03
 0.137170D+03
 0.139267D+03
 0.138948D+03
 0.137930D+03
 0.139670D+03
 0.139551D+03
 0.138198D+03
 0.140155D+03
 0.139075D+03
 0.138029D+03
 0.140490D+03
 0.139752D+03
 0.137302D+03
 0.140927D+03
 0.140187D+03
 0.147581D+03
 0.150102D+03
 0.150415D+03
 0.147718D+03
 0.150175D+03
 0.150480D+03
 0.147850D+03
 0.150135D+03
 0.150360D+03
 0.147572D+03
 0.149685D+03
 0.150097D+03
 0.147117D+03
 0.149088D+03
 0.149237D+03
 0.146107D+03
 0.147886D+03
 0.147910D+03
 0.144292D+03
 0.146207D+03
 0.145689D+03
 0.140860D+03
 0.142494D+03
 0.143436D+03
 0.138366D+03
 0.140316D+03
 0.141830D+03
 0.133382D+03
 0.134644D+03
 0.136573D+03
 0.135427D+03
 0.137872D+03
 0.136915D+03
 0.135374D+03
 0.138087D+03
 0.137181D+03
 0.135603D+03
 0.138040D+03
 0.137308D+03
 0.135434D+03
 0.137965D+03
 0.137197D+03
 0.135591D+03
 0.138323D+03
 0.137410D+03
 0.135993D+03
 0.138393D+03
 0.137939D+03
 0.136588D+03
 0.138934D+03
 0.138576D+03
 0.137111D+03
 0.139516D+03
 0.138883D+03
 0.138004D+03
 0.139881D+03
 0.139694D+03
 0.138319D+03
 0.140284D+03
 0.139106D+03
 0.137612D+03
 0.140055D+03
 0.139285D+03
 0.147602D+03
 0.150321D+03
 0.150568D+03
 0.147958D+03
 0.150537D+03
 0.150839D+03
 0.147883D+03
 0.150131D+03
 0.150727D+03
 0.147926D+03
 0.149958D+03
 0.150384D+03
 0.147005D+03
 0.148891D+03
 0.149148D+03
 0.144360D+03
 0.147641D+03
 0.147343D+03
 0.142720D+03
 0.144272D+03
 0.146056D+03
 0.135062D+03
 0.137613D+03
 0.136678D+03
 0.135192D+03
 0.137828D+03
 0.137106D+03
 0.135407D+03
 0.138070D+03
 0.137477D+03
 0.135757D+03
 0.138362D+03
 0.137696D+03
 0.136009D+03
 0.138353D+03
 0.137981D+03
 0.136321D+03
 0.138850D+03
 0.138756D+03
 0.137107D+03
 0.139171D+03
 0.139050D+03
 0.137643D+03
 0.139740D+03
 0.139530D+03
 0.138303D+03
 0.139843D+03
 0.138778D+03
 0.147944D+03
 0.150523D+03
 0.150717D+03
 0.148166D+03
 0.150635D+03
 0.151163D+03
 0.148114D+03
 0.150230D+03
 0.151073D+03
 0.147323D+03
 0.149597D+03
 0.150152D+03
 0.145308D+03
 0.147095D+03
 0.148485D+03
 0.135092D+03
 0.137764D+03
 0.137022D+03
 0.135399D+03
 0.137788D+03
 0.137188D+03
 0.135481D+03
 0.138279D+03
 0.137518D+03
 0.135797D+03
 0.138392D+03
 0.138013D+03
 0.136388D+03
 0.138579D+03
 0.138529D+03
 0.136893D+03
 0.138900D+03
 0.139049D+03
 0.137550D+03
 0.139229D+03
 0.139217D+03
 0.147579D+03
 0.150360D+03
 0.151005D+03
 0.148047D+03
 0.150482D+03
 0.151188D+03
 0.148254D+03
 0.150604D+03
 0.151105D+03
 0.147607D+03
 0.149900D+03
 0.150841D+03
 0.145932D+03
 0.147813D+03
 0.149383D+03
 0.145511D+03
 0.146572D+03
 0.148252D+03
 0.134712D+03
 0.137538D+03
 0.136844D+03
 0.135078D+03
 0.137687D+03
 0.136985D+03
 0.135157D+03
 0.137715D+03
 0.137396D+03
 0.135470D+03
 0.137985D+03
 0.137665D+03
 0.135921D+03
 0.138187D+03
 0.138239D+03
 0.136485D+03
 0.138729D+03
 0.138489D+03
 0.137048D+03
 0.138718D+03
 0.138788D+03
 0.134837D+03
 0.137241D+03
 0.137143D+03
 0.135120D+03
 0.137565D+03
 0.137438D+03
 0.135848D+03
 0.137533D+03
 0.136422D+03
 0.135146D+03
 0.136811D+03
 0.135590D+03
 0.134953D+03
 0.136729D+03
 0.135205D+03
 0.140911D+03
 0.141402D+03
 0.140831D+03
 0.142039D+03
 0.142906D+03
 0.141400D+03
 0.143536D+03
 0.144355D+03
 0.142873D+03
 0.144157D+03
 0.145936D+03
 0.144018D+03
 0.146728D+03
 0.147591D+03
 0.145145D+03
 0.139780D+03
 0.141425D+03
 0.140770D+03
 0.137244D+03
 0.139331D+03
 0.139163D+03
 0.136914D+03
 0.138538D+03
 0.137890D+03
 0.136391D+03
 0.137745D+03
 0.136772D+03
 0.135486D+03
 0.137084D+03
 0.135982D+03
 0.135196D+03
 0.136741D+03
 0.135417D+03
 0.134884D+03
 0.136794D+03
 0.135119D+03
 0.136834D+03
 0.140318D+03
 0.139458D+03
 0.140702D+03
 0.141320D+03
 0.140485D+03
 0.141558D+03
 0.142821D+03
 0.141692D+03
 0.143179D+03
 0.144596D+03
 0.142841D+03
 0.144081D+03
 0.146285D+03
 0.144152D+03
 0.146539D+03
 0.147272D+03
 0.144961D+03
 0.138610D+03
 0.140479D+03
 0.140770D+03
 0.137571D+03
 0.139663D+03
 0.139320D+03
 0.136784D+03
 0.138294D+03
 0.137931D+03
 0.136074D+03
 0.137862D+03
 0.137166D+03
 0.135620D+03
 0.137432D+03
 0.136452D+03
 0.135121D+03
 0.136996D+03
 0.135879D+03
 0.134849D+03
 0.136878D+03
 0.135527D+03
 0.139961D+03
 0.141808D+03
 0.141011D+03
 0.142536D+03
 0.143037D+03
 0.142090D+03
 0.143447D+03
 0.144686D+03
 0.143232D+03
 0.144338D+03
 0.146050D+03
 0.144607D+03
 0.146538D+03
 0.147493D+03
 0.146469D+03
 0.148171D+03
 0.147107D+03
 0.145887D+03
 0.147497D+03
 0.147149D+03
 0.145415D+03
 0.147069D+03
 0.146333D+03
 0.143782D+03
 0.145344D+03
 0.145545D+03
 0.142183D+03
 0.143684D+03
 0.144403D+03
 0.140275D+03
 0.142228D+03
 0.142567D+03
 0.138944D+03
 0.141160D+03
 0.141001D+03
 0.137689D+03
 0.139731D+03
 0.139433D+03
 0.136899D+03
 0.138822D+03
 0.138350D+03
 0.136339D+03
 0.138175D+03
 0.137467D+03
 0.135892D+03
 0.137732D+03
 0.136886D+03
 0.135325D+03
 0.137338D+03
 0.136272D+03
 0.134776D+03
 0.136938D+03
 0.135966D+03
 0.146264D+03
 0.148567D+03
 0.146453D+03
 0.148390D+03
 0.146434D+03
 0.147983D+03
 0.146790D+03
 0.147815D+03
 0.145543D+03
 0.147049D+03
 0.147559D+03
 0.144270D+03
 0.145422D+03
 0.146576D+03
 0.142829D+03
 0.143943D+03
 0.144918D+03
 0.141075D+03
 0.142991D+03
 0.143325D+03
 0.139361D+03
 0.141703D+03
 0.141568D+03
 0.138305D+03
 0.140183D+03
 0.139722D+03
 0.137557D+03
 0.139295D+03
 0.138784D+03
 0.136768D+03
 0.138660D+03
 0.137608D+03
 0.136249D+03
 0.138060D+03
 0.137277D+03
 0.135724D+03
 0.137474D+03
 0.134991D+03
 0.137051D+03
 0.147069D+03
 0.149226D+03
 0.146600D+03
 0.148900D+03
 0.146727D+03
 0.148845D+03
 0.146655D+03
 0.148440D+03
 0.146227D+03
 0.147780D+03
 0.145167D+03
 0.146383D+03
 0.143677D+03
 0.145348D+03
 0.141726D+03
 0.143809D+03
 0.140194D+03
 0.142386D+03
 0.138902D+03
 0.140981D+03
 0.138022D+03
 0.140211D+03
 0.137489D+03
 0.139345D+03
 0.136768D+03
 0.138670D+03
 0.147722D+03
 0.149987D+03
 0.147277D+03
 0.149598D+03
 0.146788D+03
 0.148521D+03
 0.145814D+03
 0.147209D+03
 0.144150D+03
 0.146004D+03
 0.142350D+03
 0.144396D+03
 0.135732D+03
 0.139489D+03
 0.136771D+03
 0.138411D+03
 0.138124D+03
 0.136634D+03
 0.139439D+03
 0.137303D+03
 0.138356D+03
 0.138272D+03
 0.141669D+03
 0.139695D+03
 0.137760D+03
 0.138711D+03
 0.138633D+03
 0.149689D+03
 0.151507D+03
 0.146602D+03
 0.148276D+03
 0.147890D+03
 0.138013D+03
 0.139473D+03
 0.135370D+03
 0.136559D+03
 0.136168D+03
 0.137417D+03
 0.139191D+03
 0.134756D+03
 0.136207D+03
 0.135558D+03
 0.137001D+03
 0.138749D+03
 0.134214D+03
 0.135804D+03
 0.134916D+03
 0.136707D+03
 0.138831D+03
 0.134015D+03
 0.135944D+03
 0.134375D+03
 0.136572D+03
 0.138603D+03
 0.133924D+03
 0.135707D+03
 0.134224D+03
 0.136770D+03
 0.138708D+03
 0.133916D+03
 0.135940D+03
 0.134545D+03
 0.136757D+03
 0.138909D+03
 0.134028D+03
 0.135827D+03
 0.134935D+03
 0.136984D+03
 0.139184D+03
 0.134286D+03
 0.136086D+03
 0.135492D+03
 0.137372D+03
 0.139389D+03
 0.134779D+03
 0.136449D+03
 0.136020D+03
 0.137793D+03
 0.140065D+03
 0.135155D+03
 0.136761D+03
 0.136675D+03
 0.137829D+03
 0.140200D+03
 0.135685D+03
 0.137270D+03
 0.137289D+03
 0.137024D+03
 0.140370D+03
 0.136174D+03
 0.137618D+03
 0.137691D+03
 0.136053D+03
 0.139894D+03
 0.136547D+03
 0.138281D+03
 0.137843D+03
 0.136474D+03
 0.139760D+03
 0.137430D+03
 0.135233D+03
 0.138472D+03
 0.138340D+03
 0.136640D+03
 0.139658D+03
 0.137662D+03
 0.135317D+03
 0.138550D+03
 0.138468D+03
 0.141955D+03
 0.140027D+03
 0.138009D+03
 0.135537D+03
 0.139010D+03
 0.138905D+03
 0.142898D+03
 0.141618D+03
 0.138700D+03
 0.136265D+03
 0.139624D+03
 0.139449D+03
 0.139483D+03
 0.140700D+03
 0.136786D+03
 0.134607D+03
 0.137915D+03
 0.137366D+03
 0.138473D+03
 0.140023D+03
 0.135812D+03
 0.133810D+03
 0.137008D+03
 0.136560D+03
 0.137896D+03
 0.139664D+03
 0.135117D+03
 0.133157D+03
 0.136471D+03
 0.135996D+03
 0.137587D+03
 0.139400D+03
 0.134922D+03
 0.132933D+03
 0.136295D+03
 0.135398D+03
 0.137286D+03
 0.139383D+03
 0.134792D+03
 0.133065D+03
 0.136154D+03
 0.134988D+03
 0.137187D+03
 0.139052D+03
 0.134797D+03
 0.132964D+03
 0.136204D+03
 0.134786D+03
 0.137196D+03
 0.139092D+03
 0.134662D+03
 0.133018D+03
 0.136090D+03
 0.135105D+03
 0.137358D+03
 0.139235D+03
 0.134937D+03
 0.133112D+03
 0.136387D+03
 0.135581D+03
 0.137476D+03
 0.139473D+03
 0.135404D+03
 0.133492D+03
 0.136592D+03
 0.135890D+03
 0.137922D+03
 0.139833D+03
 0.135389D+03
 0.133589D+03
 0.136742D+03
 0.136346D+03
 0.138428D+03
 0.140107D+03
 0.135891D+03
 0.134038D+03
 0.137279D+03
 0.136875D+03
 0.138441D+03
 0.140680D+03
 0.136409D+03
 0.134472D+03
 0.137719D+03
 0.137668D+03
 0.137463D+03
 0.140627D+03
 0.136727D+03
 0.134648D+03
 0.137956D+03
 0.137945D+03
 0.136401D+03
 0.140259D+03
 0.137102D+03
 0.135047D+03
 0.138357D+03
 0.138239D+03
 0.136224D+03
 0.139637D+03
 0.138325D+03
 0.137286D+03
 0.138279D+03
 0.138435D+03
 0.136637D+03
 0.139572D+03
 0.138714D+03
 0.137479D+03
 0.138514D+03
 0.138564D+03
 0.141983D+03
 0.140030D+03
 0.139058D+03
 0.137701D+03
 0.138897D+03
 0.139016D+03
 0.142195D+03
 0.142043D+03
 0.139757D+03
 0.138267D+03
 0.139248D+03
 0.139814D+03
 0.142607D+03
 0.145061D+03
 0.140770D+03
 0.139418D+03
 0.140294D+03
 0.140852D+03
 0.148004D+03
 0.150439D+03
 0.147693D+03
 0.146401D+03
 0.148092D+03
 0.148492D+03
 0.146263D+03
 0.148975D+03
 0.146422D+03
 0.145114D+03
 0.146875D+03
 0.147020D+03
 0.144325D+03
 0.147051D+03
 0.144408D+03
 0.143239D+03
 0.144724D+03
 0.144929D+03
 0.142965D+03
 0.145151D+03
 0.142597D+03
 0.141116D+03
 0.142541D+03
 0.142584D+03
 0.142099D+03
 0.143671D+03
 0.140688D+03
 0.139401D+03
 0.140691D+03
 0.140625D+03
 0.140875D+03
 0.142145D+03
 0.139162D+03
 0.137968D+03
 0.139015D+03
 0.138904D+03
 0.139894D+03
 0.140990D+03
 0.138081D+03
 0.136780D+03
 0.137927D+03
 0.137833D+03
 0.138951D+03
 0.140270D+03
 0.137151D+03
 0.135924D+03
 0.137287D+03
 0.137083D+03
 0.138435D+03
 0.139839D+03
 0.136336D+03
 0.135472D+03
 0.136763D+03
 0.136176D+03
 0.137886D+03
 0.139590D+03
 0.136300D+03
 0.135236D+03
 0.136411D+03
 0.135742D+03
 0.137638D+03
 0.139474D+03
 0.136155D+03
 0.134907D+03
 0.136344D+03
 0.135277D+03
 0.137460D+03
 0.139329D+03
 0.136073D+03
 0.135031D+03
 0.136442D+03
 0.135166D+03
 0.137553D+03
 0.139346D+03
 0.136143D+03
 0.135166D+03
 0.136330D+03
 0.135333D+03
 0.137615D+03
 0.139306D+03
 0.136341D+03
 0.135303D+03
 0.136609D+03
 0.135805D+03
 0.137913D+03
 0.139668D+03
 0.136555D+03
 0.135536D+03
 0.136421D+03
 0.136198D+03
 0.138100D+03
 0.139968D+03
 0.136852D+03
 0.135688D+03
 0.136989D+03
 0.136784D+03
 0.138654D+03
 0.140359D+03
 0.137175D+03
 0.136022D+03
 0.137290D+03
 0.137207D+03
 0.138674D+03
 0.140830D+03
 0.137624D+03
 0.136372D+03
 0.137449D+03
 0.137674D+03
 0.137658D+03
 0.140689D+03
 0.137890D+03
 0.136691D+03
 0.138010D+03
 0.138066D+03
 0.136566D+03
 0.140142D+03
 0.138167D+03
 0.137019D+03
 0.138301D+03
 0.138376D+03
 0.136246D+03
 0.139441D+03
 0.139519D+03
 0.138072D+03
 0.138112D+03
 0.138505D+03
 0.136495D+03
 0.139596D+03
 0.139588D+03
 0.138361D+03
 0.138455D+03
 0.138628D+03
 0.141990D+03
 0.139806D+03
 0.140079D+03
 0.138872D+03
 0.138755D+03
 0.139135D+03
 0.143414D+03
 0.142455D+03
 0.140414D+03
 0.139385D+03
 0.139394D+03
 0.139754D+03
 0.142451D+03
 0.144740D+03
 0.141736D+03
 0.140411D+03
 0.140410D+03
 0.140965D+03
 0.144601D+03
 0.146056D+03
 0.143036D+03
 0.141858D+03
 0.141476D+03
 0.142304D+03
 0.149072D+03
 0.151142D+03
 0.149332D+03
 0.148165D+03
 0.148691D+03
 0.149508D+03
 0.148052D+03
 0.150349D+03
 0.148571D+03
 0.147665D+03
 0.147889D+03
 0.148314D+03
 0.146371D+03
 0.148769D+03
 0.147236D+03
 0.146152D+03
 0.146395D+03
 0.147104D+03
 0.144387D+03
 0.147025D+03
 0.145442D+03
 0.144280D+03
 0.144468D+03
 0.144783D+03
 0.143005D+03
 0.145101D+03
 0.143520D+03
 0.142464D+03
 0.142468D+03
 0.142565D+03
 0.142227D+03
 0.143487D+03
 0.141891D+03
 0.140818D+03
 0.140866D+03
 0.140636D+03
 0.140944D+03
 0.142146D+03
 0.140361D+03
 0.139207D+03
 0.139100D+03
 0.139296D+03
 0.139992D+03
 0.141070D+03
 0.138961D+03
 0.138120D+03
 0.138290D+03
 0.137944D+03
 0.139015D+03
 0.140301D+03
 0.138351D+03
 0.137201D+03
 0.137156D+03
 0.137311D+03
 0.138645D+03
 0.140040D+03
 0.137710D+03
 0.136462D+03
 0.136697D+03
 0.136441D+03
 0.137984D+03
 0.139798D+03
 0.137431D+03
 0.136468D+03
 0.136607D+03
 0.135951D+03
 0.138083D+03
 0.139641D+03
 0.137534D+03
 0.136241D+03
 0.136746D+03
 0.135674D+03
 0.137899D+03
 0.139524D+03
 0.137591D+03
 0.136369D+03
 0.136562D+03
 0.135332D+03
 0.137795D+03
 0.139476D+03
 0.137641D+03
 0.136413D+03
 0.136441D+03
 0.135341D+03
 0.137676D+03
 0.139403D+03
 0.137384D+03
 0.136374D+03
 0.136315D+03
 0.135749D+03
 0.137958D+03
 0.139634D+03
 0.137784D+03
 0.136558D+03
 0.136590D+03
 0.136164D+03
 0.138197D+03
 0.139967D+03
 0.138230D+03
 0.136850D+03
 0.136720D+03
 0.136858D+03
 0.138586D+03
 0.140250D+03
 0.138269D+03
 0.137110D+03
 0.137013D+03
 0.137333D+03
 0.138692D+03
 0.140686D+03
 0.138608D+03
 0.137504D+03
 0.137514D+03
 0.137888D+03
 0.137578D+03
 0.140395D+03
 0.139030D+03
 0.137786D+03
 0.137878D+03
 0.138228D+03
 0.136664D+03
 0.139903D+03
 0.139240D+03
 0.137881D+03
 0.137978D+03
 0.138398D+03
 0.136575D+03
 0.139374D+03
 0.139976D+03
 0.138792D+03
 0.138046D+03
 0.138495D+03
 0.136399D+03
 0.139331D+03
 0.140463D+03
 0.138980D+03
 0.138325D+03
 0.138634D+03
 0.141895D+03
 0.139735D+03
 0.140683D+03
 0.139509D+03
 0.138640D+03
 0.139156D+03
 0.142997D+03
 0.142858D+03
 0.141592D+03
 0.140169D+03
 0.139323D+03
 0.139880D+03
 0.142539D+03
 0.144942D+03
 0.142745D+03
 0.141407D+03
 0.140428D+03
 0.141055D+03
 0.143726D+03
 0.146065D+03
 0.143820D+03
 0.142607D+03
 0.141559D+03
 0.142360D+03
 0.144974D+03
 0.147268D+03
 0.145322D+03
 0.144193D+03
 0.142675D+03
 0.143752D+03
 0.146772D+03
 0.148452D+03
 0.146584D+03
 0.145291D+03
 0.143998D+03
 0.144348D+03
 0.148241D+03
 0.149834D+03
 0.148215D+03
 0.146668D+03
 0.145263D+03
 0.145158D+03
 0.149927D+03
 0.151558D+03
 0.150509D+03
 0.149378D+03
 0.148689D+03
 0.149624D+03
 0.149274D+03
 0.150619D+03
 0.149976D+03
 0.148700D+03
 0.148262D+03
 0.149257D+03
 0.147909D+03
 0.149847D+03
 0.149007D+03
 0.147917D+03
 0.147495D+03
 0.148483D+03
 0.146071D+03
 0.148479D+03
 0.147667D+03
 0.146811D+03
 0.146391D+03
 0.146651D+03
 0.144380D+03
 0.146736D+03
 0.145959D+03
 0.144787D+03
 0.144518D+03
 0.144535D+03
 0.143003D+03
 0.144977D+03
 0.144309D+03
 0.142951D+03
 0.142477D+03
 0.142749D+03
 0.142220D+03
 0.143384D+03
 0.142582D+03
 0.141438D+03
 0.140579D+03
 0.141024D+03
 0.141397D+03
 0.142081D+03
 0.141056D+03
 0.139802D+03
 0.139186D+03
 0.139567D+03
 0.140041D+03
 0.141177D+03
 0.139938D+03
 0.138769D+03
 0.138118D+03
 0.138207D+03
 0.139312D+03
 0.140421D+03
 0.139211D+03
 0.138137D+03
 0.137259D+03
 0.137424D+03
 0.138804D+03
 0.140084D+03
 0.138763D+03
 0.137594D+03
 0.136754D+03
 0.136975D+03
 0.138483D+03
 0.139766D+03
 0.138508D+03
 0.137276D+03
 0.136764D+03
 0.136230D+03
 0.138269D+03
 0.139675D+03
 0.138327D+03
 0.137138D+03
 0.136667D+03
 0.135835D+03
 0.138094D+03
 0.139513D+03
 0.138404D+03
 0.137125D+03
 0.136540D+03
 0.135551D+03
 0.137919D+03
 0.139395D+03
 0.138299D+03
 0.137361D+03
 0.136290D+03
 0.135529D+03
 0.137985D+03
 0.139539D+03
 0.138518D+03
 0.137469D+03
 0.136370D+03
 0.135900D+03
 0.138006D+03
 0.139648D+03
 0.138674D+03
 0.137217D+03
 0.136547D+03
 0.136394D+03
 0.138217D+03
 0.139825D+03
 0.138713D+03
 0.137567D+03
 0.136542D+03
 0.136815D+03
 0.138587D+03
 0.140220D+03
 0.138860D+03
 0.137802D+03
 0.136744D+03
 0.137311D+03
 0.138723D+03
 0.140117D+03
 0.139329D+03
 0.138057D+03
 0.137145D+03
 0.137663D+03
 0.137582D+03
 0.140271D+03
 0.139530D+03
 0.138342D+03
 0.137685D+03
 0.138223D+03
 0.136495D+03
 0.139770D+03
 0.139807D+03
 0.138544D+03
 0.137974D+03
 0.138288D+03
 0.136329D+03
 0.139093D+03
 0.140489D+03
 0.139051D+03
 0.137809D+03
 0.138564D+03
 0.136279D+03
 0.139326D+03
 0.140772D+03
 0.139368D+03
 0.137981D+03
 0.138744D+03
 0.141846D+03
 0.139793D+03
 0.141218D+03
 0.139909D+03
 0.138592D+03
 0.138970D+03
 0.142870D+03
 0.142599D+03
 0.142098D+03
 0.140642D+03
 0.139275D+03
 0.139887D+03
 0.142494D+03
 0.144973D+03
 0.142976D+03
 0.141913D+03
 0.140433D+03
 0.141053D+03
 0.144588D+03
 0.145900D+03
 0.144427D+03
 0.142955D+03
 0.141564D+03
 0.142647D+03
 0.144816D+03
 0.147283D+03
 0.146173D+03
 0.144462D+03
 0.142522D+03
 0.143924D+03
 0.146980D+03
 0.148436D+03
 0.147413D+03
 0.145903D+03
 0.143842D+03
 0.144676D+03
 0.148061D+03
 0.149641D+03
 0.148481D+03
 0.147182D+03
 0.145380D+03
 0.145365D+03
 0.149988D+03
 0.151449D+03
 0.150763D+03
 0.149414D+03
 0.147803D+03
 0.148060D+03
 0.149975D+03
 0.151464D+03
 0.151206D+03
 0.149645D+03
 0.147775D+03
 0.148726D+03
 0.149712D+03
 0.151038D+03
 0.151008D+03
 0.149029D+03
 0.148153D+03
 0.149466D+03
 0.148952D+03
 0.150402D+03
 0.150180D+03
 0.148786D+03
 0.147862D+03
 0.148952D+03
 0.147540D+03
 0.149314D+03
 0.149334D+03
 0.148020D+03
 0.147306D+03
 0.148142D+03
 0.145842D+03
 0.148188D+03
 0.148010D+03
 0.146471D+03
 0.145778D+03
 0.146713D+03
 0.144106D+03
 0.146649D+03
 0.146352D+03
 0.145023D+03
 0.144118D+03
 0.144568D+03
 0.142991D+03
 0.144954D+03
 0.144650D+03
 0.143309D+03
 0.142089D+03
 0.142642D+03
 0.142244D+03
 0.143362D+03
 0.143079D+03
 0.141742D+03
 0.140523D+03
 0.141040D+03
 0.141220D+03
 0.142045D+03
 0.141611D+03
 0.140289D+03
 0.139199D+03
 0.139484D+03
 0.140341D+03
 0.141195D+03
 0.140323D+03
 0.139213D+03
 0.138060D+03
 0.138467D+03
 0.139209D+03
 0.140453D+03
 0.139733D+03
 0.138596D+03
 0.137278D+03
 0.137418D+03
 0.138663D+03
 0.140289D+03
 0.139345D+03
 0.137890D+03
 0.136796D+03
 0.136839D+03
 0.138519D+03
 0.139920D+03
 0.138980D+03
 0.137660D+03
 0.136713D+03
 0.136427D+03
 0.138187D+03
 0.139698D+03
 0.138778D+03
 0.137628D+03
 0.136630D+03
 0.135961D+03
 0.138040D+03
 0.139550D+03
 0.139055D+03
 0.137311D+03
 0.136269D+03
 0.135776D+03
 0.138047D+03
 0.139600D+03
 0.139018D+03
 0.137409D+03
 0.136108D+03
 0.135868D+03
 0.137869D+03
 0.139374D+03
 0.138939D+03
 0.137530D+03
 0.136007D+03
 0.135826D+03
 0.138025D+03
 0.139541D+03
 0.139134D+03
 0.137492D+03
 0.136147D+03
 0.136354D+03
 0.138017D+03
 0.139679D+03
 0.139215D+03
 0.137571D+03
 0.136229D+03
 0.136724D+03
 0.138499D+03
 0.140092D+03
 0.139177D+03
 0.137942D+03
 0.136547D+03
 0.137291D+03
 0.138481D+03
 0.139990D+03
 0.139871D+03
 0.138091D+03
 0.137010D+03
 0.137671D+03
 0.137286D+03
 0.139896D+03
 0.139949D+03
 0.138282D+03
 0.137141D+03
 0.138086D+03
 0.136432D+03
 0.139612D+03
 0.140093D+03
 0.138617D+03
 0.137722D+03
 0.138355D+03
 0.136424D+03
 0.139029D+03
 0.140594D+03
 0.138877D+03
 0.137775D+03
 0.138421D+03
 0.136259D+03
 0.139127D+03
 0.141168D+03
 0.139302D+03
 0.138043D+03
 0.138727D+03
 0.140656D+03
 0.139629D+03
 0.141536D+03
 0.140025D+03
 0.138643D+03
 0.139094D+03
 0.142879D+03
 0.143083D+03
 0.142265D+03
 0.140698D+03
 0.139399D+03
 0.140083D+03
 0.142695D+03
 0.144930D+03
 0.143350D+03
 0.141915D+03
 0.140419D+03
 0.141397D+03
 0.143828D+03
 0.146201D+03
 0.144913D+03
 0.143276D+03
 0.141707D+03
 0.142553D+03
 0.144716D+03
 0.147128D+03
 0.146139D+03
 0.144564D+03
 0.142862D+03
 0.143862D+03
 0.147076D+03
 0.148372D+03
 0.147623D+03
 0.145936D+03
 0.143907D+03
 0.144790D+03
 0.148069D+03
 0.149461D+03
 0.148878D+03
 0.147125D+03
 0.145241D+03
 0.145295D+03
 0.148986D+03
 0.150266D+03
 0.149853D+03
 0.147904D+03
 0.149464D+03
 0.150742D+03
 0.150457D+03
 0.148432D+03
 0.147291D+03
 0.149607D+03
 0.151211D+03
 0.150828D+03
 0.149093D+03
 0.147636D+03
 0.146882D+03
 0.149799D+03
 0.151268D+03
 0.150858D+03
 0.149156D+03
 0.147361D+03
 0.148195D+03
 0.149634D+03
 0.151235D+03
 0.151078D+03
 0.149323D+03
 0.147494D+03
 0.148495D+03
 0.149481D+03
 0.150543D+03
 0.150803D+03
 0.148891D+03
 0.147936D+03
 0.148915D+03
 0.148399D+03
 0.150221D+03
 0.150082D+03
 0.148548D+03
 0.147606D+03
 0.148654D+03
 0.147267D+03
 0.149313D+03
 0.149304D+03
 0.147617D+03
 0.146708D+03
 0.148001D+03
 0.145827D+03
 0.148069D+03
 0.148110D+03
 0.146235D+03
 0.145427D+03
 0.146389D+03
 0.144092D+03
 0.146296D+03
 0.146452D+03
 0.144927D+03
 0.143880D+03
 0.144521D+03
 0.142974D+03
 0.144953D+03
 0.144787D+03
 0.143406D+03
 0.142252D+03
 0.142777D+03
 0.142222D+03
 0.143474D+03
 0.143244D+03
 0.141569D+03
 0.140676D+03
 0.140924D+03
 0.141300D+03
 0.142007D+03
 0.141793D+03
 0.140388D+03
 0.139142D+03
 0.139481D+03
 0.140513D+03
 0.140923D+03
 0.140786D+03
 0.139277D+03
 0.138211D+03
 0.138413D+03
 0.139367D+03
 0.140326D+03
 0.139994D+03
 0.138568D+03
 0.137406D+03
 0.137719D+03
 0.138741D+03
 0.140110D+03
 0.139650D+03
 0.137818D+03
 0.136969D+03
 0.137124D+03
 0.138173D+03
 0.139953D+03
 0.139333D+03
 0.137753D+03
 0.136780D+03
 0.136459D+03
 0.138004D+03
 0.139617D+03
 0.139295D+03
 0.137596D+03
 0.136643D+03
 0.135943D+03
 0.137994D+03
 0.139719D+03
 0.139388D+03
 0.137326D+03
 0.136426D+03
 0.135704D+03
 0.137877D+03
 0.139546D+03
 0.139229D+03
 0.137307D+03
 0.136075D+03
 0.135619D+03
 0.137834D+03
 0.139228D+03
 0.139063D+03
 0.137514D+03
 0.136042D+03
 0.136032D+03
 0.137779D+03
 0.139598D+03
 0.139302D+03
 0.137299D+03
 0.135981D+03
 0.136362D+03
 0.137892D+03
 0.139554D+03
 0.139280D+03
 0.137585D+03
 0.136147D+03
 0.136744D+03
 0.138215D+03
 0.139720D+03
 0.139297D+03
 0.137633D+03
 0.136275D+03
 0.137205D+03
 0.138236D+03
 0.139799D+03
 0.139594D+03
 0.137788D+03
 0.136642D+03
 0.137684D+03
 0.137320D+03
 0.139778D+03
 0.140140D+03
 0.138244D+03
 0.136945D+03
 0.137882D+03
 0.136226D+03
 0.139442D+03
 0.140447D+03
 0.138647D+03
 0.137406D+03
 0.138253D+03
 0.135914D+03
 0.139125D+03
 0.140724D+03
 0.138909D+03
 0.137731D+03
 0.138344D+03
 0.136227D+03
 0.139340D+03
 0.141109D+03
 0.139495D+03
 0.138170D+03
 0.138838D+03
 0.140578D+03
 0.139911D+03
 0.141647D+03
 0.140031D+03
 0.138756D+03
 0.139413D+03
 0.142762D+03
 0.143194D+03
 0.142501D+03
 0.140841D+03
 0.139749D+03
 0.140258D+03
 0.142650D+03
 0.145105D+03
 0.143912D+03
 0.141819D+03
 0.140692D+03
 0.141488D+03
 0.144173D+03
 0.146149D+03
 0.145271D+03
 0.143269D+03
 0.141778D+03
 0.142828D+03
 0.144640D+03
 0.147160D+03
 0.146639D+03
 0.144619D+03
 0.142906D+03
 0.144085D+03
 0.146974D+03
 0.148433D+03
 0.147786D+03
 0.145856D+03
 0.143735D+03
 0.144593D+03
 0.147883D+03
 0.149601D+03
 0.148984D+03
 0.146861D+03
 0.145234D+03
 0.145600D+03
 0.148821D+03
 0.150364D+03
 0.149800D+03
 0.147874D+03
 0.146737D+03
 0.149277D+03
 0.150666D+03
 0.150587D+03
 0.148191D+03
 0.147205D+03
 0.149399D+03
 0.150847D+03
 0.150841D+03
 0.148865D+03
 0.147415D+03
 0.146629D+03
 0.149598D+03
 0.150994D+03
 0.150771D+03
 0.148948D+03
 0.147169D+03
 0.147404D+03
 0.149383D+03
 0.151030D+03
 0.150929D+03
 0.148780D+03
 0.147243D+03
 0.148201D+03
 0.149138D+03
 0.150434D+03
 0.150495D+03
 0.148855D+03
 0.147780D+03
 0.148952D+03
 0.148121D+03
 0.149906D+03
 0.149837D+03
 0.147972D+03
 0.147318D+03
 0.148527D+03
 0.146984D+03
 0.149005D+03
 0.148959D+03
 0.147110D+03
 0.146567D+03
 0.147675D+03
 0.145293D+03
 0.147776D+03
 0.147946D+03
 0.146281D+03
 0.145445D+03
 0.146352D+03
 0.144241D+03
 0.146526D+03
 0.146504D+03
 0.144691D+03
 0.143844D+03
 0.144532D+03
 0.142888D+03
 0.144819D+03
 0.144839D+03
 0.143190D+03
 0.142238D+03
 0.142674D+03
 0.142230D+03
 0.143358D+03
 0.143211D+03
 0.141732D+03
 0.140605D+03
 0.140905D+03
 0.141093D+03
 0.142140D+03
 0.141932D+03
 0.140299D+03
 0.139269D+03
 0.139503D+03
 0.140462D+03
 0.141169D+03
 0.140756D+03
 0.139207D+03
 0.137994D+03
 0.138336D+03
 0.139382D+03
 0.140419D+03
 0.140102D+03
 0.138543D+03
 0.137300D+03
 0.137681D+03
 0.138653D+03
 0.140001D+03
 0.139689D+03
 0.137985D+03
 0.136834D+03
 0.136931D+03
 0.138376D+03
 0.139946D+03
 0.139459D+03
 0.137763D+03
 0.136574D+03
 0.136503D+03
 0.138162D+03
 0.139479D+03
 0.139239D+03
 0.137532D+03
 0.136562D+03
 0.136056D+03
 0.137947D+03
 0.139494D+03
 0.139337D+03
 0.137272D+03
 0.136343D+03
 0.135675D+03
 0.137751D+03
 0.139231D+03
 0.139118D+03
 0.137330D+03
 0.136046D+03
 0.135727D+03
 0.137358D+03
 0.139159D+03
 0.138978D+03
 0.137250D+03
 0.136142D+03
 0.135727D+03
 0.137556D+03
 0.139292D+03
 0.139248D+03
 0.137088D+03
 0.135873D+03
 0.136239D+03
 0.137812D+03
 0.139386D+03
 0.139289D+03
 0.137116D+03
 0.135875D+03
 0.136595D+03
 0.138145D+03
 0.139562D+03
 0.139240D+03
 0.137391D+03
 0.136263D+03
 0.137151D+03
 0.137988D+03
 0.139799D+03
 0.139388D+03
 0.137674D+03
 0.136812D+03
 0.137620D+03
 0.137072D+03
 0.139659D+03
 0.139846D+03
 0.137938D+03
 0.137088D+03
 0.138047D+03
 0.136109D+03
 0.139398D+03
 0.140244D+03
 0.138536D+03
 0.137475D+03
 0.138187D+03
 0.136390D+03
 0.139094D+03
 0.140633D+03
 0.138839D+03
 0.137912D+03
 0.138644D+03
 0.136674D+03
 0.139502D+03
 0.141453D+03
 0.139385D+03
 0.138409D+03
 0.139012D+03
 0.140724D+03
 0.140184D+03
 0.141921D+03
 0.139955D+03
 0.138796D+03
 0.139512D+03
 0.142437D+03
 0.143546D+03
 0.142743D+03
 0.140849D+03
 0.139481D+03
 0.140224D+03
 0.142590D+03
 0.145216D+03
 0.143674D+03
 0.141790D+03
 0.140525D+03
 0.141410D+03
 0.144691D+03
 0.146106D+03
 0.145085D+03
 0.143169D+03
 0.141726D+03
 0.142902D+03
 0.144776D+03
 0.147417D+03
 0.146297D+03
 0.144524D+03
 0.142756D+03
 0.144020D+03
 0.146703D+03
 0.148645D+03
 0.147813D+03
 0.145621D+03
 0.143802D+03
 0.144646D+03
 0.147872D+03
 0.149657D+03
 0.149015D+03
 0.146706D+03
 0.145313D+03
 0.145022D+03
 0.148430D+03
 0.150194D+03
 0.149768D+03
 0.147504D+03
 0.146970D+03
 0.148893D+03
 0.150538D+03
 0.150207D+03
 0.148204D+03
 0.147186D+03
 0.149167D+03
 0.150822D+03
 0.150631D+03
 0.148264D+03
 0.147297D+03
 0.146201D+03
 0.149154D+03
 0.150984D+03
 0.150624D+03
 0.148559D+03
 0.147132D+03
 0.147191D+03
 0.149387D+03
 0.150747D+03
 0.150558D+03
 0.148508D+03
 0.147187D+03
 0.148009D+03
 0.148859D+03
 0.150418D+03
 0.150230D+03
 0.148276D+03
 0.147407D+03
 0.148872D+03
 0.148071D+03
 0.149831D+03
 0.149924D+03
 0.147953D+03
 0.147143D+03
 0.148620D+03
 0.146981D+03
 0.148824D+03
 0.148985D+03
 0.147158D+03
 0.146636D+03
 0.147592D+03
 0.145348D+03
 0.147836D+03
 0.147735D+03
 0.146027D+03
 0.145488D+03
 0.146289D+03
 0.144073D+03
 0.146588D+03
 0.146515D+03
 0.144599D+03
 0.144031D+03
 0.144485D+03
 0.143148D+03
 0.144969D+03
 0.145008D+03
 0.143259D+03
 0.142392D+03
 0.142877D+03
 0.142157D+03
 0.143548D+03
 0.143367D+03
 0.141518D+03
 0.140689D+03
 0.141070D+03
 0.141267D+03
 0.142229D+03
 0.141928D+03
 0.140245D+03
 0.139047D+03
 0.139503D+03
 0.140009D+03
 0.141166D+03
 0.140715D+03
 0.139010D+03
 0.137835D+03
 0.138198D+03
 0.139118D+03
 0.140387D+03
 0.139916D+03
 0.138346D+03
 0.137218D+03
 0.137413D+03
 0.138363D+03
 0.140023D+03
 0.139543D+03
 0.137816D+03
 0.136738D+03
 0.136817D+03
 0.138033D+03
 0.139872D+03
 0.139263D+03
 0.137390D+03
 0.136768D+03
 0.136329D+03
 0.137805D+03
 0.139659D+03
 0.139262D+03
 0.137324D+03
 0.136498D+03
 0.135818D+03
 0.137506D+03
 0.139314D+03
 0.139213D+03
 0.137019D+03
 0.136257D+03
 0.135638D+03
 0.137424D+03
 0.139097D+03
 0.138971D+03
 0.137105D+03
 0.136139D+03
 0.135589D+03
 0.137153D+03
 0.139187D+03
 0.138892D+03
 0.136847D+03
 0.136021D+03
 0.135770D+03
 0.137416D+03
 0.139047D+03
 0.138944D+03
 0.136887D+03
 0.135873D+03
 0.135806D+03
 0.137617D+03
 0.139259D+03
 0.139081D+03
 0.137064D+03
 0.136066D+03
 0.136405D+03
 0.137908D+03
 0.139879D+03
 0.139269D+03
 0.137045D+03
 0.136291D+03
 0.136853D+03
 0.137885D+03
 0.139746D+03
 0.139503D+03
 0.137499D+03
 0.136737D+03
 0.137150D+03
 0.137005D+03
 0.139965D+03
 0.139825D+03
 0.137879D+03
 0.137152D+03
 0.137879D+03
 0.136018D+03
 0.139502D+03
 0.140329D+03
 0.138532D+03
 0.137459D+03
 0.138223D+03
 0.136562D+03
 0.139346D+03
 0.140967D+03
 0.138997D+03
 0.138233D+03
 0.138692D+03
 0.136737D+03
 0.139608D+03
 0.141564D+03
 0.139301D+03
 0.138512D+03
 0.139044D+03
 0.140961D+03
 0.140329D+03
 0.141831D+03
 0.139869D+03
 0.139105D+03
 0.139498D+03
 0.142634D+03
 0.143212D+03
 0.142761D+03
 0.140628D+03
 0.139788D+03
 0.140430D+03
 0.142298D+03
 0.145329D+03
 0.143606D+03
 0.141523D+03
 0.140586D+03
 0.141534D+03
 0.148685D+03
 0.150495D+03
 0.150194D+03
 0.147624D+03
 0.147053D+03
 0.149121D+03
 0.150769D+03
 0.150492D+03
 0.148335D+03
 0.147152D+03
 0.145998D+03
 0.149175D+03
 0.150815D+03
 0.150703D+03
 0.148393D+03
 0.146977D+03
 0.146892D+03
 0.149073D+03
 0.150680D+03
 0.150832D+03
 0.148397D+03
 0.147295D+03
 0.147750D+03
 0.148646D+03
 0.150219D+03
 0.150265D+03
 0.148106D+03
 0.147810D+03
 0.148536D+03
 0.148113D+03
 0.149978D+03
 0.149781D+03
 0.147891D+03
 0.147205D+03
 0.148492D+03
 0.146816D+03
 0.149093D+03
 0.149082D+03
 0.147035D+03
 0.146913D+03
 0.147466D+03
 0.145483D+03
 0.148032D+03
 0.148018D+03
 0.145984D+03
 0.145813D+03
 0.146361D+03
 0.144249D+03
 0.146641D+03
 0.146635D+03
 0.144479D+03
 0.144044D+03
 0.144641D+03
 0.143102D+03
 0.145098D+03
 0.144942D+03
 0.143053D+03
 0.142428D+03
 0.142860D+03
 0.142301D+03
 0.143506D+03
 0.143222D+03
 0.141489D+03
 0.140664D+03
 0.140959D+03
 0.140900D+03
 0.142155D+03
 0.141662D+03
 0.138027D+03
 0.137733D+03
 0.137242D+03
 0.137865D+03
 0.139038D+03
 0.138275D+03
 0.136721D+03
 0.136485D+03
 0.136315D+03
 0.136978D+03
 0.138317D+03
 0.137618D+03
 0.135973D+03
 0.135699D+03
 0.135206D+03
 0.136080D+03
 0.137564D+03
 0.136966D+03
 0.136951D+03
 0.136367D+03
 0.135714D+03
 0.137448D+03
 0.139126D+03
 0.138950D+03
 0.136976D+03
 0.136497D+03
 0.135993D+03
 0.137393D+03
 0.139329D+03
 0.138984D+03
 0.137008D+03
 0.136352D+03
 0.135870D+03
 0.137407D+03
 0.139192D+03
 0.138974D+03
 0.136943D+03
 0.136256D+03
 0.135642D+03
 0.137074D+03
 0.138993D+03
 0.139103D+03
 0.136629D+03
 0.136213D+03
 0.135424D+03
 0.137401D+03
 0.138940D+03
 0.138823D+03
 0.136680D+03
 0.135915D+03
 0.135465D+03
 0.137156D+03
 0.139182D+03
 0.138887D+03
 0.136707D+03
 0.135960D+03
 0.135946D+03
 0.137588D+03
 0.139402D+03
 0.138828D+03
 0.136654D+03
 0.136112D+03
 0.136168D+03
 0.137928D+03
 0.139538D+03
 0.139251D+03
 0.136946D+03
 0.136524D+03
 0.136793D+03
 0.137806D+03
 0.140017D+03
 0.139569D+03
 0.137440D+03
 0.136690D+03
 0.137469D+03
 0.136980D+03
 0.139979D+03
 0.140071D+03
 0.137769D+03
 0.137222D+03
 0.137881D+03
 0.136057D+03
 0.139636D+03
 0.140565D+03
 0.138330D+03
 0.137795D+03
 0.138377D+03
 0.136492D+03
 0.139578D+03
 0.140812D+03
 0.138950D+03
 0.138227D+03
 0.138650D+03
 0.136030D+03
 0.139522D+03
 0.141446D+03
 0.139418D+03
 0.138551D+03
 0.138935D+03
 0.141165D+03
 0.140275D+03
 0.141685D+03
 0.139621D+03
 0.138972D+03
 0.139299D+03
 0.142426D+03
 0.143481D+03
 0.142466D+03
 0.140222D+03
 0.139499D+03
 0.140178D+03
 0.148420D+03
 0.150243D+03
 0.149862D+03
 0.147512D+03
 0.146968D+03
 0.148730D+03
 0.150691D+03
 0.150110D+03
 0.147870D+03
 0.147105D+03
 0.145651D+03
 0.148908D+03
 0.150865D+03
 0.150528D+03
 0.148155D+03
 0.147101D+03
 0.146712D+03
 0.149015D+03
 0.150521D+03
 0.150652D+03
 0.148169D+03
 0.147446D+03
 0.147716D+03
 0.148700D+03
 0.150557D+03
 0.150358D+03
 0.147891D+03
 0.147663D+03
 0.148695D+03
 0.147846D+03
 0.149836D+03
 0.149931D+03
 0.147533D+03
 0.147644D+03
 0.148478D+03
 0.146792D+03
 0.149352D+03
 0.149134D+03
 0.147109D+03
 0.147048D+03
 0.147846D+03
 0.145503D+03
 0.148271D+03
 0.148219D+03
 0.146044D+03
 0.145923D+03
 0.146447D+03
 0.144144D+03
 0.146958D+03
 0.146637D+03
 0.144707D+03
 0.144283D+03
 0.144557D+03
 0.142937D+03
 0.145349D+03
 0.144755D+03
 0.143003D+03
 0.141427D+03
 0.140792D+03
 0.140224D+03
 0.143186D+03
 0.141242D+03
 0.139591D+03
 0.139208D+03
 0.138672D+03
 0.138835D+03
 0.140087D+03
 0.139280D+03
 0.137671D+03
 0.137317D+03
 0.136882D+03
 0.137457D+03
 0.138695D+03
 0.138144D+03
 0.136220D+03
 0.135937D+03
 0.135533D+03
 0.136396D+03
 0.137878D+03
 0.137089D+03
 0.136639D+03
 0.135120D+03
 0.135712D+03
 0.135623D+03
 0.137236D+03
 0.136964D+03
 0.135436D+03
 0.135614D+03
 0.135265D+03
 0.134979D+03
 0.136937D+03
 0.137789D+03
 0.135002D+03
 0.135993D+03
 0.134860D+03
 0.137152D+03
 0.139080D+03
 0.138706D+03
 0.136596D+03
 0.136227D+03
 0.135429D+03
 0.137107D+03
 0.139005D+03
 0.138597D+03
 0.136504D+03
 0.136423D+03
 0.135399D+03
 0.136840D+03
 0.138900D+03
 0.138739D+03
 0.136441D+03
 0.136207D+03
 0.135335D+03
 0.136960D+03
 0.139091D+03
 0.138744D+03
 0.136169D+03
 0.135975D+03
 0.135425D+03
 0.136946D+03
 0.139131D+03
 0.138645D+03
 0.136456D+03
 0.136171D+03
 0.135870D+03
 0.137629D+03
 0.139511D+03
 0.138917D+03
 0.136673D+03
 0.136433D+03
 0.136239D+03
 0.137926D+03
 0.139902D+03
 0.139249D+03
 0.136926D+03
 0.136465D+03
 0.136779D+03
 0.137889D+03
 0.139965D+03
 0.139658D+03
 0.137401D+03
 0.137090D+03
 0.137376D+03
 0.137047D+03
 0.140233D+03
 0.139930D+03
 0.137864D+03
 0.137416D+03
 0.138002D+03
 0.136125D+03
 0.139907D+03
 0.140347D+03
 0.138407D+03
 0.137979D+03
 0.138147D+03
 0.134764D+03
 0.139669D+03
 0.140925D+03
 0.138702D+03
 0.138315D+03
 0.138336D+03
 0.135863D+03
 0.139419D+03
 0.140860D+03
 0.138878D+03
 0.138349D+03
 0.138624D+03
 0.148960D+03
 0.151051D+03
 0.150701D+03
 0.148293D+03
 0.147344D+03
 0.146744D+03
 0.148938D+03
 0.150815D+03
 0.150665D+03
 0.148381D+03
 0.147516D+03
 0.147772D+03
 0.148774D+03
 0.150513D+03
 0.150525D+03
 0.148114D+03
 0.148150D+03
 0.148804D+03
 0.148238D+03
 0.150352D+03
 0.150173D+03
 0.147908D+03
 0.147935D+03
 0.148603D+03
 0.147018D+03
 0.149580D+03
 0.149358D+03
 0.147310D+03
 0.147427D+03
 0.147819D+03
 0.145436D+03
 0.148436D+03
 0.147918D+03
 0.145878D+03
 0.144984D+03
 0.146254D+03
 0.143991D+03
 0.146882D+03
 0.146613D+03
 0.143161D+03
 0.143290D+03
 0.142736D+03
 0.141178D+03
 0.143504D+03
 0.143070D+03
 0.141143D+03
 0.141391D+03
 0.140574D+03
 0.139835D+03
 0.141384D+03
 0.140902D+03
 0.139034D+03
 0.139809D+03
 0.138106D+03
 0.135336D+03
 0.135914D+03
 0.137419D+03
 0.135702D+03
 0.135187D+03
 0.134439D+03
 0.136452D+03
 0.138519D+03
 0.138062D+03
 0.136019D+03
 0.135881D+03
 0.134708D+03
 0.136827D+03
 0.138738D+03
 0.138426D+03
 0.136253D+03
 0.136065D+03
 0.134836D+03
 0.136603D+03
 0.138908D+03
 0.138534D+03
 0.136167D+03
 0.136009D+03
 0.134952D+03
 0.136783D+03
 0.138895D+03
 0.138716D+03
 0.136185D+03
 0.136188D+03
 0.135272D+03
 0.136950D+03
 0.139310D+03
 0.138471D+03
 0.136485D+03
 0.136371D+03
 0.135608D+03
 0.137350D+03
 0.139421D+03
 0.138791D+03
 0.136409D+03
 0.136391D+03
 0.136123D+03
 0.137660D+03
 0.139922D+03
 0.139030D+03
 0.136930D+03
 0.136933D+03
 0.136916D+03
 0.137979D+03
 0.140362D+03
 0.139488D+03
 0.137249D+03
 0.137459D+03
 0.137544D+03
 0.137176D+03
 0.140278D+03
 0.140032D+03
 0.137787D+03
 0.137761D+03
 0.137862D+03
 0.136004D+03
 0.139713D+03
 0.140520D+03
 0.138370D+03
 0.137966D+03
 0.138307D+03
 0.135866D+03
 0.139159D+03
 0.140443D+03
 0.138276D+03
 0.137882D+03
 0.137992D+03
 0.149097D+03
 0.151241D+03
 0.150632D+03
 0.148153D+03
 0.147616D+03
 0.146749D+03
 0.149084D+03
 0.151225D+03
 0.150731D+03
 0.148443D+03
 0.148042D+03
 0.147904D+03
 0.149031D+03
 0.150802D+03
 0.150440D+03
 0.148152D+03
 0.148747D+03
 0.148669D+03
 0.148395D+03
 0.150423D+03
 0.150124D+03
 0.147664D+03
 0.148078D+03
 0.148471D+03
 0.147122D+03
 0.149592D+03
 0.149090D+03
 0.146935D+03
 0.146391D+03
 0.146125D+03
 0.143738D+03
 0.148279D+03
 0.146398D+03
 0.144518D+03
 0.145215D+03
 0.144607D+03
 0.142449D+03
 0.145210D+03
 0.144761D+03
 0.142975D+03
 0.144090D+03
 0.142778D+03
 0.136231D+03
 0.138356D+03
 0.138017D+03
 0.135729D+03
 0.135880D+03
 0.134393D+03
 0.136647D+03
 0.138899D+03
 0.138221D+03
 0.135812D+03
 0.135870D+03
 0.134818D+03
 0.136593D+03
 0.138943D+03
 0.138282D+03
 0.136176D+03
 0.136171D+03
 0.135008D+03
 0.136878D+03
 0.139227D+03
 0.138368D+03
 0.136208D+03
 0.136084D+03
 0.135495D+03
 0.137401D+03
 0.139691D+03
 0.138834D+03
 0.136592D+03
 0.136489D+03
 0.136225D+03
 0.137999D+03
 0.140030D+03
 0.139223D+03
 0.136855D+03
 0.136980D+03
 0.136788D+03
 0.137871D+03
 0.140301D+03
 0.139438D+03
 0.137202D+03
 0.137383D+03
 0.137321D+03
 0.136925D+03
 0.140236D+03
 0.140109D+03
 0.137727D+03
 0.137604D+03
 0.137678D+03
 0.136078D+03
 0.139628D+03
 0.140128D+03
 0.138128D+03
 0.137899D+03
 0.137913D+03
 0.149284D+03
 0.151332D+03
 0.150750D+03
 0.148453D+03
 0.148236D+03
 0.146808D+03
 0.149300D+03
 0.151369D+03
 0.150870D+03
 0.148550D+03
 0.148468D+03
 0.147926D+03
 0.149086D+03
 0.151180D+03
 0.150555D+03
 0.148302D+03
 0.148643D+03
 0.148642D+03
 0.148081D+03
 0.150222D+03
 0.149807D+03
 0.147763D+03
 0.147056D+03
 0.146932D+03
 0.145372D+03
 0.148034D+03
 0.147292D+03
 0.145527D+03
 0.146449D+03
 0.145894D+03
 0.136304D+03
 0.138665D+03
 0.138102D+03
 0.135613D+03
 0.135680D+03
 0.134172D+03
 0.136552D+03
 0.138891D+03
 0.138122D+03
 0.135790D+03
 0.136056D+03
 0.134966D+03
 0.136864D+03
 0.139086D+03
 0.138299D+03
 0.136056D+03
 0.136223D+03
 0.135420D+03
 0.137358D+03
 0.139441D+03
 0.138581D+03
 0.136312D+03
 0.136301D+03
 0.136031D+03
 0.137446D+03
 0.139967D+03
 0.138852D+03
 0.136565D+03
 0.136618D+03
 0.136416D+03
 0.137791D+03
 0.140033D+03
 0.139242D+03
 0.137133D+03
 0.136995D+03
 0.137130D+03
 0.136849D+03
 0.139994D+03
 0.139611D+03
 0.137315D+03
 0.137455D+03
 0.137351D+03
 0.149232D+03
 0.151394D+03
 0.150651D+03
 0.148305D+03
 0.148163D+03
 0.146414D+03
 0.149398D+03
 0.151542D+03
 0.150736D+03
 0.148434D+03
 0.148261D+03
 0.146842D+03
 0.149163D+03
 0.151217D+03
 0.150875D+03
 0.148319D+03
 0.148450D+03
 0.147986D+03
 0.148683D+03
 0.150674D+03
 0.150055D+03
 0.147930D+03
 0.147665D+03
 0.147127D+03
 0.146339D+03
 0.148784D+03
 0.148094D+03
 0.145339D+03
 0.147358D+03
 0.146591D+03
 0.145491D+03
 0.147984D+03
 0.147570D+03
 0.145509D+03
 0.146497D+03
 0.146157D+03
 0.136104D+03
 0.138544D+03
 0.137603D+03
 0.135477D+03
 0.135519D+03
 0.133975D+03
 0.136336D+03
 0.138612D+03
 0.137968D+03
 0.135676D+03
 0.135776D+03
 0.134469D+03
 0.136513D+03
 0.138906D+03
 0.137996D+03
 0.135710D+03
 0.135902D+03
 0.135039D+03
 0.136785D+03
 0.139107D+03
 0.138239D+03
 0.135902D+03
 0.136167D+03
 0.135339D+03
 0.137113D+03
 0.139540D+03
 0.138537D+03
 0.136140D+03
 0.136434D+03
 0.135882D+03
 0.137268D+03
 0.139592D+03
 0.138597D+03
 0.136527D+03
 0.136721D+03
 0.136420D+03
 0.136322D+03
 0.139301D+03
 0.138960D+03
 0.136864D+03
 0.137000D+03
 0.136773D+03
 0.136095D+03
 0.138522D+03
 0.137542D+03
 0.135320D+03
 0.135501D+03
 0.134638D+03
 0.136534D+03
 0.138765D+03
 0.137740D+03
 0.135533D+03
 0.135887D+03
 0.134934D+03
 0.137109D+03
 0.138814D+03
 0.138039D+03
 0.136456D+03
 0.134394D+03
 0.133925D+03
 0.136522D+03
 0.138051D+03
 0.137488D+03
 0.135897D+03
 0.133893D+03
 0.132948D+03
 0.136122D+03
 0.137876D+03
 0.137270D+03
 0.135616D+03
 0.133735D+03
 0.132399D+03
 0.142314D+03
 0.143644D+03
 0.142372D+03
 0.140596D+03
 0.138160D+03
 0.138261D+03
 0.143113D+03
 0.144834D+03
 0.143682D+03
 0.141905D+03
 0.139287D+03
 0.139849D+03
 0.143610D+03
 0.146092D+03
 0.145209D+03
 0.143535D+03
 0.140557D+03
 0.141279D+03
 0.145731D+03
 0.147467D+03
 0.146749D+03
 0.144998D+03
 0.141652D+03
 0.142123D+03
 0.147059D+03
 0.148916D+03
 0.148111D+03
 0.146658D+03
 0.143654D+03
 0.142770D+03
 0.140819D+03
 0.142313D+03
 0.142397D+03
 0.140818D+03
 0.138210D+03
 0.138334D+03
 0.139004D+03
 0.140154D+03
 0.139817D+03
 0.138518D+03
 0.137008D+03
 0.137164D+03
 0.138299D+03
 0.139587D+03
 0.139520D+03
 0.137875D+03
 0.135781D+03
 0.135779D+03
 0.137448D+03
 0.138915D+03
 0.138399D+03
 0.136935D+03
 0.134882D+03
 0.134699D+03
 0.136636D+03
 0.138296D+03
 0.137891D+03
 0.136165D+03
 0.134363D+03
 0.133891D+03
 0.136334D+03
 0.137953D+03
 0.137470D+03
 0.135970D+03
 0.134042D+03
 0.133105D+03
 0.136172D+03
 0.137828D+03
 0.137366D+03
 0.135769D+03
 0.134023D+03
 0.132487D+03
 0.141473D+03
 0.139580D+03
 0.140691D+03
 0.139266D+03
 0.137606D+03
 0.140866D+03
 0.143329D+03
 0.142152D+03
 0.140607D+03
 0.139070D+03
 0.143128D+03
 0.144654D+03
 0.143549D+03
 0.141923D+03
 0.140462D+03
 0.142279D+03
 0.145720D+03
 0.145124D+03
 0.143545D+03
 0.141781D+03
 0.145641D+03
 0.147352D+03
 0.146795D+03
 0.145157D+03
 0.142789D+03
 0.146934D+03
 0.148344D+03
 0.148132D+03
 0.146158D+03
 0.143500D+03
 0.139742D+03
 0.140960D+03
 0.141201D+03
 0.139586D+03
 0.138564D+03
 0.139336D+03
 0.140480D+03
 0.140090D+03
 0.138680D+03
 0.137183D+03
 0.137285D+03
 0.138235D+03
 0.139244D+03
 0.139027D+03
 0.137529D+03
 0.136282D+03
 0.136152D+03
 0.137318D+03
 0.138567D+03
 0.138445D+03
 0.136939D+03
 0.135413D+03
 0.135442D+03
 0.136769D+03
 0.138274D+03
 0.138030D+03
 0.136280D+03
 0.134641D+03
 0.136157D+03
 0.138014D+03
 0.137769D+03
 0.135991D+03
 0.133777D+03
 0.136105D+03
 0.137841D+03
 0.137451D+03
 0.135719D+03
 0.133019D+03
 0.141040D+03
 0.143423D+03
 0.142261D+03
 0.140800D+03
 0.139669D+03
 0.143483D+03
 0.144956D+03
 0.143689D+03
 0.142154D+03
 0.141037D+03
 0.144014D+03
 0.146091D+03
 0.145448D+03
 0.143687D+03
 0.142535D+03
 0.145906D+03
 0.147187D+03
 0.147095D+03
 0.145151D+03
 0.143307D+03
 0.147028D+03
 0.148571D+03
 0.148302D+03
 0.146390D+03
 0.146963D+03
 0.148511D+03
 0.149027D+03
 0.147059D+03
 0.146282D+03
 0.147869D+03
 0.148092D+03
 0.146301D+03
 0.143908D+03
 0.145206D+03
 0.147239D+03
 0.147594D+03
 0.145702D+03
 0.145350D+03
 0.143346D+03
 0.145674D+03
 0.146189D+03
 0.144350D+03
 0.143233D+03
 0.141656D+03
 0.144024D+03
 0.144175D+03
 0.142723D+03
 0.141711D+03
 0.140691D+03
 0.142745D+03
 0.142819D+03
 0.141104D+03
 0.140598D+03
 0.140092D+03
 0.141794D+03
 0.141551D+03
 0.139941D+03
 0.138997D+03
 0.139444D+03
 0.140448D+03
 0.140467D+03
 0.138853D+03
 0.137586D+03
 0.138455D+03
 0.139617D+03
 0.139436D+03
 0.137666D+03
 0.136794D+03
 0.137540D+03
 0.138899D+03
 0.138596D+03
 0.136921D+03
 0.136131D+03
 0.136936D+03
 0.138522D+03
 0.138183D+03
 0.136489D+03
 0.135344D+03
 0.136527D+03
 0.138179D+03
 0.137797D+03
 0.136014D+03
 0.134599D+03
 0.136102D+03
 0.137700D+03
 0.137497D+03
 0.135946D+03
 0.134025D+03
 0.147663D+03
 0.149139D+03
 0.149173D+03
 0.147320D+03
 0.147855D+03
 0.148886D+03
 0.149155D+03
 0.147207D+03
 0.147426D+03
 0.148645D+03
 0.148966D+03
 0.147127D+03
 0.146662D+03
 0.146727D+03
 0.148436D+03
 0.148497D+03
 0.146560D+03
 0.146713D+03
 0.145254D+03
 0.147395D+03
 0.147466D+03
 0.145667D+03
 0.145762D+03
 0.143622D+03
 0.146100D+03
 0.145989D+03
 0.144335D+03
 0.143524D+03
 0.141929D+03
 0.144348D+03
 0.144825D+03
 0.142945D+03
 0.141902D+03
 0.141597D+03
 0.143615D+03
 0.143595D+03
 0.141909D+03
 0.140228D+03
 0.140733D+03
 0.141961D+03
 0.142086D+03
 0.140338D+03
 0.138790D+03
 0.139864D+03
 0.140958D+03
 0.140939D+03
 0.139302D+03
 0.137396D+03
 0.138787D+03
 0.140055D+03
 0.139904D+03
 0.138116D+03
 0.136021D+03
 0.137960D+03
 0.139313D+03
 0.139114D+03
 0.137290D+03
 0.135145D+03
 0.137382D+03
 0.138920D+03
 0.138453D+03
 0.136673D+03
 0.134308D+03
 0.136617D+03
 0.138494D+03
 0.138016D+03
 0.136357D+03
 0.133464D+03
 0.136309D+03
 0.137831D+03
 0.137590D+03
 0.135914D+03
 0.132830D+03
 0.148314D+03
 0.149753D+03
 0.149340D+03
 0.147244D+03
 0.147849D+03
 0.149168D+03
 0.149124D+03
 0.147339D+03
 0.147478D+03
 0.149211D+03
 0.149009D+03
 0.147049D+03
 0.147230D+03
 0.146871D+03
 0.148806D+03
 0.148551D+03
 0.146909D+03
 0.146884D+03
 0.145591D+03
 0.147994D+03
 0.147907D+03
 0.145989D+03
 0.145722D+03
 0.144650D+03
 0.146898D+03
 0.146742D+03
 0.145034D+03
 0.144090D+03
 0.143264D+03
 0.145678D+03
 0.145652D+03
 0.143719D+03
 0.142303D+03
 0.142040D+03
 0.144375D+03
 0.144259D+03
 0.142380D+03
 0.140795D+03
 0.141525D+03
 0.142635D+03
 0.142718D+03
 0.140895D+03
 0.139247D+03
 0.140727D+03
 0.141459D+03
 0.141360D+03
 0.139635D+03
 0.137807D+03
 0.139703D+03
 0.140665D+03
 0.140392D+03
 0.138547D+03
 0.136474D+03
 0.138488D+03
 0.139913D+03
 0.139440D+03
 0.137737D+03
 0.135630D+03
 0.138013D+03
 0.139274D+03
 0.138924D+03
 0.137258D+03
 0.135046D+03
 0.148922D+03
 0.149503D+03
 0.149698D+03
 0.147446D+03
 0.147382D+03
 0.147836D+03
 0.149456D+03
 0.149390D+03
 0.147376D+03
 0.147274D+03
 0.146705D+03
 0.148699D+03
 0.148735D+03
 0.146451D+03
 0.146079D+03
 0.145238D+03
 0.147691D+03
 0.147651D+03
 0.145531D+03
 0.144587D+03
 0.143748D+03
 0.146212D+03
 0.146168D+03
 0.144097D+03
 0.142814D+03
 0.142831D+03
 0.144785D+03
 0.144605D+03
 0.142781D+03
 0.140898D+03
