 0.136001D+03
 0.136673D+03
 0.141940D+03
 0.141618D+03
 0.136958D+03
 0.142454D+03
 0.141785D+03
 0.140409D+03
 0.142456D+03
 0.141950D+03
 0.136803D+03
 0.137170D+03
 0.139518D+03
 0.139243D+03
 0.136549D+03
 0.137043D+03
 0.139208D+03
 0.138835D+03
 0.136418D+03
 0.136672D+03
 0.139179D+03
 0.138496D+03
 0.136357D+03
 0.136561D+03
 0.138867D+03
 0.138387D+03
 0.136188D+03
 0.136735D+03
 0.139097D+03
 0.138552D+03
 0.136188D+03
 0.136673D+03
 0.139375D+03
 0.138816D+03
 0.136568D+03
 0.137019D+03
 0.139486D+03
 0.138846D+03
 0.136984D+03
 0.137286D+03
 0.139969D+03
 0.139524D+03
 0.137542D+03
 0.137896D+03
 0.140278D+03
 0.139863D+03
 0.137633D+03
 0.138053D+03
 0.140851D+03
 0.140632D+03
 0.137418D+03
 0.137721D+03
 0.141446D+03
 0.141083D+03
 0.136366D+03
 0.136867D+03
 0.141895D+03
 0.141333D+03
 0.136810D+03
 0.136786D+03
 0.135806D+03
 0.135814D+03
 0.142306D+03
 0.141867D+03
 0.137664D+03
 0.136078D+03
 0.135918D+03
 0.142441D+03
 0.141875D+03
 0.140447D+03
 0.136366D+03
 0.136191D+03
 0.142532D+03
 0.142143D+03
 0.138550D+03
 0.138952D+03
 0.135373D+03
 0.135003D+03
 0.141230D+03
 0.141016D+03
 0.137660D+03
 0.138153D+03
 0.134500D+03
 0.134178D+03
 0.140323D+03
 0.140019D+03
 0.137344D+03
 0.137759D+03
 0.133976D+03
 0.133748D+03
 0.139983D+03
 0.139388D+03
 0.137132D+03
 0.137495D+03
 0.133600D+03
 0.133553D+03
 0.139622D+03
 0.139059D+03
 0.136913D+03
 0.137307D+03
 0.133340D+03
 0.133151D+03
 0.139282D+03
 0.138920D+03
 0.136720D+03
 0.137116D+03
 0.133330D+03
 0.133315D+03
 0.139190D+03
 0.138707D+03
 0.136855D+03
 0.137125D+03
 0.133300D+03
 0.133318D+03
 0.139215D+03
 0.138956D+03
 0.136766D+03
 0.137197D+03
 0.133548D+03
 0.133533D+03
 0.139544D+03
 0.139087D+03
 0.136973D+03
 0.137464D+03
 0.133649D+03
 0.133526D+03
 0.139774D+03
 0.139231D+03
 0.137320D+03
 0.137879D+03
 0.133915D+03
 0.133926D+03
 0.140263D+03
 0.139644D+03
 0.137885D+03
 0.138238D+03
 0.134255D+03
 0.134299D+03
 0.140638D+03
 0.140270D+03
 0.138120D+03
 0.138454D+03
 0.134716D+03
 0.134851D+03
 0.141183D+03
 0.141001D+03
 0.137791D+03
 0.138340D+03
 0.134914D+03
 0.134965D+03
 0.141696D+03
 0.141393D+03
 0.136625D+03
 0.137236D+03
 0.135314D+03
 0.135362D+03
 0.141968D+03
 0.141740D+03
 0.136301D+03
 0.136838D+03
 0.136715D+03
 0.136754D+03
 0.142116D+03
 0.141793D+03
 0.137256D+03
 0.137301D+03
 0.137037D+03
 0.142396D+03
 0.142034D+03
 0.142111D+03
 0.137548D+03
 0.137195D+03
 0.142810D+03
 0.142181D+03
 0.138206D+03
 0.137976D+03
 0.143166D+03
 0.142773D+03
 0.149186D+03
 0.149587D+03
 0.146395D+03
 0.146272D+03
 0.151669D+03
 0.150878D+03
 0.144169D+03
 0.144765D+03
 0.142880D+03
 0.142746D+03
 0.148862D+03
 0.148394D+03
 0.142471D+03
 0.142800D+03
 0.140818D+03
 0.140854D+03
 0.146485D+03
 0.146197D+03
 0.140961D+03
 0.141281D+03
 0.139174D+03
 0.139218D+03
 0.144620D+03
 0.144225D+03
 0.139778D+03
 0.139968D+03
 0.137621D+03
 0.137574D+03
 0.142974D+03
 0.142648D+03
 0.138776D+03
 0.138971D+03
 0.136679D+03
 0.136426D+03
 0.141751D+03
 0.141178D+03
 0.138037D+03
 0.138718D+03
 0.135825D+03
 0.135663D+03
 0.140726D+03
 0.140561D+03
 0.137741D+03
 0.138081D+03
 0.135183D+03
 0.135122D+03
 0.140099D+03
 0.139795D+03
 0.137346D+03
 0.137899D+03
 0.134922D+03
 0.134896D+03
 0.139823D+03
 0.139215D+03
 0.137257D+03
 0.137433D+03
 0.134925D+03
 0.134792D+03
 0.139748D+03
 0.139227D+03
 0.137263D+03
 0.137607D+03
 0.134999D+03
 0.134740D+03
 0.139731D+03
 0.139145D+03
 0.137036D+03
 0.137496D+03
 0.134877D+03
 0.134750D+03
 0.139576D+03
 0.139162D+03
 0.136995D+03
 0.137430D+03
 0.134953D+03
 0.134936D+03
 0.139807D+03
 0.139096D+03
 0.137219D+03
 0.137556D+03
 0.135160D+03
 0.135130D+03
 0.140090D+03
 0.139495D+03
 0.137564D+03
 0.137968D+03
 0.135546D+03
 0.135348D+03
 0.140398D+03
 0.139956D+03
 0.138190D+03
 0.138496D+03
 0.135661D+03
 0.135593D+03
 0.140702D+03
 0.140409D+03
 0.138340D+03
 0.138556D+03
 0.135846D+03
 0.135761D+03
 0.141015D+03
 0.140896D+03
 0.138106D+03
 0.138116D+03
 0.136222D+03
 0.136219D+03
 0.141732D+03
 0.141278D+03
 0.136736D+03
 0.137208D+03
 0.136493D+03
 0.136478D+03
 0.142117D+03
 0.141492D+03
 0.136330D+03
 0.136638D+03
 0.137784D+03
 0.137583D+03
 0.142042D+03
 0.141821D+03
 0.137262D+03
 0.138082D+03
 0.137931D+03
 0.142267D+03
 0.141960D+03
 0.141705D+03
 0.138403D+03
 0.138317D+03
 0.142533D+03
 0.142269D+03
 0.139011D+03
 0.138850D+03
 0.143004D+03
 0.142843D+03
 0.142646D+03
 0.142756D+03
 0.140270D+03
 0.139878D+03
 0.144017D+03
 0.143763D+03
 0.149105D+03
 0.149322D+03
 0.147523D+03
 0.147561D+03
 0.151490D+03
 0.150850D+03
 0.149484D+03
 0.149772D+03
 0.148023D+03
 0.147913D+03
 0.152063D+03
 0.151522D+03
 0.144238D+03
 0.144533D+03
 0.143745D+03
 0.143546D+03
 0.148473D+03
 0.148425D+03
 0.142267D+03
 0.142944D+03
 0.141520D+03
 0.141703D+03
 0.146490D+03
 0.146126D+03
 0.140991D+03
 0.141386D+03
 0.140143D+03
 0.140060D+03
 0.144543D+03
 0.144249D+03
 0.139735D+03
 0.140168D+03
 0.138632D+03
 0.138595D+03
 0.143146D+03
 0.142674D+03
 0.138923D+03
 0.139246D+03
 0.137707D+03
 0.137545D+03
 0.141838D+03
 0.141504D+03
 0.138388D+03
 0.138664D+03
 0.136748D+03
 0.136764D+03
 0.140737D+03
 0.140562D+03
 0.137737D+03
 0.138204D+03
 0.136265D+03
 0.136321D+03
 0.140232D+03
 0.139918D+03
 0.137382D+03
 0.137908D+03
 0.135899D+03
 0.136146D+03
 0.139893D+03
 0.139474D+03
 0.137281D+03
 0.137878D+03
 0.135987D+03
 0.135863D+03
 0.139789D+03
 0.139275D+03
 0.137327D+03
 0.137757D+03
 0.136041D+03
 0.135863D+03
 0.139646D+03
 0.139260D+03
 0.137125D+03
 0.137680D+03
 0.136048D+03
 0.135866D+03
 0.139663D+03
 0.139204D+03
 0.137279D+03
 0.137763D+03
 0.136217D+03
 0.135938D+03
 0.139803D+03
 0.139385D+03
 0.137367D+03
 0.137928D+03
 0.136395D+03
 0.136167D+03
 0.140151D+03
 0.139530D+03
 0.137854D+03
 0.138007D+03
 0.136495D+03
 0.136285D+03
 0.140261D+03
 0.139914D+03
 0.138117D+03
 0.138438D+03
 0.136557D+03
 0.136418D+03
 0.140603D+03
 0.140333D+03
 0.138459D+03
 0.138519D+03
 0.136720D+03
 0.136863D+03
 0.141048D+03
 0.140975D+03
 0.137891D+03
 0.138234D+03
 0.137098D+03
 0.137282D+03
 0.141401D+03
 0.141426D+03
 0.136610D+03
 0.137137D+03
 0.137601D+03
 0.137323D+03
 0.141853D+03
 0.141665D+03
 0.136174D+03
 0.136959D+03
 0.138294D+03
 0.138233D+03
 0.141796D+03
 0.141836D+03
 0.137193D+03
 0.138461D+03
 0.138566D+03
 0.142041D+03
 0.142006D+03
 0.141251D+03
 0.138923D+03
 0.138745D+03
 0.142536D+03
 0.142296D+03
 0.139597D+03
 0.139636D+03
 0.142961D+03
 0.142835D+03
 0.142316D+03
 0.142452D+03
 0.140871D+03
 0.141175D+03
 0.143992D+03
 0.143617D+03
 0.143267D+03
 0.143782D+03
 0.142263D+03
 0.142405D+03
 0.144833D+03
 0.144870D+03
 0.149081D+03
 0.149301D+03
 0.148251D+03
 0.148251D+03
 0.151229D+03
 0.150857D+03
 0.149102D+03
 0.149535D+03
 0.148641D+03
 0.148422D+03
 0.151938D+03
 0.151354D+03
 0.149590D+03
 0.149749D+03
 0.148867D+03
 0.148854D+03
 0.151736D+03
 0.151600D+03
 0.147358D+03
 0.147761D+03
 0.147363D+03
 0.147322D+03
 0.151724D+03
 0.151431D+03
 0.145721D+03
 0.146079D+03
 0.146026D+03
 0.145915D+03
 0.150204D+03
 0.150258D+03
 0.143916D+03
 0.144272D+03
 0.144286D+03
 0.144175D+03
 0.148415D+03
 0.148065D+03
 0.142341D+03
 0.142784D+03
 0.142216D+03
 0.142233D+03
 0.146315D+03
 0.146129D+03
 0.141034D+03
 0.141332D+03
 0.140546D+03
 0.140555D+03
 0.144496D+03
 0.144228D+03
 0.139742D+03
 0.140296D+03
 0.139217D+03
 0.139266D+03
 0.142986D+03
 0.142626D+03
 0.139033D+03
 0.139092D+03
 0.138122D+03
 0.138373D+03
 0.141637D+03
 0.141549D+03
 0.138339D+03
 0.138662D+03
 0.137509D+03
 0.137367D+03
 0.140939D+03
 0.140632D+03
 0.137922D+03
 0.138262D+03
 0.137087D+03
 0.136923D+03
 0.140229D+03
 0.140094D+03
 0.137484D+03
 0.137945D+03
 0.136892D+03
 0.136816D+03
 0.140252D+03
 0.139700D+03
 0.137579D+03
 0.137935D+03
 0.136743D+03
 0.136661D+03
 0.139866D+03
 0.139455D+03
 0.137380D+03
 0.137728D+03
 0.136903D+03
 0.136520D+03
 0.139754D+03
 0.139579D+03
 0.137331D+03
 0.137540D+03
 0.136611D+03
 0.136647D+03
 0.139756D+03
 0.139199D+03
 0.137283D+03
 0.137577D+03
 0.136933D+03
 0.136677D+03
 0.139623D+03
 0.139223D+03
 0.137420D+03
 0.137846D+03
 0.136826D+03
 0.136828D+03
 0.139769D+03
 0.139541D+03
 0.137686D+03
 0.137849D+03
 0.137054D+03
 0.136779D+03
 0.140047D+03
 0.139845D+03
 0.138158D+03
 0.138263D+03
 0.137291D+03
 0.137079D+03
 0.140346D+03
 0.140173D+03
 0.138298D+03
 0.138372D+03
 0.137468D+03
 0.137218D+03
 0.140900D+03
 0.140661D+03
 0.137756D+03
 0.138078D+03
 0.137933D+03
 0.137807D+03
 0.141166D+03
 0.141190D+03
 0.136527D+03
 0.136841D+03
 0.137960D+03
 0.137994D+03
 0.141611D+03
 0.141441D+03
 0.135845D+03
 0.136295D+03
 0.138400D+03
 0.138373D+03
 0.141752D+03
 0.141510D+03
 0.136790D+03
 0.138840D+03
 0.138788D+03
 0.142113D+03
 0.141869D+03
 0.140067D+03
 0.139456D+03
 0.139304D+03
 0.142249D+03
 0.142121D+03
 0.140303D+03
 0.139923D+03
 0.142920D+03
 0.142752D+03
 0.141744D+03
 0.142375D+03
 0.141466D+03
 0.141144D+03
 0.143787D+03
 0.143786D+03
 0.143301D+03
 0.143759D+03
 0.142703D+03
 0.142496D+03
 0.145128D+03
 0.145064D+03
 0.144821D+03
 0.145286D+03
 0.144276D+03
 0.144008D+03
 0.146324D+03
 0.146346D+03
 0.145501D+03
 0.146618D+03
 0.145706D+03
 0.145566D+03
 0.147916D+03
 0.147817D+03
 0.148565D+03
 0.148887D+03
 0.148678D+03
 0.148267D+03
 0.151047D+03
 0.150502D+03
 0.149080D+03
 0.149520D+03
 0.149075D+03
 0.148718D+03
 0.151713D+03
 0.150875D+03
 0.149036D+03
 0.149585D+03
 0.149190D+03
 0.148937D+03
 0.151448D+03
 0.151192D+03
 0.148741D+03
 0.149009D+03
 0.148963D+03
 0.148714D+03
 0.152260D+03
 0.152085D+03
 0.148300D+03
 0.148395D+03
 0.148309D+03
 0.148332D+03
 0.152086D+03
 0.152056D+03
 0.147118D+03
 0.147383D+03
 0.147420D+03
 0.147518D+03
 0.151081D+03
 0.151259D+03
 0.145436D+03
 0.145699D+03
 0.146047D+03
 0.145950D+03
 0.150033D+03
 0.149726D+03
 0.143851D+03
 0.144128D+03
 0.144429D+03
 0.144051D+03
 0.148177D+03
 0.147835D+03
 0.142126D+03
 0.142440D+03
 0.142326D+03
 0.142725D+03
 0.146273D+03
 0.146134D+03
 0.141070D+03
 0.141279D+03
 0.141049D+03
 0.140826D+03
 0.144533D+03
 0.144194D+03
 0.139898D+03
 0.140106D+03
 0.139619D+03
 0.139609D+03
 0.142957D+03
 0.142687D+03
 0.139036D+03
 0.139171D+03
 0.138687D+03
 0.138470D+03
 0.141977D+03
 0.141541D+03
 0.138359D+03
 0.138725D+03
 0.138257D+03
 0.137918D+03
 0.140983D+03
 0.140625D+03
 0.137960D+03
 0.138360D+03
 0.137621D+03
 0.137376D+03
 0.140479D+03
 0.140114D+03
 0.137683D+03
 0.137790D+03
 0.137344D+03
 0.137319D+03
 0.140112D+03
 0.139855D+03
 0.137270D+03
 0.137864D+03
 0.137384D+03
 0.137075D+03
 0.139875D+03
 0.139618D+03
 0.137384D+03
 0.137696D+03
 0.137267D+03
 0.137206D+03
 0.139734D+03
 0.139539D+03
 0.137226D+03
 0.137618D+03
 0.137270D+03
 0.136769D+03
 0.139670D+03
 0.139318D+03
 0.137123D+03
 0.137531D+03
 0.137109D+03
 0.136956D+03
 0.139675D+03
 0.139255D+03
 0.137396D+03
 0.137709D+03
 0.137409D+03
 0.137020D+03
 0.139661D+03
 0.139558D+03
 0.137468D+03
 0.137566D+03
 0.137529D+03
 0.136999D+03
 0.139923D+03
 0.139810D+03
 0.137824D+03
 0.138210D+03
 0.137304D+03
 0.137399D+03
 0.140332D+03
 0.140280D+03
 0.137901D+03
 0.138249D+03
 0.137748D+03
 0.137532D+03
 0.140680D+03
 0.140480D+03
 0.137729D+03
 0.137657D+03
 0.138057D+03
 0.137755D+03
 0.140904D+03
 0.140931D+03
 0.136161D+03
 0.136622D+03
 0.138175D+03
 0.138067D+03
 0.141352D+03
 0.141209D+03
 0.135781D+03
 0.136170D+03
 0.138676D+03
 0.138515D+03
 0.141597D+03
 0.141585D+03
 0.136890D+03
 0.139088D+03
 0.138966D+03
 0.142042D+03
 0.141922D+03
 0.140939D+03
 0.139811D+03
 0.139410D+03
 0.142259D+03
 0.142248D+03
 0.140568D+03
 0.140443D+03
 0.143091D+03
 0.142766D+03
 0.142092D+03
 0.142516D+03
 0.141619D+03
 0.141461D+03
 0.144099D+03
 0.143901D+03
 0.143215D+03
 0.143817D+03
 0.143001D+03
 0.142859D+03
 0.145110D+03
 0.145198D+03
 0.144578D+03
 0.145337D+03
 0.144675D+03
 0.144577D+03
 0.146255D+03
 0.146788D+03
 0.146202D+03
 0.146717D+03
 0.145989D+03
 0.145899D+03
 0.147954D+03
 0.147891D+03
 0.148348D+03
 0.148902D+03
 0.148718D+03
 0.148370D+03
 0.150841D+03
 0.150222D+03
 0.148686D+03
 0.148822D+03
 0.149001D+03
 0.148641D+03
 0.151041D+03
 0.150915D+03
 0.148846D+03
 0.149049D+03
 0.149367D+03
 0.148993D+03
 0.151158D+03
 0.150941D+03
 0.148840D+03
 0.149025D+03
 0.149162D+03
 0.148877D+03
 0.151680D+03
 0.151286D+03
 0.148331D+03
 0.148674D+03
 0.148788D+03
 0.148621D+03
 0.151810D+03
 0.151734D+03
 0.147794D+03
 0.147887D+03
 0.148149D+03
 0.148049D+03
 0.151633D+03
 0.151695D+03
 0.146735D+03
 0.146952D+03
 0.147214D+03
 0.146930D+03
 0.150947D+03
 0.150855D+03
 0.145168D+03
 0.145450D+03
 0.146122D+03
 0.145932D+03
 0.149651D+03
 0.149742D+03
 0.143542D+03
 0.143812D+03
 0.144361D+03
 0.144354D+03
 0.147930D+03
 0.147826D+03
 0.142182D+03
 0.142645D+03
 0.142965D+03
 0.142698D+03
 0.146121D+03
 0.145934D+03
 0.140966D+03
 0.141104D+03
 0.141316D+03
 0.141275D+03
 0.144468D+03
 0.144254D+03
 0.139949D+03
 0.140058D+03
 0.140001D+03
 0.139981D+03
 0.142897D+03
 0.142707D+03
 0.138902D+03
 0.139123D+03
 0.139031D+03
 0.138637D+03
 0.141865D+03
 0.141632D+03
 0.138392D+03
 0.138508D+03
 0.138390D+03
 0.138106D+03
 0.140830D+03
 0.140674D+03
 0.137779D+03
 0.138183D+03
 0.137938D+03
 0.137813D+03
 0.140348D+03
 0.140371D+03
 0.137548D+03
 0.137953D+03
 0.137676D+03
 0.137637D+03
 0.139998D+03
 0.139704D+03
 0.137207D+03
 0.137634D+03
 0.137597D+03
 0.137240D+03
 0.139977D+03
 0.139406D+03
 0.137216D+03
 0.137634D+03
 0.137368D+03
 0.137104D+03
 0.139660D+03
 0.139448D+03
 0.137113D+03
 0.137524D+03
 0.137421D+03
 0.137175D+03
 0.139645D+03
 0.139285D+03
 0.136996D+03
 0.137204D+03
 0.137449D+03
 0.137091D+03
 0.139511D+03
 0.139256D+03
 0.136900D+03
 0.137361D+03
 0.137142D+03
 0.137176D+03
 0.139446D+03
 0.139371D+03
 0.137172D+03
 0.137507D+03
 0.137471D+03
 0.136960D+03
 0.139659D+03
 0.139433D+03
 0.137491D+03
 0.137809D+03
 0.137337D+03
 0.137423D+03
 0.140053D+03
 0.139830D+03
 0.137609D+03
 0.137797D+03
 0.137751D+03
 0.137587D+03
 0.140453D+03
 0.140187D+03
 0.137310D+03
 0.137432D+03
 0.138076D+03
 0.137743D+03
 0.140884D+03
 0.140595D+03
 0.135952D+03
 0.136458D+03
 0.138210D+03
 0.137927D+03
 0.141339D+03
 0.141052D+03
 0.136043D+03
 0.136136D+03
 0.138627D+03
 0.138460D+03
 0.141710D+03
 0.141653D+03
 0.136818D+03
 0.139204D+03
 0.139026D+03
 0.142036D+03
 0.141957D+03
 0.139907D+03
 0.139657D+03
 0.139745D+03
 0.142406D+03
 0.142307D+03
 0.140774D+03
 0.140734D+03
 0.143163D+03
 0.143136D+03
 0.142125D+03
 0.142458D+03
 0.141878D+03
 0.141667D+03
 0.144149D+03
 0.144277D+03
 0.143256D+03
 0.143724D+03
 0.143308D+03
 0.142770D+03
 0.145214D+03
 0.145394D+03
 0.144424D+03
 0.145431D+03
 0.144824D+03
 0.144505D+03
 0.146350D+03
 0.146561D+03
 0.148082D+03
 0.148450D+03
 0.148606D+03
 0.148376D+03
 0.150758D+03
 0.150233D+03
 0.148382D+03
 0.148813D+03
 0.148699D+03
 0.148442D+03
 0.150934D+03
 0.150587D+03
 0.148662D+03
 0.148980D+03
 0.149038D+03
 0.148671D+03
 0.150908D+03
 0.150677D+03
 0.148452D+03
 0.148740D+03
 0.148976D+03
 0.148844D+03
 0.151544D+03
 0.150975D+03
 0.148059D+03
 0.148407D+03
 0.148512D+03
 0.148180D+03
 0.151571D+03
 0.151856D+03
 0.147477D+03
 0.147617D+03
 0.147836D+03
 0.147747D+03
 0.151482D+03
 0.151512D+03
 0.146484D+03
 0.146659D+03
 0.147049D+03
 0.146805D+03
 0.150514D+03
 0.150745D+03
 0.145001D+03
 0.145158D+03
 0.145846D+03
 0.145663D+03
 0.149388D+03
 0.149334D+03
 0.143446D+03
 0.143916D+03
 0.144454D+03
 0.144348D+03
 0.147763D+03
 0.147608D+03
 0.142188D+03
 0.142477D+03
 0.142850D+03
 0.142557D+03
 0.146250D+03
 0.145864D+03
 0.140952D+03
 0.141196D+03
 0.141550D+03
 0.141390D+03
 0.144452D+03
 0.144425D+03
 0.139823D+03
 0.140137D+03
 0.139994D+03
 0.139821D+03
 0.142988D+03
 0.142864D+03
 0.138806D+03
 0.139128D+03
 0.138932D+03
 0.138905D+03
 0.141620D+03
 0.141576D+03
 0.138186D+03
 0.138592D+03
 0.138340D+03
 0.138209D+03
 0.141251D+03
 0.140773D+03
 0.137657D+03
 0.138106D+03
 0.137756D+03
 0.137538D+03
 0.140329D+03
 0.140181D+03
 0.137466D+03
 0.137896D+03
 0.137754D+03
 0.137370D+03
 0.139976D+03
 0.139780D+03
 0.137041D+03
 0.137742D+03
 0.137640D+03
 0.137342D+03
 0.140080D+03
 0.139590D+03
 0.136789D+03
 0.137408D+03
 0.137444D+03
 0.137111D+03
 0.139825D+03
 0.139440D+03
 0.136772D+03
 0.137287D+03
 0.137277D+03
 0.137021D+03
 0.139402D+03
 0.139129D+03
 0.136683D+03
 0.137033D+03
 0.137220D+03
 0.136938D+03
 0.139371D+03
 0.139002D+03
 0.136690D+03
 0.137101D+03
 0.137052D+03
 0.136971D+03
 0.139306D+03
 0.139305D+03
 0.136894D+03
 0.137239D+03
 0.137131D+03
 0.137064D+03
 0.139625D+03
 0.139539D+03
 0.137222D+03
 0.137417D+03
 0.137501D+03
 0.137081D+03
 0.139751D+03
 0.139878D+03
 0.137180D+03
 0.137519D+03
 0.137420D+03
 0.137432D+03
 0.140425D+03
 0.140378D+03
 0.136858D+03
 0.137267D+03
 0.137826D+03
 0.137572D+03
 0.140775D+03
 0.140614D+03
 0.135872D+03
 0.136295D+03
 0.138273D+03
 0.137892D+03
 0.141231D+03
 0.141351D+03
 0.136153D+03
 0.136594D+03
 0.138940D+03
 0.138725D+03
 0.141696D+03
 0.141724D+03
 0.136935D+03
 0.139476D+03
 0.139063D+03
 0.142189D+03
 0.142123D+03
 0.141285D+03
 0.139965D+03
 0.139689D+03
 0.142704D+03
 0.142411D+03
 0.140852D+03
 0.140416D+03
 0.143570D+03
 0.143199D+03
 0.142378D+03
 0.142510D+03
 0.142079D+03
 0.141560D+03
 0.144244D+03
 0.144276D+03
 0.143524D+03
 0.143709D+03
 0.143284D+03
 0.143006D+03
 0.145380D+03
 0.145220D+03
 0.144522D+03
 0.145129D+03
 0.144848D+03
 0.144334D+03
 0.146566D+03
 0.146737D+03
 0.147979D+03
 0.148292D+03
 0.148475D+03
 0.148244D+03
 0.150645D+03
 0.150074D+03
 0.148096D+03
 0.148544D+03
 0.148782D+03
 0.148488D+03
 0.151017D+03
 0.150312D+03
 0.148285D+03
 0.148694D+03
 0.148806D+03
 0.148261D+03
 0.150711D+03
 0.150584D+03
 0.148181D+03
 0.148297D+03
 0.148761D+03
 0.148608D+03
 0.151413D+03
 0.150914D+03
 0.147744D+03
 0.148073D+03
 0.148316D+03
 0.147967D+03
 0.151544D+03
 0.151551D+03
 0.147090D+03
 0.147584D+03
 0.147902D+03
 0.147647D+03
 0.151543D+03
 0.151283D+03
 0.146132D+03
 0.146501D+03
 0.146824D+03
 0.146853D+03
 0.150763D+03
 0.150585D+03
 0.144871D+03
 0.145276D+03
 0.145960D+03
 0.145508D+03
 0.149616D+03
 0.149575D+03
 0.143594D+03
 0.143943D+03
 0.144476D+03
 0.144251D+03
 0.147900D+03
 0.147851D+03
 0.142124D+03
 0.142580D+03
 0.142881D+03
 0.142752D+03
 0.146549D+03
 0.146344D+03
 0.141076D+03
 0.141137D+03
 0.141575D+03
 0.141353D+03
 0.144637D+03
 0.144361D+03
 0.139929D+03
 0.140085D+03
 0.139994D+03
 0.139976D+03
 0.142949D+03
 0.142784D+03
 0.138811D+03
 0.139166D+03
 0.138884D+03
 0.138643D+03
 0.141838D+03
 0.141516D+03
 0.138169D+03
 0.138445D+03
 0.137933D+03
 0.137825D+03
 0.140814D+03
 0.140721D+03
 0.137472D+03
 0.137776D+03
 0.137588D+03
 0.137277D+03
 0.140367D+03
 0.140244D+03
 0.137222D+03
 0.137661D+03
 0.137516D+03
 0.137316D+03
 0.139958D+03
 0.139812D+03
 0.136984D+03
 0.137492D+03
 0.137465D+03
 0.136993D+03
 0.139848D+03
 0.139664D+03
 0.136816D+03
 0.137221D+03
 0.137180D+03
 0.137131D+03
 0.139521D+03
 0.139383D+03
 0.136817D+03
 0.136988D+03
 0.137220D+03
 0.137098D+03
 0.139434D+03
 0.139101D+03
 0.136561D+03
 0.136893D+03
 0.137042D+03
 0.136872D+03
 0.139325D+03
 0.139371D+03
 0.136499D+03
 0.136928D+03
 0.137024D+03
 0.136866D+03
 0.139431D+03
 0.139264D+03
 0.136518D+03
 0.137009D+03
 0.137067D+03
 0.136743D+03
 0.139700D+03
 0.139391D+03
 0.137086D+03
 0.137281D+03
 0.137400D+03
 0.136893D+03
 0.139867D+03
 0.139925D+03
 0.137265D+03
 0.137144D+03
 0.137646D+03
 0.137288D+03
 0.140384D+03
 0.140469D+03
 0.136992D+03
 0.137191D+03
 0.137957D+03
 0.137630D+03
 0.141016D+03
 0.140805D+03
 0.135826D+03
 0.136297D+03
 0.138365D+03
 0.138020D+03
 0.141307D+03
 0.141326D+03
 0.135760D+03
 0.136215D+03
 0.139046D+03
 0.138553D+03
 0.142130D+03
 0.141939D+03
 0.136903D+03
 0.139353D+03
 0.139253D+03
 0.142402D+03
 0.142171D+03
 0.139931D+03
 0.139738D+03
 0.142857D+03
 0.142797D+03
 0.140712D+03
 0.140673D+03
 0.143491D+03
 0.143384D+03
 0.141584D+03
 0.142307D+03
 0.141746D+03
 0.141453D+03
 0.144263D+03
 0.144152D+03
 0.147677D+03
 0.147998D+03
 0.148250D+03
 0.147837D+03
 0.150588D+03
 0.149926D+03
 0.147902D+03
 0.148243D+03
 0.148570D+03
 0.148176D+03
 0.150852D+03
 0.150225D+03
 0.148065D+03
 0.148469D+03
 0.148577D+03
 0.148347D+03
 0.150747D+03
 0.150540D+03
 0.148053D+03
 0.148358D+03
 0.148313D+03
 0.148249D+03
 0.151394D+03
 0.150817D+03
 0.147841D+03
 0.148099D+03
 0.148390D+03
 0.148023D+03
 0.151580D+03
 0.151440D+03
 0.147099D+03
 0.147415D+03
 0.147591D+03
 0.147640D+03
 0.151636D+03
 0.151322D+03
 0.146189D+03
 0.146459D+03
 0.147012D+03
 0.146723D+03
 0.150717D+03
 0.150871D+03
 0.144799D+03
 0.145403D+03
 0.145822D+03
 0.145640D+03
 0.149715D+03
 0.149707D+03
 0.143521D+03
 0.144085D+03
 0.144727D+03
 0.144354D+03
 0.148106D+03
 0.148050D+03
 0.142142D+03
 0.142534D+03
 0.143049D+03
 0.142925D+03
 0.146555D+03
 0.146378D+03
 0.140741D+03
 0.141109D+03
 0.141329D+03
 0.141440D+03
 0.144566D+03
 0.144286D+03
 0.139638D+03
 0.139612D+03
 0.139830D+03
 0.139483D+03
 0.141451D+03
 0.141062D+03
 0.136304D+03
 0.136553D+03
 0.136571D+03
 0.136329D+03
 0.139907D+03
 0.139607D+03
 0.135565D+03
 0.136085D+03
 0.135853D+03
 0.135500D+03
 0.139289D+03
 0.138736D+03
 0.135342D+03
 0.135750D+03
 0.135749D+03
 0.134946D+03
 0.139576D+03
 0.138944D+03
 0.136839D+03
 0.136966D+03
 0.136907D+03
 0.136798D+03
 0.139860D+03
 0.139689D+03
 0.136638D+03
 0.137025D+03
 0.137095D+03
 0.137084D+03
 0.139848D+03
 0.139372D+03
 0.136696D+03
 0.137014D+03
 0.137145D+03
 0.137006D+03
 0.139649D+03
 0.139401D+03
 0.136251D+03
 0.136625D+03
 0.137215D+03
 0.136657D+03
 0.139660D+03
 0.139253D+03
 0.136525D+03
 0.136810D+03
 0.136957D+03
 0.136722D+03
 0.139413D+03
 0.139048D+03
 0.136249D+03
 0.136681D+03
 0.136999D+03
 0.136690D+03
 0.139473D+03
 0.139159D+03
 0.136698D+03
 0.136799D+03
 0.137022D+03
 0.136699D+03
 0.139759D+03
 0.139348D+03
 0.136883D+03
 0.137195D+03
 0.137202D+03
 0.136628D+03
 0.140069D+03
 0.139993D+03
 0.136952D+03
 0.137376D+03
 0.137495D+03
 0.137080D+03
 0.140638D+03
 0.140387D+03
 0.136910D+03
 0.137156D+03
 0.138005D+03
 0.137507D+03
 0.141256D+03
 0.141055D+03
 0.135989D+03
 0.136512D+03
 0.138684D+03
 0.138034D+03
 0.141644D+03
 0.141402D+03
 0.135777D+03
 0.136427D+03
 0.138768D+03
 0.138805D+03
 0.142020D+03
 0.142150D+03
 0.136767D+03
 0.139378D+03
 0.139057D+03
 0.142462D+03
 0.142210D+03
 0.141240D+03
 0.139861D+03
 0.139625D+03
 0.142920D+03
 0.142503D+03
 0.140389D+03
 0.140185D+03
 0.143276D+03
 0.143002D+03
 0.147400D+03
 0.147802D+03
 0.147971D+03
 0.147518D+03
 0.150637D+03
 0.149848D+03
 0.147578D+03
 0.148112D+03
 0.148309D+03
 0.147849D+03
 0.150847D+03
 0.150127D+03
 0.147971D+03
 0.148188D+03
 0.148535D+03
 0.148293D+03
 0.150844D+03
 0.150448D+03
 0.148083D+03
 0.148220D+03
 0.148468D+03
 0.148070D+03
 0.151670D+03
 0.150875D+03
 0.147756D+03
 0.147925D+03
 0.148276D+03
 0.148020D+03
 0.151789D+03
 0.151694D+03
 0.147098D+03
 0.147436D+03
 0.147775D+03
 0.147431D+03
 0.151806D+03
 0.151625D+03
 0.146245D+03
 0.146729D+03
 0.147222D+03
 0.147043D+03
 0.151067D+03
 0.150942D+03
 0.145034D+03
 0.145483D+03
 0.146074D+03
 0.145738D+03
 0.150067D+03
 0.149900D+03
 0.143492D+03
 0.144065D+03
 0.144608D+03
 0.144297D+03
 0.148469D+03
 0.148108D+03
 0.142068D+03
 0.142610D+03
 0.143058D+03
 0.142767D+03
 0.145119D+03
 0.144688D+03
 0.140695D+03
 0.138977D+03
 0.139315D+03
 0.138982D+03
 0.143045D+03
 0.142596D+03
 0.137276D+03
 0.137578D+03
 0.137556D+03
 0.137237D+03
 0.140873D+03
 0.140551D+03
 0.135791D+03
 0.136286D+03
 0.136193D+03
 0.135633D+03
 0.139826D+03
 0.139169D+03
 0.135043D+03
 0.135556D+03
 0.135229D+03
 0.135040D+03
 0.138701D+03
 0.138044D+03
 0.134399D+03
 0.135086D+03
 0.134933D+03
 0.135025D+03
 0.139219D+03
 0.139006D+03
 0.134016D+03
 0.134697D+03
 0.135841D+03
 0.134666D+03
 0.138948D+03
 0.138738D+03
 0.136155D+03
 0.136763D+03
 0.136896D+03
 0.136678D+03
 0.139638D+03
 0.139184D+03
 0.136356D+03
 0.136653D+03
 0.136974D+03
 0.136533D+03
 0.139740D+03
 0.139071D+03
 0.136230D+03
 0.136648D+03
 0.136825D+03
 0.136525D+03
 0.139378D+03
 0.139143D+03
 0.136207D+03
 0.136624D+03
 0.136755D+03
 0.136309D+03
 0.139553D+03
 0.139136D+03
 0.136119D+03
 0.136625D+03
 0.136830D+03
 0.136282D+03
 0.139371D+03
 0.139301D+03
 0.136490D+03
 0.136942D+03
 0.137024D+03
 0.136420D+03
 0.139762D+03
 0.139618D+03
 0.136815D+03
 0.137332D+03
 0.137165D+03
 0.136644D+03
 0.140345D+03
 0.140053D+03
 0.137299D+03
 0.137482D+03
 0.137373D+03
 0.137180D+03
 0.140691D+03
 0.140379D+03
 0.136943D+03
 0.137323D+03
 0.138056D+03
 0.137591D+03
 0.141356D+03
 0.141121D+03
 0.136022D+03
 0.136632D+03
 0.138369D+03
 0.138123D+03
 0.141630D+03
 0.141475D+03
 0.135688D+03
 0.136391D+03
 0.138935D+03
 0.138553D+03
 0.142167D+03
 0.141939D+03
 0.136102D+03
 0.138883D+03
 0.138971D+03
 0.142416D+03
 0.142100D+03
 0.147051D+03
 0.147555D+03
 0.147655D+03
 0.147301D+03
 0.150644D+03
 0.149858D+03
 0.147448D+03
 0.148207D+03
 0.148125D+03
 0.147662D+03
 0.150804D+03
 0.150099D+03
 0.147932D+03
 0.148361D+03
 0.148567D+03
 0.148176D+03
 0.151219D+03
 0.150577D+03
 0.148160D+03
 0.148396D+03
 0.148579D+03
 0.148288D+03
 0.151781D+03
 0.151213D+03
 0.147976D+03
 0.148268D+03
 0.148508D+03
 0.147983D+03
 0.152261D+03
 0.151834D+03
 0.147266D+03
 0.147671D+03
 0.147792D+03
 0.147737D+03
 0.151951D+03
 0.151892D+03
 0.146312D+03
 0.146922D+03
 0.147131D+03
 0.146982D+03
 0.151297D+03
 0.151338D+03
 0.145099D+03
 0.145520D+03
 0.145778D+03
 0.145764D+03
 0.150032D+03
 0.149784D+03
 0.143538D+03
 0.144124D+03
 0.142884D+03
 0.142534D+03
 0.147363D+03
 0.146775D+03
 0.140249D+03
 0.140677D+03
 0.140977D+03
 0.140929D+03
 0.145006D+03
 0.144681D+03
 0.133945D+03
 0.134547D+03
 0.133842D+03
 0.133752D+03
 0.138250D+03
 0.137862D+03
 0.133903D+03
 0.133889D+03
 0.133895D+03
 0.133856D+03
 0.138242D+03
 0.138312D+03
 0.135696D+03
 0.136386D+03
 0.136196D+03
 0.135936D+03
 0.139216D+03
 0.138796D+03
 0.136050D+03
 0.136460D+03
 0.136572D+03
 0.136358D+03
 0.139346D+03
 0.138906D+03
 0.135983D+03
 0.136514D+03
 0.136661D+03
 0.136360D+03
 0.139382D+03
 0.139013D+03
 0.136019D+03
 0.136569D+03
 0.136597D+03
 0.136285D+03
 0.139634D+03
 0.139119D+03
 0.136231D+03
 0.136896D+03
 0.136547D+03
 0.136310D+03
 0.139462D+03
 0.139181D+03
 0.136594D+03
 0.137059D+03
 0.136777D+03
 0.136388D+03
 0.139880D+03
 0.139419D+03
 0.137028D+03
 0.137495D+03
 0.137022D+03
 0.136729D+03
 0.140461D+03
 0.140232D+03
 0.137239D+03
 0.137722D+03
 0.137426D+03
 0.137170D+03
 0.140799D+03
 0.140640D+03
 0.137013D+03
 0.137476D+03
 0.138064D+03
 0.137669D+03
 0.141462D+03
 0.141080D+03
 0.136101D+03
 0.136728D+03
 0.138517D+03
 0.138237D+03
 0.141835D+03
 0.141546D+03
 0.135837D+03
 0.136140D+03
 0.138410D+03
 0.138125D+03
 0.141914D+03
 0.141417D+03
 0.147227D+03
 0.147410D+03
 0.147590D+03
 0.147113D+03
 0.150775D+03
 0.150137D+03
 0.147847D+03
 0.148357D+03
 0.148190D+03
 0.147812D+03
 0.150980D+03
 0.150285D+03
 0.148111D+03
 0.148515D+03
 0.148623D+03
 0.148225D+03
 0.151437D+03
 0.151024D+03
 0.148311D+03
 0.148733D+03
 0.148758D+03
 0.148512D+03
 0.152303D+03
 0.151370D+03
 0.148193D+03
 0.148539D+03
 0.148725D+03
 0.148285D+03
 0.152288D+03
 0.152104D+03
 0.147683D+03
 0.147872D+03
 0.147967D+03
 0.147664D+03
 0.152243D+03
 0.152024D+03
 0.146566D+03
 0.146930D+03
 0.147102D+03
 0.146856D+03
 0.150497D+03
 0.149862D+03
 0.143388D+03
 0.143889D+03
 0.144193D+03
 0.144182D+03
 0.148915D+03
 0.148511D+03
 0.141763D+03
 0.142241D+03
 0.142822D+03
 0.142380D+03
 0.147845D+03
 0.147484D+03
 0.135834D+03
 0.136130D+03
 0.136065D+03
 0.135839D+03
 0.138854D+03
 0.138499D+03
 0.135915D+03
 0.136350D+03
 0.136399D+03
 0.136002D+03
 0.139085D+03
 0.138770D+03
 0.135958D+03
 0.136658D+03
 0.136528D+03
 0.135939D+03
 0.139520D+03
 0.138749D+03
 0.136386D+03
 0.136728D+03
 0.136569D+03
 0.136111D+03
 0.139605D+03
 0.139332D+03
 0.136716D+03
 0.137082D+03
 0.136810D+03
 0.136467D+03
 0.139874D+03
 0.139647D+03
 0.137238D+03
 0.137574D+03
 0.137220D+03
 0.136840D+03
 0.140535D+03
 0.140155D+03
 0.137549D+03
 0.137634D+03
 0.137409D+03
 0.137280D+03
 0.140954D+03
 0.140627D+03
 0.137070D+03
 0.137415D+03
 0.137899D+03
 0.137659D+03
 0.141460D+03
 0.141221D+03
 0.135989D+03
 0.136743D+03
 0.138219D+03
 0.137883D+03
 0.141846D+03
 0.141469D+03
 0.148027D+03
 0.148477D+03
 0.148412D+03
 0.148226D+03
 0.150923D+03
 0.150809D+03
 0.148442D+03
 0.148716D+03
 0.148920D+03
 0.148501D+03
 0.151853D+03
 0.151383D+03
 0.148511D+03
 0.148868D+03
 0.149148D+03
 0.148417D+03
 0.152502D+03
 0.151651D+03
 0.148074D+03
 0.148552D+03
 0.148564D+03
 0.148154D+03
 0.152546D+03
 0.152202D+03
 0.147548D+03
 0.147644D+03
 0.147985D+03
 0.147616D+03
 0.151288D+03
 0.150676D+03
 0.144983D+03
 0.145262D+03
 0.145460D+03
 0.145057D+03
 0.150628D+03
 0.149875D+03
 0.135861D+03
 0.136268D+03
 0.135974D+03
 0.135694D+03
 0.138793D+03
 0.138555D+03
 0.136007D+03
 0.136542D+03
 0.136145D+03
 0.135947D+03
 0.139280D+03
 0.138812D+03
 0.136156D+03
 0.136712D+03
 0.136388D+03
 0.136010D+03
 0.139628D+03
 0.139046D+03
 0.136633D+03
 0.137281D+03
 0.136573D+03
 0.136257D+03
 0.139716D+03
 0.139381D+03
 0.136958D+03
 0.137655D+03
 0.137030D+03
 0.136518D+03
 0.140470D+03
 0.139873D+03
 0.137309D+03
 0.137642D+03
 0.137131D+03
 0.136942D+03
 0.140809D+03
 0.140556D+03
 0.136701D+03
 0.137251D+03
 0.137487D+03
 0.137119D+03
 0.141128D+03
 0.140939D+03
 0.148491D+03
 0.148972D+03
 0.148625D+03
 0.148244D+03
 0.151569D+03
 0.150958D+03
 0.148869D+03
 0.149182D+03
 0.148844D+03
 0.148562D+03
 0.152037D+03
 0.151682D+03
 0.148617D+03
 0.148922D+03
 0.148943D+03
 0.148499D+03
 0.152028D+03
 0.151685D+03
 0.147947D+03
 0.148431D+03
 0.148081D+03
 0.147904D+03
 0.151408D+03
 0.150964D+03
 0.145923D+03
 0.146290D+03
 0.146184D+03
 0.145976D+03
 0.151042D+03
 0.150450D+03
 0.144963D+03
 0.145322D+03
 0.145622D+03
 0.145395D+03
 0.150641D+03
 0.149714D+03
 0.135496D+03
 0.136361D+03
 0.135836D+03
 0.135481D+03
 0.138770D+03
 0.138121D+03
 0.135863D+03
 0.136503D+03
 0.136112D+03
 0.135569D+03
 0.138901D+03
 0.138607D+03
 0.136158D+03
 0.136607D+03
 0.136012D+03
 0.135805D+03
 0.139135D+03
 0.138679D+03
 0.136597D+03
 0.136941D+03
 0.136409D+03
 0.135848D+03
 0.139392D+03
 0.138875D+03
 0.136734D+03
 0.137168D+03
 0.136565D+03
 0.136039D+03
 0.140108D+03
 0.139490D+03
 0.137007D+03
 0.137216D+03
 0.136559D+03
 0.136335D+03
 0.140587D+03
 0.139940D+03
 0.136208D+03
 0.136821D+03
 0.136769D+03
 0.136550D+03
 0.140778D+03
 0.140340D+03
 0.148463D+03
 0.148801D+03
 0.148493D+03
 0.148337D+03
 0.152214D+03
 0.151558D+03
 0.148104D+03
 0.148382D+03
 0.147991D+03
 0.147697D+03
 0.151842D+03
 0.151287D+03
 0.135745D+03
 0.136090D+03
 0.135688D+03
 0.135215D+03
 0.138871D+03
 0.138386D+03
 0.135617D+03
 0.136079D+03
 0.135586D+03
 0.135265D+03
 0.138570D+03
 0.138295D+03
 0.135773D+03
 0.136290D+03
 0.135818D+03
 0.135169D+03
 0.138916D+03
 0.138428D+03
 0.148150D+03
 0.148433D+03
 0.147930D+03
 0.147689D+03
 0.151746D+03
 0.151095D+03
 0.146582D+03
 0.146948D+03
 0.147627D+03
 0.147210D+03
 0.151261D+03
 0.150920D+03
 0.135488D+03
 0.136282D+03
 0.135421D+03
 0.135176D+03
 0.138450D+03
 0.137950D+03
 0.135458D+03
 0.135880D+03
 0.135294D+03
 0.135058D+03
 0.138469D+03
 0.137877D+03
 0.137270D+03
 0.137740D+03
 0.136999D+03
 0.136488D+03
 0.138803D+03
 0.138011D+03
 0.135659D+03
 0.135968D+03
 0.135281D+03
 0.134731D+03
 0.137950D+03
 0.137286D+03
 0.135001D+03
 0.135489D+03
 0.134894D+03
 0.134676D+03
 0.137574D+03
 0.137067D+03
 0.136541D+03
 0.137057D+03
 0.135962D+03
 0.135957D+03
 0.137717D+03
 0.137059D+03
 0.135134D+03
 0.135344D+03
 0.134846D+03
 0.134676D+03
 0.137211D+03
 0.136470D+03
 0.134677D+03
 0.135440D+03
 0.134512D+03
 0.134129D+03
 0.137118D+03
 0.136337D+03
 0.148182D+03
 0.147136D+03
 0.146652D+03
 0.146464D+03
 0.147331D+03
 0.146896D+03
 0.147642D+03
 0.147943D+03
 0.147787D+03
 0.147509D+03
 0.148888D+03
 0.148242D+03
 0.148735D+03
 0.148445D+03
 0.148228D+03
 0.149844D+03
 0.139083D+03
 0.139190D+03
 0.140532D+03
 0.140558D+03
 0.140310D+03
 0.141054D+03
 0.140285D+03
 0.140290D+03
 0.141538D+03
 0.141278D+03
 0.142348D+03
 0.142763D+03
 0.141845D+03
 0.141732D+03
 0.142704D+03
 0.142792D+03
 0.144890D+03
 0.144232D+03
 0.143522D+03
 0.143304D+03
 0.144097D+03
 0.144196D+03
 0.145191D+03
 0.145556D+03
 0.145037D+03
 0.144940D+03
 0.145526D+03
 0.145482D+03
 0.146684D+03
 0.146920D+03
 0.146705D+03
 0.146446D+03
 0.147646D+03
 0.147080D+03
 0.147345D+03
 0.147826D+03
 0.147550D+03
 0.147342D+03
 0.139989D+03
 0.140123D+03
 0.140443D+03
 0.140172D+03
 0.142170D+03
 0.142169D+03
 0.138730D+03
 0.138128D+03
 0.138156D+03
 0.137814D+03
 0.140946D+03
 0.140835D+03
 0.137409D+03
 0.137624D+03
 0.137499D+03
 0.137353D+03
 0.139720D+03
 0.139283D+03
 0.136581D+03
 0.136942D+03
 0.136562D+03
 0.136689D+03
 0.138518D+03
 0.138429D+03
 0.136325D+03
 0.136415D+03
 0.136169D+03
 0.135943D+03
 0.137992D+03
 0.137559D+03
 0.135818D+03
 0.136387D+03
 0.135928D+03
 0.135830D+03
 0.137273D+03
 0.137189D+03
 0.135554D+03
 0.136265D+03
 0.135719D+03
 0.135484D+03
 0.137295D+03
 0.136864D+03
 0.138776D+03
 0.138128D+03
 0.138106D+03
 0.138932D+03
 0.139000D+03
 0.140759D+03
 0.140908D+03
 0.140337D+03
 0.140197D+03
 0.141982D+03
 0.142461D+03
 0.141934D+03
 0.141598D+03
 0.142563D+03
 0.144140D+03
 0.143599D+03
 0.143330D+03
 0.146316D+03
 0.145432D+03
 0.145112D+03
 0.144860D+03
 0.147451D+03
 0.146698D+03
 0.146553D+03
 0.146111D+03
 0.138645D+03
 0.139046D+03
 0.139368D+03
 0.139238D+03
 0.138023D+03
 0.138325D+03
 0.138276D+03
 0.138112D+03
 0.137191D+03
 0.137500D+03
 0.137454D+03
 0.137146D+03
 0.136612D+03
 0.136816D+03
 0.136679D+03
 0.136485D+03
 0.136096D+03
 0.136539D+03
 0.136072D+03
 0.136140D+03
 0.135762D+03
 0.136114D+03
 0.136016D+03
 0.135847D+03
 0.135559D+03
 0.136036D+03
 0.135836D+03
 0.135460D+03
 0.134205D+03
 0.134595D+03
 0.137000D+03
 0.136823D+03
 0.135519D+03
 0.137598D+03
 0.137428D+03
 0.138643D+03
 0.138470D+03
 0.137931D+03
 0.139188D+03
 0.139084D+03
 0.141193D+03
 0.141096D+03
 0.140505D+03
 0.140494D+03
 0.142058D+03
 0.142539D+03
 0.142134D+03
 0.142038D+03
 0.143467D+03
 0.144134D+03
 0.143861D+03
 0.143631D+03
 0.144926D+03
 0.145190D+03
 0.145537D+03
 0.145572D+03
 0.143250D+03
 0.143442D+03
 0.143863D+03
 0.144077D+03
 0.141445D+03
 0.141749D+03
 0.142335D+03
 0.142161D+03
 0.139894D+03
 0.140406D+03
 0.141056D+03
 0.140705D+03
 0.138682D+03
 0.139207D+03
 0.139853D+03
 0.139865D+03
 0.138241D+03
 0.138378D+03
 0.138396D+03
 0.138483D+03
 0.137271D+03
 0.137684D+03
 0.137639D+03
 0.137360D+03
 0.136621D+03
 0.136895D+03
 0.136884D+03
 0.136880D+03
 0.136363D+03
 0.136524D+03
 0.136507D+03
 0.136244D+03
 0.135847D+03
 0.136343D+03
 0.136202D+03
 0.135941D+03
 0.135447D+03
 0.135732D+03
 0.135931D+03
 0.135474D+03
 0.135119D+03
 0.135386D+03
 0.135469D+03
 0.135427D+03
 0.134675D+03
 0.135136D+03
 0.135189D+03
 0.134894D+03
 0.134444D+03
 0.135125D+03
 0.135249D+03
 0.134990D+03
 0.134164D+03
 0.134468D+03
 0.136585D+03
 0.136247D+03
 0.134578D+03
 0.134816D+03
 0.137189D+03
 0.137008D+03
 0.136018D+03
 0.137936D+03
 0.137648D+03
 0.138641D+03
 0.138601D+03
 0.138435D+03
 0.139879D+03
 0.139438D+03
 0.141298D+03
 0.141636D+03
 0.141032D+03
 0.140675D+03
 0.146089D+03
 0.146171D+03
 0.146585D+03
 0.146127D+03
 0.145108D+03
 0.145229D+03
 0.145337D+03
 0.145425D+03
 0.143255D+03
 0.143691D+03
 0.144147D+03
 0.144043D+03
 0.141753D+03
 0.141987D+03
 0.142562D+03
 0.142621D+03
 0.140597D+03
 0.141112D+03
 0.141681D+03
 0.141629D+03
 0.139626D+03
 0.139832D+03
 0.140363D+03
 0.140067D+03
 0.138637D+03
 0.139071D+03
 0.139050D+03
 0.138886D+03
 0.137742D+03
 0.138086D+03
 0.137994D+03
 0.137796D+03
 0.137044D+03
 0.137457D+03
 0.137380D+03
 0.137212D+03
 0.136636D+03
 0.136889D+03
 0.136896D+03
 0.136598D+03
 0.136027D+03
 0.136578D+03
 0.136239D+03
 0.136051D+03
 0.135333D+03
 0.136052D+03
 0.135904D+03
 0.135690D+03
 0.135115D+03
 0.135634D+03
 0.135630D+03
 0.135184D+03
 0.134657D+03
 0.134976D+03
 0.135258D+03
 0.134804D+03
 0.135144D+03
 0.135047D+03
 0.136074D+03
 0.135594D+03
 0.134205D+03
 0.134664D+03
 0.136439D+03
 0.136106D+03
 0.135003D+03
 0.135097D+03
 0.137806D+03
 0.137496D+03
 0.136519D+03
 0.138376D+03
 0.138337D+03
 0.139778D+03
 0.139311D+03
 0.139124D+03
 0.146823D+03
 0.146810D+03
 0.147142D+03
 0.146815D+03
 0.146188D+03
 0.146377D+03
 0.146644D+03
 0.146594D+03
 0.145206D+03
 0.145376D+03
 0.146077D+03
 0.145621D+03
 0.144204D+03
 0.144594D+03
 0.145134D+03
 0.144416D+03
 0.142722D+03
 0.143020D+03
 0.143801D+03
 0.143768D+03
 0.141457D+03
 0.141833D+03
 0.142341D+03
 0.142066D+03
 0.140178D+03
 0.140403D+03
 0.140906D+03
 0.140553D+03
 0.139388D+03
 0.139606D+03
 0.139447D+03
 0.139531D+03
 0.138586D+03
 0.138652D+03
 0.138576D+03
 0.138211D+03
 0.137747D+03
 0.138133D+03
 0.137975D+03
 0.137741D+03
 0.137207D+03
 0.137574D+03
 0.137310D+03
 0.136997D+03
 0.136474D+03
 0.136980D+03
 0.136710D+03
 0.136593D+03
 0.136124D+03
 0.136349D+03
 0.136281D+03
 0.136073D+03
 0.135063D+03
 0.135544D+03
 0.135400D+03
 0.135064D+03
 0.135606D+03
 0.135757D+03
 0.135853D+03
 0.135655D+03
 0.135459D+03
 0.135669D+03
 0.136378D+03
 0.136020D+03
 0.134676D+03
 0.134978D+03
 0.137083D+03
 0.136738D+03
 0.135845D+03
 0.136080D+03
 0.135883D+03
 0.135440D+03
 0.136081D+03
 0.136205D+03
 0.136448D+03
 0.136080D+03
 0.135936D+03
 0.136401D+03
 0.136780D+03
 0.136486D+03
 0.134866D+03
 0.135213D+03
 0.137528D+03
 0.137321D+03
 0.134675D+03
 0.134811D+03
 0.136143D+03
 0.135696D+03
 0.135746D+03
 0.135100D+03
 0.135311D+03
 0.136465D+03
 0.136219D+03
 0.136246D+03
 0.135575D+03
 0.135543D+03
 0.136851D+03
 0.136543D+03
 0.137917D+03
 0.135268D+03
 0.135668D+03
 0.137506D+03
 0.137118D+03
 0.137579D+03
 0.136796D+03
 0.136980D+03
 0.141027D+03
 0.140390D+03
 0.135765D+03
 0.136229D+03
 0.141183D+03
 0.140802D+03
 0.137742D+03
 0.141842D+03
 0.137932D+03
 0.141891D+03
 0.138186D+03
 0.142294D+03
 0.137577D+03
 0.138780D+03
 0.137456D+03
 0.138360D+03
 0.137252D+03
 0.138028D+03
 0.136943D+03
 0.137741D+03
 0.137226D+03
 0.138116D+03
 0.137277D+03
 0.138634D+03
 0.137602D+03
 0.139177D+03
 0.137800D+03
 0.139675D+03
 0.138338D+03
 0.140430D+03
 0.138874D+03
 0.141148D+03
 0.138769D+03
 0.141425D+03
 0.138153D+03
 0.141771D+03
 0.138039D+03
 0.134811D+03
 0.142103D+03
 0.138197D+03
 0.135012D+03
 0.142168D+03
 0.138561D+03
 0.135504D+03
 0.142521D+03
 0.139320D+03
 0.134406D+03
 0.141028D+03
 0.138558D+03
 0.133686D+03
 0.140083D+03
 0.137914D+03
 0.133228D+03
 0.139263D+03
 0.137736D+03
 0.132957D+03
 0.138839D+03
 0.137710D+03
 0.132902D+03
 0.138501D+03
 0.137621D+03
 0.132879D+03
 0.138516D+03
 0.137547D+03
 0.132941D+03
 0.138870D+03
 0.137676D+03
 0.133002D+03
 0.139224D+03
 0.137924D+03
 0.133367D+03
 0.139526D+03
 0.138261D+03
 0.133466D+03
 0.140184D+03
 0.138560D+03
 0.133556D+03
 0.140927D+03
 0.139180D+03
 0.134136D+03
 0.141493D+03
 0.139134D+03
 0.134488D+03
 0.141724D+03
 0.138353D+03
 0.134663D+03
 0.142127D+03
 0.138025D+03
 0.136669D+03
 0.142351D+03
 0.138113D+03
 0.136902D+03
 0.142385D+03
 0.138396D+03
 0.137160D+03
 0.142769D+03
 0.139125D+03
 0.137815D+03
 0.143247D+03
 0.149819D+03
 0.146447D+03
 0.145707D+03
 0.142895D+03
 0.148819D+03
 0.143693D+03
 0.140929D+03
 0.146461D+03
 0.142067D+03
 0.139141D+03
 0.144423D+03
 0.140418D+03
 0.137654D+03
 0.142671D+03
 0.139236D+03
 0.136412D+03
 0.141396D+03
 0.138877D+03
 0.135650D+03
 0.140543D+03
 0.138251D+03
 0.134899D+03
 0.139635D+03
 0.137866D+03
 0.134862D+03
 0.139291D+03
 0.137964D+03
 0.134690D+03
 0.138683D+03
 0.137938D+03
 0.134736D+03
 0.138642D+03
 0.137763D+03
 0.134749D+03
 0.138917D+03
 0.137809D+03
 0.134779D+03
 0.139345D+03
 0.138153D+03
 0.135249D+03
 0.139864D+03
 0.138487D+03
 0.135145D+03
 0.140254D+03
 0.138866D+03
 0.135579D+03
 0.140946D+03
 0.139262D+03
 0.135920D+03
 0.141422D+03
 0.139132D+03
 0.136131D+03
 0.141876D+03
 0.138369D+03
 0.136447D+03
 0.142038D+03
 0.137720D+03
 0.137649D+03
 0.142219D+03
 0.137956D+03
 0.137814D+03
 0.142457D+03
 0.138464D+03
 0.138318D+03
 0.142641D+03
 0.139393D+03
 0.138826D+03
 0.143353D+03
 0.142964D+03
 0.139918D+03
 0.144420D+03
 0.149769D+03
 0.147210D+03
 0.150124D+03
 0.147917D+03
 0.145321D+03
 0.143567D+03
 0.148968D+03
 0.143445D+03
 0.141760D+03
 0.146513D+03
 0.141942D+03
 0.140200D+03
 0.144442D+03
 0.140497D+03
 0.138499D+03
 0.143095D+03
 0.139372D+03
 0.137489D+03
 0.141514D+03
 0.138860D+03
 0.136701D+03
 0.140712D+03
 0.138437D+03
 0.136259D+03
 0.140021D+03
 0.138272D+03
 0.136139D+03
 0.139352D+03
 0.138051D+03
 0.135796D+03
 0.139028D+03
 0.137837D+03
 0.135895D+03
 0.138857D+03
 0.137929D+03
 0.135749D+03
 0.139100D+03
 0.138077D+03
 0.135942D+03
 0.139466D+03
 0.138021D+03
 0.136095D+03
 0.140033D+03
 0.138250D+03
 0.136115D+03
 0.140680D+03
 0.138605D+03
 0.136459D+03
 0.140982D+03
 0.139088D+03
 0.136708D+03
 0.141605D+03
 0.139134D+03
 0.137211D+03
 0.141806D+03
 0.138194D+03
 0.137437D+03
 0.142106D+03
 0.137677D+03
 0.138047D+03
 0.142277D+03
 0.137670D+03
 0.138433D+03
 0.142450D+03
 0.138392D+03
 0.138892D+03
 0.142766D+03
 0.139208D+03
 0.139563D+03
 0.143468D+03
 0.142890D+03
 0.140689D+03
 0.144676D+03
 0.144282D+03
 0.141931D+03
 0.146098D+03
 0.149317D+03
 0.148096D+03
 0.149762D+03
 0.148512D+03
 0.149972D+03
 0.148948D+03
 0.152333D+03
 0.148418D+03
 0.147222D+03
 0.152250D+03
 0.146907D+03
 0.145876D+03
 0.150491D+03
 0.145079D+03
 0.143996D+03
 0.148686D+03
 0.143429D+03
 0.142193D+03
 0.146510D+03
 0.141771D+03
 0.140648D+03
 0.144619D+03
 0.140375D+03
 0.139280D+03
 0.142939D+03
 0.139296D+03
 0.138118D+03
 0.141784D+03
 0.138884D+03
 0.137468D+03
 0.140867D+03
 0.138390D+03
 0.137011D+03
 0.140246D+03
 0.138040D+03
 0.136933D+03
 0.139698D+03
 0.138187D+03
 0.136750D+03
 0.139223D+03
 0.137791D+03
 0.136549D+03
 0.139315D+03
 0.137837D+03
 0.136603D+03
 0.139183D+03
 0.137937D+03
 0.136666D+03
 0.139633D+03
 0.137919D+03
 0.136390D+03
 0.140337D+03
 0.138312D+03
 0.136765D+03
 0.140565D+03
 0.138565D+03
 0.137163D+03
 0.141193D+03
 0.138858D+03
 0.137188D+03
 0.141474D+03
 0.138678D+03
 0.137442D+03
 0.141888D+03
 0.137898D+03
 0.137961D+03
 0.142023D+03
 0.137251D+03
 0.138171D+03
 0.141928D+03
 0.137539D+03
 0.138741D+03
 0.142301D+03
 0.138120D+03
 0.139290D+03
 0.142755D+03
 0.138914D+03
 0.139907D+03
 0.143641D+03
 0.142021D+03
 0.141107D+03
 0.144643D+03
 0.144338D+03
 0.142329D+03
 0.145993D+03
 0.145516D+03
 0.143904D+03
 0.147307D+03
 0.146218D+03
 0.145333D+03
 0.147757D+03
 0.149093D+03
 0.148190D+03
 0.149378D+03
 0.148526D+03
 0.149501D+03
 0.148859D+03
 0.152065D+03
 0.149047D+03
 0.148454D+03
 0.153107D+03
 0.148695D+03
 0.147889D+03
 0.152792D+03
 0.147782D+03
 0.147067D+03
 0.151955D+03
 0.146316D+03
 0.145607D+03
 0.150263D+03
 0.144766D+03
 0.144124D+03
 0.148568D+03
 0.143123D+03
 0.142306D+03
 0.146648D+03
 0.141588D+03
 0.140983D+03
 0.144733D+03
 0.140412D+03
 0.139712D+03
 0.143220D+03
 0.139509D+03
 0.138475D+03
 0.141917D+03
 0.138764D+03
 0.137717D+03
 0.140970D+03
 0.138279D+03
 0.137263D+03
 0.140365D+03
 0.138263D+03
 0.136981D+03
 0.139688D+03
 0.137862D+03
 0.136845D+03
 0.139441D+03
 0.137978D+03
 0.136888D+03
 0.139084D+03
 0.137884D+03
 0.136808D+03
 0.139435D+03
 0.137713D+03
 0.136572D+03
 0.139462D+03
 0.137768D+03
 0.136597D+03
 0.140112D+03
 0.138089D+03
 0.136985D+03
 0.140425D+03
 0.138297D+03
 0.137068D+03
 0.140971D+03
 0.138331D+03
 0.137319D+03
 0.141380D+03
 0.138521D+03
 0.137596D+03
 0.141653D+03
 0.137608D+03
 0.138009D+03
 0.141834D+03
 0.137120D+03
 0.138237D+03
 0.142064D+03
 0.137572D+03
 0.138622D+03
 0.142266D+03
 0.138164D+03
 0.139343D+03
 0.142819D+03
 0.139492D+03
 0.140037D+03
 0.143441D+03
 0.142543D+03
 0.141142D+03
 0.144815D+03
 0.144345D+03
 0.142451D+03
 0.146353D+03
 0.145712D+03
 0.143979D+03
 0.147427D+03
 0.147333D+03
 0.145341D+03
 0.147828D+03
 0.148847D+03
 0.147769D+03
 0.149010D+03
 0.148303D+03
 0.149041D+03
 0.148578D+03
 0.151803D+03
 0.149012D+03
 0.148526D+03
 0.152380D+03
 0.148833D+03
 0.147996D+03
 0.152942D+03
 0.148262D+03
 0.147568D+03
 0.152502D+03
 0.147199D+03
 0.146736D+03
 0.151657D+03
 0.145996D+03
 0.145448D+03
 0.150078D+03
 0.144632D+03
 0.144177D+03
 0.148261D+03
 0.142966D+03
 0.142474D+03
 0.146479D+03
 0.141480D+03
 0.140739D+03
 0.144730D+03
 0.140338D+03
 0.139660D+03
 0.143106D+03
 0.139274D+03
 0.138678D+03
 0.141909D+03
 0.138752D+03
 0.137688D+03
 0.141017D+03
 0.138223D+03
 0.137519D+03
 0.140502D+03
 0.138021D+03
 0.137028D+03
 0.139697D+03
 0.137842D+03
 0.136928D+03
 0.139387D+03
 0.137771D+03
 0.136886D+03
 0.139398D+03
 0.137797D+03
 0.136679D+03
 0.139189D+03
 0.137587D+03
 0.136600D+03
 0.139687D+03
 0.137683D+03
 0.136648D+03
 0.139883D+03
 0.137825D+03
 0.136540D+03
 0.140285D+03
 0.137899D+03
 0.136798D+03
 0.140741D+03
 0.138080D+03
 0.136952D+03
 0.141353D+03
 0.137950D+03
 0.137317D+03
 0.141473D+03
 0.137383D+03
 0.137906D+03
 0.141641D+03
 0.137145D+03
 0.138202D+03
 0.141847D+03
 0.137487D+03
 0.138477D+03
 0.142455D+03
 0.138163D+03
 0.139130D+03
 0.142892D+03
 0.139285D+03
 0.140105D+03
 0.143760D+03
 0.143057D+03
 0.141066D+03
 0.144854D+03
 0.144620D+03
 0.142501D+03
 0.146232D+03
 0.145614D+03
 0.143917D+03
 0.147597D+03
 0.148675D+03
 0.147778D+03
 0.148981D+03
 0.148019D+03
 0.149115D+03
 0.148200D+03
 0.151525D+03
 0.148626D+03
 0.147972D+03
 0.152071D+03
 0.148362D+03
 0.147678D+03
 0.152828D+03
 0.147987D+03
 0.147284D+03
 0.152470D+03
 0.147040D+03
 0.146397D+03
 0.151519D+03
 0.145698D+03
 0.145402D+03
 0.149909D+03
 0.144476D+03
 0.143970D+03
 0.148285D+03
 0.143065D+03
 0.142339D+03
 0.146406D+03
 0.141720D+03
 0.140777D+03
 0.144681D+03
 0.140481D+03
 0.139507D+03
 0.143082D+03
 0.139512D+03
 0.138384D+03
 0.142017D+03
 0.138658D+03
 0.137628D+03
 0.140982D+03
 0.138187D+03
 0.137319D+03
 0.140298D+03
 0.138003D+03
 0.136830D+03
 0.139788D+03
 0.137637D+03
 0.136537D+03
 0.139237D+03
 0.137784D+03
 0.136524D+03
 0.139180D+03
 0.137723D+03
 0.136541D+03
 0.139223D+03
 0.137494D+03
 0.136280D+03
 0.139365D+03
 0.137393D+03
 0.136360D+03
 0.139827D+03
 0.137563D+03
 0.136259D+03
 0.140297D+03
 0.137791D+03
 0.136619D+03
 0.140651D+03
 0.137951D+03
 0.136814D+03
 0.141239D+03
 0.138164D+03
 0.137393D+03
 0.141603D+03
 0.137385D+03
 0.137565D+03
 0.141651D+03
 0.137344D+03
 0.138052D+03
 0.141936D+03
 0.137521D+03
 0.138638D+03
 0.142575D+03
 0.138332D+03
 0.139397D+03
 0.143044D+03
 0.139501D+03
 0.140141D+03
 0.143961D+03
 0.142981D+03
 0.140934D+03
 0.145067D+03
 0.144493D+03
 0.142308D+03
 0.146332D+03
 0.145516D+03
 0.143847D+03
 0.147592D+03
 0.148337D+03
 0.147365D+03
 0.148865D+03
 0.147550D+03
 0.148850D+03
 0.147865D+03
 0.151321D+03
 0.148589D+03
 0.147693D+03
 0.151904D+03
 0.148322D+03
 0.147563D+03
 0.152489D+03
 0.148082D+03
 0.147098D+03
 0.152476D+03
 0.147027D+03
 0.146291D+03
 0.151406D+03
 0.146052D+03
 0.145325D+03
 0.149833D+03
 0.144642D+03
 0.143793D+03
 0.148452D+03
 0.143241D+03
 0.142414D+03
 0.146735D+03
 0.141521D+03
 0.140867D+03
 0.144661D+03
 0.140179D+03
 0.139492D+03
 0.143129D+03
 0.139436D+03
 0.138387D+03
 0.141907D+03
 0.138533D+03
 0.137322D+03
 0.140649D+03
 0.138067D+03
 0.136852D+03
 0.140138D+03
 0.137937D+03
 0.136862D+03
 0.139733D+03
 0.137779D+03
 0.136472D+03
 0.139228D+03
 0.137601D+03
 0.136291D+03
 0.139051D+03
 0.137325D+03
 0.136335D+03
 0.139024D+03
 0.137065D+03
 0.136184D+03
 0.139381D+03
 0.137170D+03
 0.136243D+03
 0.139591D+03
 0.137452D+03
 0.136094D+03
 0.140020D+03
 0.137682D+03
 0.136384D+03
 0.140467D+03
 0.138054D+03
 0.136665D+03
 0.141059D+03
 0.137992D+03
 0.137301D+03
 0.141544D+03
 0.137493D+03
 0.137634D+03
 0.141898D+03
 0.137459D+03
 0.138108D+03
 0.142334D+03
 0.137750D+03
 0.138621D+03
 0.142756D+03
 0.138242D+03
 0.139340D+03
 0.143312D+03
 0.139515D+03
 0.140002D+03
 0.143752D+03
 0.142905D+03
 0.141035D+03
 0.145080D+03
 0.148208D+03
 0.147096D+03
 0.148505D+03
 0.147565D+03
 0.148703D+03
 0.147683D+03
 0.151255D+03
 0.148477D+03
 0.147606D+03
 0.151795D+03
 0.148253D+03
 0.147206D+03
 0.152465D+03
 0.147985D+03
 0.147012D+03
 0.152410D+03
 0.147191D+03
 0.146180D+03
 0.151440D+03
 0.146005D+03
 0.145178D+03
 0.150144D+03
 0.144883D+03
 0.143850D+03
 0.148517D+03
 0.143140D+03
 0.142374D+03
 0.146806D+03
 0.141798D+03
 0.140778D+03
 0.144856D+03
 0.140070D+03
 0.137165D+03
 0.140961D+03
 0.136977D+03
 0.136092D+03
 0.139520D+03
 0.136188D+03
 0.135215D+03
 0.139358D+03
 0.135977D+03
 0.134615D+03
 0.139180D+03
 0.137475D+03
 0.136326D+03
 0.139086D+03
 0.137531D+03
 0.136102D+03
 0.139080D+03
 0.137426D+03
 0.136255D+03
 0.138873D+03
 0.137040D+03
 0.136066D+03
 0.138938D+03
 0.136996D+03
 0.135830D+03
 0.139299D+03
 0.137205D+03
 0.135743D+03
 0.139462D+03
 0.137338D+03
 0.136063D+03
 0.139862D+03
 0.137779D+03
 0.136077D+03
 0.140395D+03
 0.137775D+03
 0.136560D+03
 0.140918D+03
 0.138103D+03
 0.136940D+03
 0.141482D+03
 0.137525D+03
 0.137582D+03
 0.141941D+03
 0.137674D+03
 0.137968D+03
 0.142203D+03
 0.137887D+03
 0.138696D+03
 0.142569D+03
 0.138211D+03
 0.139025D+03
 0.143107D+03
 0.139237D+03
 0.139704D+03
 0.143561D+03
 0.148201D+03
 0.146927D+03
 0.148482D+03
 0.147200D+03
 0.148755D+03
 0.147675D+03
 0.150991D+03
 0.148585D+03
 0.147553D+03
 0.151660D+03
 0.148394D+03
 0.147375D+03
 0.152603D+03
 0.147966D+03
 0.146795D+03
 0.152520D+03
 0.147457D+03
 0.146296D+03
 0.151654D+03
 0.146172D+03
 0.145426D+03
 0.150203D+03
 0.145051D+03
 0.143843D+03
 0.148423D+03
 0.143259D+03
 0.142252D+03
 0.144851D+03
 0.141327D+03
 0.138759D+03
 0.142488D+03
 0.137920D+03
 0.136982D+03
 0.140592D+03
 0.136632D+03
 0.135668D+03
 0.139114D+03
 0.135887D+03
 0.134455D+03
 0.139158D+03
 0.135649D+03
 0.134758D+03
 0.138609D+03
 0.134798D+03
 0.134518D+03
 0.137846D+03
 0.136962D+03
 0.136072D+03
 0.138556D+03
 0.137125D+03
 0.135950D+03
 0.138724D+03
 0.136958D+03
 0.135769D+03
 0.138959D+03
 0.136964D+03
 0.135575D+03
 0.139136D+03
 0.137256D+03
 0.135694D+03
 0.139312D+03
 0.137365D+03
 0.135765D+03
 0.140135D+03
 0.137785D+03
 0.136244D+03
 0.140594D+03
 0.138055D+03
 0.136578D+03
 0.141014D+03
 0.138343D+03
 0.137103D+03
 0.141572D+03
 0.137949D+03
 0.137655D+03
 0.141966D+03
 0.137544D+03
 0.138083D+03
 0.142177D+03
 0.137780D+03
 0.138163D+03
 0.142199D+03
 0.147814D+03
 0.146598D+03
 0.148413D+03
 0.147159D+03
 0.148855D+03
 0.147309D+03
 0.151243D+03
 0.148825D+03
 0.147708D+03
 0.151782D+03
 0.148776D+03
 0.147527D+03
 0.152699D+03
 0.148283D+03
 0.147130D+03
 0.152586D+03
 0.147479D+03
 0.146297D+03
 0.151754D+03
 0.146470D+03
 0.145225D+03
 0.150280D+03
 0.145021D+03
 0.142400D+03
 0.146745D+03
 0.141442D+03
 0.140481D+03
 0.144462D+03
 0.134579D+03
 0.134245D+03
 0.137377D+03
 0.134218D+03
 0.134929D+03
 0.137582D+03
 0.136672D+03
 0.135272D+03
 0.138078D+03
 0.136891D+03
 0.135618D+03
 0.138253D+03
 0.137029D+03
 0.135500D+03
 0.138435D+03
 0.136901D+03
 0.135503D+03
 0.139000D+03
 0.137253D+03
 0.135567D+03
 0.139154D+03
 0.137575D+03
 0.135774D+03
 0.139951D+03
 0.138012D+03
 0.136237D+03
 0.140547D+03
 0.138170D+03
 0.136656D+03
 0.141100D+03
 0.138341D+03
 0.137084D+03
 0.141562D+03
 0.137894D+03
 0.137756D+03
 0.141896D+03
 0.137211D+03
 0.137530D+03
 0.141628D+03
 0.147862D+03
 0.146269D+03
 0.148749D+03
 0.147180D+03
 0.149116D+03
 0.147583D+03
 0.151064D+03
 0.149304D+03
 0.147964D+03
 0.152013D+03
 0.149004D+03
 0.147488D+03
 0.152783D+03
 0.148489D+03
 0.147267D+03
 0.152507D+03
 0.147823D+03
 0.146187D+03
 0.150022D+03
 0.144676D+03
 0.143822D+03
 0.148332D+03
 0.143348D+03
 0.142217D+03
 0.146594D+03
 0.136560D+03
 0.135259D+03
 0.137925D+03
 0.136988D+03
 0.135294D+03
 0.138350D+03
 0.137220D+03
 0.135425D+03
 0.138731D+03
 0.137235D+03
 0.135495D+03
 0.139137D+03
 0.137752D+03
 0.135697D+03
 0.139983D+03
 0.138027D+03
 0.136129D+03
 0.140503D+03
 0.138282D+03
 0.136679D+03
 0.141070D+03
 0.138345D+03
 0.136948D+03
 0.141462D+03
 0.137765D+03
 0.137338D+03
 0.141735D+03
 0.148969D+03
 0.147468D+03
 0.149530D+03
 0.147837D+03
 0.151378D+03
 0.149260D+03
 0.147836D+03
 0.152090D+03
 0.149257D+03
 0.147790D+03
 0.152823D+03
 0.148558D+03
 0.146935D+03
 0.150970D+03
 0.146113D+03
 0.144594D+03
 0.149776D+03
 0.136853D+03
 0.135128D+03
 0.137995D+03
 0.137239D+03
 0.135213D+03
 0.138499D+03
 0.137210D+03
 0.135425D+03
 0.139332D+03
 0.137694D+03
 0.135726D+03
 0.139456D+03
 0.138263D+03
 0.135907D+03
 0.140425D+03
 0.138282D+03
 0.136217D+03
 0.140626D+03
 0.138206D+03
 0.136414D+03
 0.141089D+03
 0.149278D+03
 0.147678D+03
 0.149620D+03
 0.147984D+03
 0.151729D+03
 0.149278D+03
 0.147878D+03
 0.152189D+03
 0.148953D+03
 0.147297D+03
 0.151278D+03
 0.147055D+03
 0.144835D+03
 0.150743D+03
 0.146268D+03
 0.144740D+03
 0.149903D+03
 0.136799D+03
 0.134802D+03
 0.137819D+03
 0.137117D+03
 0.134948D+03
 0.138145D+03
 0.137090D+03
 0.135044D+03
 0.138646D+03
 0.137565D+03
 0.135462D+03
 0.139094D+03
 0.137650D+03
 0.135551D+03
 0.139739D+03
 0.137939D+03
 0.135759D+03
 0.140281D+03
 0.137968D+03
 0.136058D+03
 0.140421D+03
 0.149501D+03
 0.147930D+03
 0.151636D+03
 0.149067D+03
 0.147334D+03
 0.152154D+03
 0.136656D+03
 0.134740D+03
 0.137876D+03
 0.136716D+03
 0.134602D+03
 0.137858D+03
 0.136861D+03
 0.134879D+03
 0.138405D+03
 0.149014D+03
 0.147232D+03
 0.147696D+03
 0.146678D+03
 0.151446D+03
 0.136424D+03
 0.134563D+03
 0.137624D+03
 0.136484D+03
 0.134474D+03
 0.137770D+03
 0.138163D+03
 0.136386D+03
 0.137811D+03
 0.136523D+03
 0.134734D+03
 0.136970D+03
 0.135961D+03
 0.134213D+03
 0.136431D+03
 0.137254D+03
 0.135644D+03
 0.136782D+03
 0.135906D+03
 0.134437D+03
 0.136121D+03
 0.135504D+03
 0.134054D+03
 0.136133D+03
 0.147559D+03
 0.146312D+03
 0.148301D+03
 0.147217D+03
 0.148911D+03
 0.147945D+03
 0.137945D+03
 0.138692D+03
 0.140764D+03
 0.141385D+03
 0.139829D+03
 0.142097D+03
 0.143320D+03
 0.141349D+03
 0.143449D+03
 0.144691D+03
 0.142965D+03
 0.144931D+03
 0.146273D+03
 0.144506D+03
 0.145426D+03
 0.147291D+03
 0.145774D+03
 0.148136D+03
 0.147052D+03
 0.140987D+03
 0.139855D+03
 0.141871D+03
 0.138453D+03
 0.137820D+03
 0.140942D+03
 0.138073D+03
 0.137195D+03
 0.139458D+03
 0.137379D+03
 0.136183D+03
 0.138531D+03
 0.136916D+03
 0.135825D+03
 0.137506D+03
 0.136537D+03
 0.135558D+03
 0.136858D+03
 0.136377D+03
 0.135150D+03
 0.136257D+03
 0.136785D+03
 0.137700D+03
 0.140148D+03
 0.137959D+03
 0.138610D+03
 0.141262D+03
 0.141237D+03
 0.139665D+03
 0.142693D+03
 0.143314D+03
 0.141522D+03
 0.144162D+03
 0.144703D+03
 0.142887D+03
 0.145391D+03
 0.145864D+03
 0.144410D+03
 0.147502D+03
 0.145912D+03
 0.139808D+03
 0.139037D+03
 0.142349D+03
 0.138717D+03
 0.138079D+03
 0.140937D+03
 0.137788D+03
 0.137047D+03
 0.139820D+03
 0.137056D+03
 0.136255D+03
 0.138782D+03
 0.136633D+03
 0.135710D+03
 0.137982D+03
 0.136469D+03
 0.135341D+03
 0.137339D+03
 0.136306D+03
 0.135235D+03
 0.136862D+03
 0.135507D+03
 0.136506D+03
 0.139494D+03
 0.135855D+03
 0.137125D+03
 0.140154D+03
 0.136582D+03
 0.137728D+03
 0.140861D+03
 0.137732D+03
 0.138848D+03
 0.141930D+03
 0.141363D+03
 0.139910D+03
 0.143153D+03
 0.143305D+03
 0.141433D+03
 0.144893D+03
 0.144805D+03
 0.142931D+03
 0.146005D+03
 0.145778D+03
 0.145210D+03
 0.149066D+03
 0.144147D+03
 0.143566D+03
 0.146894D+03
 0.142654D+03
 0.141988D+03
 0.145765D+03
 0.140971D+03
 0.140460D+03
 0.144201D+03
 0.140021D+03
 0.139349D+03
 0.143001D+03
 0.138717D+03
 0.138106D+03
 0.141361D+03
 0.137904D+03
 0.137033D+03
 0.140153D+03
 0.137382D+03
 0.136360D+03
 0.139364D+03
 0.136829D+03
 0.135876D+03
 0.138655D+03
 0.136619D+03
 0.135405D+03
 0.137900D+03
 0.136023D+03
 0.135142D+03
 0.137481D+03
 0.135724D+03
 0.134737D+03
 0.137132D+03
 0.135453D+03
 0.134564D+03
 0.135263D+03
 0.134562D+03
 0.135800D+03
 0.135926D+03
 0.138904D+03
 0.135607D+03
 0.136624D+03
 0.139356D+03
 0.136048D+03
 0.137292D+03
 0.140025D+03
 0.136829D+03
 0.137931D+03
 0.140709D+03
 0.138318D+03
 0.139040D+03
 0.141636D+03
 0.142023D+03
 0.140431D+03
 0.142804D+03
 0.146465D+03
 0.145911D+03
 0.151045D+03
 0.145824D+03
 0.145182D+03
 0.149149D+03
 0.144234D+03
 0.143907D+03
 0.147232D+03
 0.143041D+03
 0.142321D+03
 0.145582D+03
 0.141822D+03
 0.141214D+03
 0.143832D+03
 0.140487D+03
 0.140002D+03
 0.142244D+03
 0.139385D+03
 0.138659D+03
 0.140925D+03
 0.138291D+03
 0.137460D+03
 0.139713D+03
 0.137838D+03
 0.136628D+03
 0.138658D+03
 0.137033D+03
 0.136288D+03
 0.137678D+03
 0.136750D+03
 0.135852D+03
 0.136229D+03
 0.135296D+03
 0.135795D+03
 0.134867D+03
 0.135406D+03
 0.134324D+03
 0.136072D+03
 0.135285D+03
 0.138624D+03
 0.136021D+03
 0.135916D+03
 0.138986D+03
 0.136192D+03
 0.137108D+03
 0.140056D+03
 0.136766D+03
 0.137795D+03
 0.140446D+03
 0.137715D+03
 0.138684D+03
 0.141133D+03
 0.146842D+03
 0.146493D+03
 0.151002D+03
 0.146695D+03
 0.146140D+03
 0.150825D+03
 0.145816D+03
 0.145576D+03
 0.149530D+03
 0.145083D+03
 0.144297D+03
 0.147584D+03
 0.143822D+03
 0.143296D+03
 0.146040D+03
 0.142436D+03
 0.141808D+03
 0.144241D+03
 0.141304D+03
 0.140313D+03
 0.142518D+03
 0.139883D+03
 0.139053D+03
 0.141230D+03
 0.138983D+03
 0.137970D+03
 0.139917D+03
 0.138294D+03
 0.137203D+03
 0.138987D+03
 0.137709D+03
 0.136652D+03
 0.138042D+03
 0.137063D+03
 0.135987D+03
 0.137135D+03
 0.136636D+03
 0.135683D+03
 0.136630D+03
 0.135789D+03
 0.134704D+03
 0.138259D+03
 0.136063D+03
 0.135143D+03
 0.138619D+03
 0.136376D+03
 0.135702D+03
 0.139282D+03
 0.136496D+03
 0.136407D+03
 0.139740D+03
 0.136174D+03
 0.135055D+03
 0.138578D+03
 0.136713D+03
 0.135511D+03
 0.139125D+03
 0.136875D+03
 0.136467D+03
 0.139815D+03
 0.137070D+03
 0.137017D+03
 0.140124D+03
 0.135289D+03
 0.135508D+03
 0.138204D+03
 0.135573D+03
 0.135686D+03
 0.138824D+03
 0.135913D+03
 0.136223D+03
 0.139671D+03
 0.136152D+03
 0.136715D+03
 0.140148D+03
 0.138223D+03
 0.140686D+03
 0.137662D+03
 0.141180D+03
