 0.133801D+03
 0.136478D+03
 0.134722D+03
 0.131194D+03
 0.130917D+03
 0.131700D+03
 0.135584D+03
 0.132217D+03
 0.132925D+03
 0.133627D+03
 0.136009D+03
 0.134293D+03
 0.131480D+03
 0.131381D+03
 0.132063D+03
 0.135925D+03
 0.132565D+03
 0.132995D+03
 0.133842D+03
 0.134288D+03
 0.131963D+03
 0.131447D+03
 0.132488D+03
 0.136538D+03
 0.133189D+03
 0.133580D+03
 0.131552D+03
 0.134424D+03
 0.132497D+03
 0.129676D+03
 0.128784D+03
 0.129912D+03
 0.133820D+03
 0.131074D+03
 0.131600D+03
 0.131265D+03
 0.133724D+03
 0.131880D+03
 0.129032D+03
 0.127982D+03
 0.129389D+03
 0.133307D+03
 0.130797D+03
 0.131145D+03
 0.130712D+03
 0.133438D+03
 0.131736D+03
 0.128733D+03
 0.127590D+03
 0.128793D+03
 0.133045D+03
 0.130624D+03
 0.131148D+03
 0.130560D+03
 0.133214D+03
 0.131686D+03
 0.128592D+03
 0.127441D+03
 0.128472D+03
 0.133039D+03
 0.130405D+03
 0.131288D+03
 0.130641D+03
 0.132969D+03
 0.131497D+03
 0.128397D+03
 0.127436D+03
 0.128320D+03
 0.132993D+03
 0.130504D+03
 0.131222D+03
 0.130762D+03
 0.133172D+03
 0.131435D+03
 0.128445D+03
 0.127323D+03
 0.128400D+03
 0.132697D+03
 0.130437D+03
 0.131105D+03
 0.131032D+03
 0.133162D+03
 0.131491D+03
 0.128451D+03
 0.127671D+03
 0.128561D+03
 0.133008D+03
 0.130468D+03
 0.131033D+03
 0.131140D+03
 0.133763D+03
 0.131894D+03
 0.128942D+03
 0.127911D+03
 0.128849D+03
 0.133234D+03
 0.130685D+03
 0.131190D+03
 0.131666D+03
 0.134088D+03
 0.132447D+03
 0.129257D+03
 0.128472D+03
 0.129211D+03
 0.133614D+03
 0.130959D+03
 0.131516D+03
 0.132128D+03
 0.134793D+03
 0.132999D+03
 0.129573D+03
 0.129081D+03
 0.129749D+03
 0.134222D+03
 0.131232D+03
 0.131843D+03
 0.132747D+03
 0.135551D+03
 0.133662D+03
 0.130055D+03
 0.129650D+03
 0.130257D+03
 0.134501D+03
 0.131493D+03
 0.132259D+03
 0.133525D+03
 0.136229D+03
 0.134291D+03
 0.130649D+03
 0.130218D+03
 0.130781D+03
 0.134833D+03
 0.131760D+03
 0.132462D+03
 0.133502D+03
 0.136376D+03
 0.134675D+03
 0.130991D+03
 0.130413D+03
 0.131388D+03
 0.135329D+03
 0.131787D+03
 0.132588D+03
 0.134120D+03
 0.136489D+03
 0.135264D+03
 0.132391D+03
 0.132351D+03
 0.133208D+03
 0.135944D+03
 0.132429D+03
 0.133211D+03
 0.134047D+03
 0.136085D+03
 0.134746D+03
 0.132455D+03
 0.132642D+03
 0.133652D+03
 0.136233D+03
 0.132845D+03
 0.133475D+03
 0.134017D+03
 0.134708D+03
 0.132800D+03
 0.133095D+03
 0.133915D+03
 0.136799D+03
 0.133378D+03
 0.133739D+03
 0.135301D+03
 0.135600D+03
 0.133488D+03
 0.133446D+03
 0.134503D+03
 0.137685D+03
 0.134471D+03
 0.134354D+03
 0.133133D+03
 0.135696D+03
 0.133955D+03
 0.131502D+03
 0.131525D+03
 0.132413D+03
 0.135284D+03
 0.132219D+03
 0.132443D+03
 0.132328D+03
 0.134902D+03
 0.133117D+03
 0.130722D+03
 0.130632D+03
 0.131510D+03
 0.134544D+03
 0.131594D+03
 0.131956D+03
 0.131743D+03
 0.134157D+03
 0.132517D+03
 0.130226D+03
 0.129753D+03
 0.130691D+03
 0.133888D+03
 0.131262D+03
 0.131655D+03
 0.131439D+03
 0.133881D+03
 0.132341D+03
 0.129916D+03
 0.129351D+03
 0.130532D+03
 0.133562D+03
 0.130917D+03
 0.131710D+03
 0.131145D+03
 0.133642D+03
 0.132152D+03
 0.129735D+03
 0.129270D+03
 0.130284D+03
 0.133559D+03
 0.131035D+03
 0.131752D+03
 0.131239D+03
 0.133550D+03
 0.132136D+03
 0.129590D+03
 0.129477D+03
 0.130325D+03
 0.133441D+03
 0.131131D+03
 0.131557D+03
 0.131448D+03
 0.133508D+03
 0.132070D+03
 0.129775D+03
 0.129242D+03
 0.130613D+03
 0.133661D+03
 0.130850D+03
 0.131505D+03
 0.131476D+03
 0.133877D+03
 0.132328D+03
 0.129806D+03
 0.129440D+03
 0.130654D+03
 0.133585D+03
 0.131086D+03
 0.131550D+03
 0.131880D+03
 0.134219D+03
 0.132575D+03
 0.129877D+03
 0.129625D+03
 0.130905D+03
 0.133689D+03
 0.131239D+03
 0.131762D+03
 0.132149D+03
 0.134519D+03
 0.132844D+03
 0.130216D+03
 0.130289D+03
 0.131270D+03
 0.134130D+03
 0.131389D+03
 0.131955D+03
 0.132758D+03
 0.135231D+03
 0.133652D+03
 0.130943D+03
 0.130647D+03
 0.131610D+03
 0.134557D+03
 0.131671D+03
 0.132179D+03
 0.133305D+03
 0.135891D+03
 0.134262D+03
 0.131294D+03
 0.131226D+03
 0.132218D+03
 0.135010D+03
 0.131939D+03
 0.132487D+03
 0.133933D+03
 0.136625D+03
 0.134884D+03
 0.131610D+03
 0.131666D+03
 0.132596D+03
 0.135475D+03
 0.132240D+03
 0.132789D+03
 0.134167D+03
 0.136677D+03
 0.135152D+03
 0.132026D+03
 0.132040D+03
 0.132904D+03
 0.135682D+03
 0.132255D+03
 0.133015D+03
 0.134378D+03
 0.136711D+03
 0.135585D+03
 0.133155D+03
 0.133887D+03
 0.134590D+03
 0.136111D+03
 0.132852D+03
 0.133356D+03
 0.133987D+03
 0.136218D+03
 0.134931D+03
 0.133228D+03
 0.134262D+03
 0.135165D+03
 0.136475D+03
 0.133070D+03
 0.133501D+03
 0.134211D+03
 0.134850D+03
 0.133677D+03
 0.134292D+03
 0.135081D+03
 0.136883D+03
 0.133533D+03
 0.133807D+03
 0.135354D+03
 0.135997D+03
 0.134347D+03
 0.134962D+03
 0.135858D+03
 0.137740D+03
 0.134648D+03
 0.134573D+03
 0.143438D+03
 0.146124D+03
 0.144491D+03
 0.141954D+03
 0.142602D+03
 0.143380D+03
 0.145281D+03
 0.142030D+03
 0.142419D+03
 0.142060D+03
 0.144900D+03
 0.143160D+03
 0.140736D+03
 0.141380D+03
 0.142051D+03
 0.144037D+03
 0.140413D+03
 0.141202D+03
 0.140048D+03
 0.142988D+03
 0.141195D+03
 0.138774D+03
 0.139712D+03
 0.140329D+03
 0.142092D+03
 0.138446D+03
 0.139072D+03
 0.137888D+03
 0.140848D+03
 0.138930D+03
 0.136749D+03
 0.137725D+03
 0.138195D+03
 0.139891D+03
 0.136490D+03
 0.137026D+03
 0.136018D+03
 0.138785D+03
 0.137024D+03
 0.134945D+03
 0.135657D+03
 0.136528D+03
 0.138355D+03
 0.134769D+03
 0.135348D+03
 0.133919D+03
 0.137247D+03
 0.135530D+03
 0.133460D+03
 0.134400D+03
 0.135094D+03
 0.136812D+03
 0.133512D+03
 0.133871D+03
 0.133345D+03
 0.136035D+03
 0.134187D+03
 0.132470D+03
 0.133105D+03
 0.133816D+03
 0.135597D+03
 0.132636D+03
 0.133060D+03
 0.132336D+03
 0.135083D+03
 0.133570D+03
 0.131515D+03
 0.132141D+03
 0.133018D+03
 0.134735D+03
 0.131923D+03
 0.132250D+03
 0.132070D+03
 0.134559D+03
 0.133065D+03
 0.131095D+03
 0.131674D+03
 0.132437D+03
 0.134227D+03
 0.131781D+03
 0.131959D+03
 0.131850D+03
 0.134393D+03
 0.132946D+03
 0.131116D+03
 0.131137D+03
 0.132272D+03
 0.133826D+03
 0.131464D+03
 0.131898D+03
 0.131631D+03
 0.133908D+03
 0.132584D+03
 0.130730D+03
 0.131013D+03
 0.131905D+03
 0.133900D+03
 0.131424D+03
 0.131803D+03
 0.131518D+03
 0.134052D+03
 0.132536D+03
 0.130993D+03
 0.130994D+03
 0.131928D+03
 0.133669D+03
 0.131539D+03
 0.131884D+03
 0.131492D+03
 0.134162D+03
 0.132674D+03
 0.130800D+03
 0.131127D+03
 0.131924D+03
 0.133718D+03
 0.131441D+03
 0.131871D+03
 0.131564D+03
 0.134024D+03
 0.132846D+03
 0.131085D+03
 0.131236D+03
 0.132212D+03
 0.133857D+03
 0.131189D+03
 0.131847D+03
 0.131994D+03
 0.134296D+03
 0.132898D+03
 0.131157D+03
 0.131484D+03
 0.132267D+03
 0.134101D+03
 0.131575D+03
 0.132206D+03
 0.132260D+03
 0.134723D+03
 0.133107D+03
 0.131527D+03
 0.131834D+03
 0.132913D+03
 0.134387D+03
 0.131685D+03
 0.132189D+03
 0.132932D+03
 0.135433D+03
 0.133817D+03
 0.131902D+03
 0.132344D+03
 0.133189D+03
 0.134687D+03
 0.132105D+03
 0.132443D+03
 0.133595D+03
 0.136100D+03
 0.134297D+03
 0.132236D+03
 0.132803D+03
 0.133570D+03
 0.135062D+03
 0.132201D+03
 0.132708D+03
 0.134145D+03
 0.136769D+03
 0.135099D+03
 0.132617D+03
 0.133122D+03
 0.134088D+03
 0.135529D+03
 0.132352D+03
 0.132958D+03
 0.134202D+03
 0.137057D+03
 0.135664D+03
 0.132714D+03
 0.133553D+03
 0.134345D+03
 0.135880D+03
 0.132585D+03
 0.133023D+03
 0.134375D+03
 0.136439D+03
 0.135435D+03
 0.133790D+03
 0.134919D+03
 0.135519D+03
 0.135941D+03
 0.132892D+03
 0.133204D+03
 0.133959D+03
 0.136151D+03
 0.134961D+03
 0.133997D+03
 0.135076D+03
 0.135931D+03
 0.136308D+03
 0.133281D+03
 0.133557D+03
 0.133995D+03
 0.134832D+03
 0.134304D+03
 0.135472D+03
 0.136238D+03
 0.137035D+03
 0.133954D+03
 0.133943D+03
 0.135362D+03
 0.136444D+03
 0.135333D+03
 0.136063D+03
 0.136962D+03
 0.137596D+03
 0.134650D+03
 0.134571D+03
 0.144216D+03
 0.146739D+03
 0.145271D+03
 0.143678D+03
 0.144649D+03
 0.145503D+03
 0.146322D+03
 0.143639D+03
 0.143876D+03
 0.143986D+03
 0.146529D+03
 0.145118D+03
 0.143297D+03
 0.144305D+03
 0.145289D+03
 0.146034D+03
 0.143095D+03
 0.143407D+03
 0.143103D+03
 0.146145D+03
 0.144618D+03
 0.142726D+03
 0.143822D+03
 0.144628D+03
 0.145137D+03
 0.142115D+03
 0.142382D+03
 0.142132D+03
 0.144853D+03
 0.143219D+03
 0.141253D+03
 0.142374D+03
 0.143187D+03
 0.143806D+03
 0.140414D+03
 0.140869D+03
 0.140058D+03
 0.142974D+03
 0.141260D+03
 0.139473D+03
 0.140762D+03
 0.141309D+03
 0.141890D+03
 0.138693D+03
 0.138921D+03
 0.137948D+03
 0.140923D+03
 0.139286D+03
 0.137510D+03
 0.138833D+03
 0.139413D+03
 0.140185D+03
 0.136715D+03
 0.137065D+03
 0.136053D+03
 0.139035D+03
 0.137471D+03
 0.135888D+03
 0.137020D+03
 0.137471D+03
 0.138344D+03
 0.135229D+03
 0.135521D+03
 0.134728D+03
 0.137172D+03
 0.135686D+03
 0.134336D+03
 0.135577D+03
 0.136245D+03
 0.136911D+03
 0.133879D+03
 0.134042D+03
 0.133490D+03
 0.136089D+03
 0.134674D+03
 0.133417D+03
 0.134187D+03
 0.135039D+03
 0.136055D+03
 0.133080D+03
 0.133232D+03
 0.132842D+03
 0.135369D+03
 0.133728D+03
 0.132509D+03
 0.133517D+03
 0.134283D+03
 0.135042D+03
 0.132467D+03
 0.132484D+03
 0.132497D+03
 0.134864D+03
 0.133467D+03
 0.131904D+03
 0.132767D+03
 0.133853D+03
 0.134671D+03
 0.132195D+03
 0.132404D+03
 0.132126D+03
 0.134721D+03
 0.133297D+03
 0.131872D+03
 0.132419D+03
 0.133411D+03
 0.134289D+03
 0.132089D+03
 0.132351D+03
 0.131918D+03
 0.134165D+03
 0.132987D+03
 0.131759D+03
 0.132433D+03
 0.133527D+03
 0.134013D+03
 0.131703D+03
 0.132308D+03
 0.131639D+03
 0.134203D+03
 0.132920D+03
 0.131770D+03
 0.132374D+03
 0.133107D+03
 0.134184D+03
 0.131593D+03
 0.132365D+03
 0.131727D+03
 0.134342D+03
 0.132953D+03
 0.131718D+03
 0.132494D+03
 0.133216D+03
 0.134015D+03
 0.131476D+03
 0.132168D+03
 0.131884D+03
 0.134160D+03
 0.132948D+03
 0.131683D+03
 0.132436D+03
 0.133449D+03
 0.133901D+03
 0.131536D+03
 0.132174D+03
 0.132133D+03
 0.134595D+03
 0.133145D+03
 0.131956D+03
 0.132844D+03
 0.133713D+03
 0.134229D+03
 0.131736D+03
 0.132159D+03
 0.132400D+03
 0.134815D+03
 0.133459D+03
 0.132317D+03
 0.133068D+03
 0.133841D+03
 0.134367D+03
 0.131906D+03
 0.132437D+03
 0.132874D+03
 0.135537D+03
 0.133920D+03
 0.132765D+03
 0.133687D+03
 0.134288D+03
 0.134749D+03
 0.131983D+03
 0.132428D+03
 0.133555D+03
 0.136185D+03
 0.134453D+03
 0.132875D+03
 0.133928D+03
 0.134855D+03
 0.135123D+03
 0.132621D+03
 0.132800D+03
 0.134081D+03
 0.136990D+03
 0.135064D+03
 0.133322D+03
 0.134133D+03
 0.135106D+03
 0.135487D+03
 0.132682D+03
 0.132984D+03
 0.134302D+03
 0.137077D+03
 0.135676D+03
 0.133794D+03
 0.134762D+03
 0.135577D+03
 0.135784D+03
 0.132838D+03
 0.133031D+03
 0.134165D+03
 0.136374D+03
 0.135383D+03
 0.134041D+03
 0.135556D+03
 0.136327D+03
 0.136083D+03
 0.133031D+03
 0.133241D+03
 0.133779D+03
 0.136037D+03
 0.134812D+03
 0.134376D+03
 0.135765D+03
 0.136448D+03
 0.136414D+03
 0.133487D+03
 0.133456D+03
 0.134156D+03
 0.134969D+03
 0.134832D+03
 0.136231D+03
 0.136955D+03
 0.136965D+03
 0.134087D+03
 0.133938D+03
 0.135335D+03
 0.136021D+03
 0.135544D+03
 0.136976D+03
 0.137824D+03
 0.137858D+03
 0.135007D+03
 0.134821D+03
 0.143986D+03
 0.146326D+03
 0.145258D+03
 0.144044D+03
 0.145342D+03
 0.146130D+03
 0.146164D+03
 0.144155D+03
 0.143962D+03
 0.144059D+03
 0.146520D+03
 0.145372D+03
 0.144303D+03
 0.145406D+03
 0.146387D+03
 0.146301D+03
 0.143988D+03
 0.144046D+03
 0.143903D+03
 0.146481D+03
 0.145314D+03
 0.143848D+03
 0.145413D+03
 0.146341D+03
 0.146176D+03
 0.143734D+03
 0.143796D+03
 0.143668D+03
 0.146233D+03
 0.145197D+03
 0.143574D+03
 0.145137D+03
 0.145846D+03
 0.145732D+03
 0.143161D+03
 0.143427D+03
 0.142894D+03
 0.145832D+03
 0.144218D+03
 0.142823D+03
 0.144351D+03
 0.144871D+03
 0.145034D+03
 0.142127D+03
 0.142230D+03
 0.141502D+03
 0.144500D+03
 0.143125D+03
 0.141464D+03
 0.143043D+03
 0.143646D+03
 0.143726D+03
 0.140523D+03
 0.140669D+03
 0.139827D+03
 0.142827D+03
 0.141184D+03
 0.139552D+03
 0.141215D+03
 0.141976D+03
 0.142093D+03
 0.138834D+03
 0.139039D+03
 0.137991D+03
 0.141022D+03
 0.139304D+03
 0.137996D+03
 0.139420D+03
 0.140056D+03
 0.140093D+03
 0.137006D+03
 0.137093D+03
 0.136094D+03
 0.138748D+03
 0.137469D+03
 0.136143D+03
 0.137691D+03
 0.138394D+03
 0.138579D+03
 0.135454D+03
 0.135508D+03
 0.134833D+03
 0.137364D+03
 0.136020D+03
 0.135074D+03
 0.136393D+03
 0.137044D+03
 0.137196D+03
 0.134211D+03
 0.134133D+03
 0.133627D+03
 0.136008D+03
 0.134753D+03
 0.133838D+03
 0.135150D+03
 0.135878D+03
 0.135951D+03
 0.133360D+03
 0.133388D+03
 0.132980D+03
 0.135337D+03
 0.133935D+03
 0.133064D+03
 0.134219D+03
 0.135001D+03
 0.135196D+03
 0.132711D+03
 0.132613D+03
 0.132497D+03
 0.134896D+03
 0.133646D+03
 0.132744D+03
 0.133610D+03
 0.134464D+03
 0.134628D+03
 0.132450D+03
 0.132470D+03
 0.132111D+03
 0.134652D+03
 0.133376D+03
 0.132460D+03
 0.133129D+03
 0.134410D+03
 0.134321D+03
 0.132198D+03
 0.132510D+03
 0.132073D+03
 0.134473D+03
 0.133219D+03
 0.132200D+03
 0.133309D+03
 0.133993D+03
 0.134330D+03
 0.131964D+03
 0.132493D+03
 0.131799D+03
 0.134360D+03
 0.133094D+03
 0.132187D+03
 0.133158D+03
 0.133831D+03
 0.134257D+03
 0.131840D+03
 0.132555D+03
 0.131829D+03
 0.134192D+03
 0.133216D+03
 0.132102D+03
 0.133266D+03
 0.134170D+03
 0.134047D+03
 0.131831D+03
 0.132202D+03
 0.131887D+03
 0.134315D+03
 0.133177D+03
 0.132027D+03
 0.133166D+03
 0.134074D+03
 0.134038D+03
 0.131953D+03
 0.132150D+03
 0.132157D+03
 0.134414D+03
 0.133195D+03
 0.132407D+03
 0.133230D+03
 0.134272D+03
 0.134058D+03
 0.131851D+03
 0.132332D+03
 0.132448D+03
 0.134863D+03
 0.133471D+03
 0.132583D+03
 0.133847D+03
 0.134715D+03
 0.134347D+03
 0.132022D+03
 0.132281D+03
 0.132899D+03
 0.135400D+03
 0.133971D+03
 0.132971D+03
 0.134232D+03
 0.134873D+03
 0.134669D+03
 0.132336D+03
 0.132552D+03
 0.133285D+03
 0.136029D+03
 0.134573D+03
 0.133066D+03
 0.134546D+03
 0.135218D+03
 0.135029D+03
 0.132402D+03
 0.132624D+03
 0.134075D+03
 0.136796D+03
 0.135127D+03
 0.133764D+03
 0.134888D+03
 0.135435D+03
 0.135310D+03
 0.132771D+03
 0.132958D+03
 0.134234D+03
 0.136955D+03
 0.135417D+03
 0.134027D+03
 0.135360D+03
 0.135932D+03
 0.135768D+03
 0.132866D+03
 0.133078D+03
 0.133868D+03
 0.136514D+03
 0.135206D+03
 0.134435D+03
 0.135620D+03
 0.136544D+03
 0.135995D+03
 0.133135D+03
 0.133307D+03
 0.133734D+03
 0.135969D+03
 0.134768D+03
 0.134731D+03
 0.136248D+03
 0.136981D+03
 0.136348D+03
 0.133476D+03
 0.133528D+03
 0.134050D+03
 0.134967D+03
 0.134901D+03
 0.136571D+03
 0.137175D+03
 0.137009D+03
 0.134274D+03
 0.134214D+03
 0.138849D+03
 0.141896D+03
 0.140012D+03
 0.139302D+03
 0.140563D+03
 0.141371D+03
 0.141574D+03
 0.139602D+03
 0.138114D+03
 0.140083D+03
 0.143117D+03
 0.141312D+03
 0.140678D+03
 0.141553D+03
 0.142693D+03
 0.142736D+03
 0.140917D+03
 0.139219D+03
 0.141318D+03
 0.144201D+03
 0.142663D+03
 0.141783D+03
 0.142808D+03
 0.143850D+03
 0.143375D+03
 0.141783D+03
 0.140570D+03
 0.143422D+03
 0.146065D+03
 0.145016D+03
 0.143663D+03
 0.144973D+03
 0.145756D+03
 0.145876D+03
 0.143985D+03
 0.143736D+03
 0.143884D+03
 0.146400D+03
 0.145139D+03
 0.144162D+03
 0.145375D+03
 0.146350D+03
 0.146053D+03
 0.144077D+03
 0.143756D+03
 0.143835D+03
 0.146509D+03
 0.145176D+03
 0.144207D+03
 0.145465D+03
 0.146231D+03
 0.146310D+03
 0.144189D+03
 0.144050D+03
 0.143760D+03
 0.146304D+03
 0.145259D+03
 0.143972D+03
 0.145391D+03
 0.146298D+03
 0.145848D+03
 0.143814D+03
 0.143650D+03
 0.143390D+03
 0.146143D+03
 0.144845D+03
 0.143605D+03
 0.145159D+03
 0.146031D+03
 0.145687D+03
 0.143021D+03
 0.143193D+03
 0.142575D+03
 0.145594D+03
 0.144147D+03
 0.142513D+03
 0.144393D+03
 0.145077D+03
 0.144780D+03
 0.141994D+03
 0.142058D+03
 0.141180D+03
 0.144235D+03
 0.142764D+03
 0.141364D+03
 0.142915D+03
 0.143668D+03
 0.143414D+03
 0.140531D+03
 0.140593D+03
 0.139511D+03
 0.142475D+03
 0.141009D+03
 0.139806D+03
 0.141459D+03
 0.142056D+03
 0.141919D+03
 0.138915D+03
 0.138881D+03
 0.137821D+03
 0.140869D+03
 0.139193D+03
 0.138052D+03
 0.139709D+03
 0.140227D+03
 0.140132D+03
 0.137195D+03
 0.137310D+03
 0.136069D+03
 0.139071D+03
 0.137521D+03
 0.136405D+03
 0.138143D+03
 0.138801D+03
 0.138592D+03
 0.135553D+03
 0.135670D+03
 0.134533D+03
 0.137426D+03
 0.136012D+03
 0.135006D+03
 0.136577D+03
 0.137137D+03
 0.137184D+03
 0.134364D+03
 0.134488D+03
 0.133620D+03
 0.136330D+03
 0.134976D+03
 0.134173D+03
 0.135518D+03
 0.136168D+03
 0.135921D+03
 0.133532D+03
 0.133453D+03
 0.132929D+03
 0.135501D+03
 0.134144D+03
 0.133218D+03
 0.134754D+03
 0.135350D+03
 0.135386D+03
 0.132899D+03
 0.132902D+03
 0.132352D+03
 0.135188D+03
 0.133800D+03
 0.132975D+03
 0.134015D+03
 0.135022D+03
 0.134710D+03
 0.132464D+03
 0.132674D+03
 0.132297D+03
 0.134849D+03
 0.133539D+03
 0.132392D+03
 0.133720D+03
 0.134600D+03
 0.134555D+03
 0.132449D+03
 0.132612D+03
 0.132054D+03
 0.134567D+03
 0.133509D+03
 0.132393D+03
 0.133600D+03
 0.134461D+03
 0.134219D+03
 0.132669D+03
 0.132549D+03
 0.131854D+03
 0.134288D+03
 0.133356D+03
 0.132338D+03
 0.133577D+03
 0.134320D+03
 0.134285D+03
 0.132253D+03
 0.132601D+03
 0.131706D+03
 0.134280D+03
 0.133346D+03
 0.132392D+03
 0.133439D+03
 0.134363D+03
 0.134075D+03
 0.132027D+03
 0.132533D+03
 0.131913D+03
 0.134504D+03
 0.132953D+03
 0.132358D+03
 0.133373D+03
 0.134441D+03
 0.134006D+03
 0.131900D+03
 0.132135D+03
 0.132105D+03
 0.134440D+03
 0.133078D+03
 0.132578D+03
 0.133757D+03
 0.134575D+03
 0.134047D+03
 0.132034D+03
 0.132466D+03
 0.132327D+03
 0.134801D+03
 0.133445D+03
 0.132649D+03
 0.134085D+03
 0.134900D+03
 0.134229D+03
 0.132277D+03
 0.132275D+03
 0.132614D+03
 0.135373D+03
 0.133812D+03
 0.132927D+03
 0.134157D+03
 0.135024D+03
 0.134461D+03
 0.132364D+03
 0.132336D+03
 0.133286D+03
 0.136251D+03
 0.134282D+03
 0.133254D+03
 0.134518D+03
 0.135485D+03
 0.135005D+03
 0.132676D+03
 0.132585D+03
 0.133799D+03
 0.136609D+03
 0.134957D+03
 0.133685D+03
 0.134976D+03
 0.135933D+03
 0.135280D+03
 0.132840D+03
 0.132796D+03
 0.133936D+03
 0.136645D+03
 0.135283D+03
 0.133939D+03
 0.135372D+03
 0.136216D+03
 0.135521D+03
 0.132809D+03
 0.133002D+03
 0.133719D+03
 0.136285D+03
 0.135243D+03
 0.134273D+03
 0.135771D+03
 0.136614D+03
 0.135915D+03
 0.133482D+03
 0.133325D+03
 0.133669D+03
 0.136056D+03
 0.134805D+03
 0.134667D+03
 0.136163D+03
 0.137121D+03
 0.136323D+03
 0.133764D+03
 0.133769D+03
 0.133979D+03
 0.135385D+03
 0.135178D+03
 0.136514D+03
 0.137549D+03
 0.137091D+03
 0.134576D+03
 0.134526D+03
 0.135465D+03
 0.136379D+03
 0.136052D+03
 0.137363D+03
 0.138408D+03
 0.138280D+03
 0.135663D+03
 0.135166D+03
 0.136447D+03
 0.139690D+03
 0.137307D+03
 0.137061D+03
 0.138333D+03
 0.139317D+03
 0.139396D+03
 0.137003D+03
 0.136348D+03
 0.137555D+03
 0.140988D+03
 0.138602D+03
 0.138396D+03
 0.139274D+03
 0.140330D+03
 0.140379D+03
 0.138438D+03
 0.137443D+03
 0.138464D+03
 0.142145D+03
 0.139872D+03
 0.139551D+03
 0.140455D+03
 0.141719D+03
 0.141705D+03
 0.139760D+03
 0.138367D+03
 0.140008D+03
 0.143075D+03
 0.141535D+03
 0.140478D+03
 0.141794D+03
 0.142931D+03
 0.142774D+03
 0.141125D+03
 0.139366D+03
 0.141265D+03
 0.144315D+03
 0.142770D+03
 0.141570D+03
 0.142758D+03
 0.143796D+03
 0.143390D+03
 0.141884D+03
 0.140746D+03
 0.142245D+03
 0.145170D+03
 0.143545D+03
 0.142621D+03
 0.143696D+03
 0.144718D+03
 0.144501D+03
 0.143054D+03
 0.142496D+03
 0.142762D+03
 0.145619D+03
 0.144464D+03
 0.143259D+03
 0.144465D+03
 0.145471D+03
 0.144949D+03
 0.143499D+03
 0.143145D+03
 0.143031D+03
 0.146100D+03
 0.144832D+03
 0.143759D+03
 0.144767D+03
 0.145985D+03
 0.145594D+03
 0.143826D+03
 0.143457D+03
 0.143318D+03
 0.146278D+03
 0.145067D+03
 0.143911D+03
 0.145081D+03
 0.146265D+03
 0.145890D+03
 0.144220D+03
 0.143807D+03
 0.143582D+03
 0.146285D+03
 0.145040D+03
 0.144053D+03
 0.145171D+03
 0.146352D+03
 0.145799D+03
 0.143913D+03
 0.143750D+03
 0.143250D+03
 0.146142D+03
 0.144884D+03
 0.143635D+03
 0.145234D+03
 0.146240D+03
 0.145715D+03
 0.143543D+03
 0.143637D+03
 0.142933D+03
 0.145858D+03
 0.144451D+03
 0.143264D+03
 0.144910D+03
 0.145494D+03
 0.145241D+03
 0.142948D+03
 0.142841D+03
 0.142037D+03
 0.145096D+03
 0.143729D+03
 0.142499D+03
 0.143860D+03
 0.144630D+03
 0.144486D+03
 0.142060D+03
 0.142104D+03
 0.140996D+03
 0.144090D+03
 0.142439D+03
 0.141075D+03
 0.142816D+03
 0.143508D+03
 0.143350D+03
 0.140448D+03
 0.140732D+03
 0.139441D+03
 0.142485D+03
 0.140954D+03
 0.139622D+03
 0.141273D+03
 0.142010D+03
 0.141640D+03
 0.138911D+03
 0.139071D+03
 0.137769D+03
 0.140662D+03
 0.139039D+03
 0.137912D+03
 0.139559D+03
 0.140225D+03
 0.140110D+03
 0.137279D+03
 0.137557D+03
 0.135996D+03
 0.139080D+03
 0.137462D+03
 0.136636D+03
 0.137957D+03
 0.138942D+03
 0.138590D+03
 0.135671D+03
 0.135817D+03
 0.134746D+03
 0.137826D+03
 0.135889D+03
 0.135108D+03
 0.136786D+03
 0.137487D+03
 0.137185D+03
 0.134649D+03
 0.134282D+03
 0.133683D+03
 0.136376D+03
 0.134935D+03
 0.134074D+03
 0.135437D+03
 0.136146D+03
 0.136087D+03
 0.133705D+03
 0.133711D+03
 0.133073D+03
 0.135422D+03
 0.134306D+03
 0.133425D+03
 0.134759D+03
 0.135517D+03
 0.135393D+03
 0.133260D+03
 0.133226D+03
 0.132634D+03
 0.135173D+03
 0.133692D+03
 0.132776D+03
 0.134165D+03
 0.134951D+03
 0.134907D+03
 0.132983D+03
 0.132778D+03
 0.132360D+03
 0.134950D+03
 0.133402D+03
 0.132457D+03
 0.133845D+03
 0.134780D+03
 0.134535D+03
 0.133050D+03
 0.132857D+03
 0.132060D+03
 0.134648D+03
 0.133383D+03
 0.132694D+03
 0.133431D+03
 0.134609D+03
 0.134349D+03
 0.132667D+03
 0.132799D+03
 0.132123D+03
 0.134344D+03
 0.133129D+03
 0.132179D+03
 0.133256D+03
 0.134412D+03
 0.134175D+03
 0.132233D+03
 0.132666D+03
 0.131878D+03
 0.134414D+03
 0.133195D+03
 0.132202D+03
 0.133222D+03
 0.134447D+03
 0.134071D+03
 0.132418D+03
 0.132745D+03
 0.131927D+03
 0.134231D+03
 0.133150D+03
 0.132525D+03
 0.133300D+03
 0.134439D+03
 0.133817D+03
 0.132043D+03
 0.132344D+03
 0.131994D+03
 0.134302D+03
 0.132988D+03
 0.132370D+03
 0.133647D+03
 0.134468D+03
 0.133808D+03
 0.132254D+03
 0.132278D+03
 0.132257D+03
 0.134809D+03
 0.133297D+03
 0.132407D+03
 0.133821D+03
 0.134876D+03
 0.134119D+03
 0.132270D+03
 0.132370D+03
 0.132676D+03
 0.135306D+03
 0.133658D+03
 0.132825D+03
 0.134221D+03
 0.135006D+03
 0.134236D+03
 0.132379D+03
 0.132344D+03
 0.133135D+03
 0.135689D+03
 0.134354D+03
 0.133206D+03
 0.134418D+03
 0.135628D+03
 0.134804D+03
 0.132695D+03
 0.132479D+03
 0.133310D+03
 0.136365D+03
 0.134900D+03
 0.133277D+03
 0.134767D+03
 0.135718D+03
 0.135144D+03
 0.132684D+03
 0.132983D+03
 0.133605D+03
 0.136716D+03
 0.135125D+03
 0.133896D+03
 0.135263D+03
 0.136334D+03
 0.135415D+03
 0.132955D+03
 0.133095D+03
 0.133689D+03
 0.136551D+03
 0.135093D+03
 0.134157D+03
 0.135570D+03
 0.136632D+03
 0.135863D+03
 0.133711D+03
 0.133444D+03
 0.133613D+03
 0.136240D+03
 0.134701D+03
 0.134876D+03
 0.136066D+03
 0.136944D+03
 0.136655D+03
 0.133959D+03
 0.134076D+03
 0.134063D+03
 0.135029D+03
 0.135370D+03
 0.136804D+03
 0.137558D+03
 0.137282D+03
 0.134863D+03
 0.134799D+03
 0.135545D+03
 0.136590D+03
 0.136107D+03
 0.137392D+03
 0.138482D+03
 0.138217D+03
 0.136113D+03
 0.135737D+03
 0.136407D+03
 0.139918D+03
 0.137306D+03
 0.137054D+03
 0.138519D+03
 0.139394D+03
 0.139326D+03
 0.137125D+03
 0.136544D+03
 0.137447D+03
 0.141017D+03
 0.138529D+03
 0.138305D+03
 0.139541D+03
 0.140418D+03
 0.140724D+03
 0.138688D+03
 0.137512D+03
 0.138780D+03
 0.142126D+03
 0.139928D+03
 0.139413D+03
 0.140611D+03
 0.141715D+03
 0.141725D+03
 0.140024D+03
 0.138692D+03
 0.140056D+03
 0.143072D+03
 0.141225D+03
 0.140594D+03
 0.141730D+03
 0.142618D+03
 0.142758D+03
 0.141417D+03
 0.139794D+03
 0.141181D+03
 0.144153D+03
 0.142550D+03
 0.141798D+03
 0.142715D+03
 0.143809D+03
 0.143336D+03
 0.142100D+03
 0.140929D+03
 0.141889D+03
 0.144918D+03
 0.143536D+03
 0.142271D+03
 0.143512D+03
 0.144648D+03
 0.144301D+03
 0.143300D+03
 0.142538D+03
 0.142522D+03
 0.145388D+03
 0.144063D+03
 0.143092D+03
 0.144188D+03
 0.145268D+03
 0.144762D+03
 0.143457D+03
 0.143011D+03
 0.143054D+03
 0.145714D+03
 0.144512D+03
 0.143613D+03
 0.144677D+03
 0.145890D+03
 0.145482D+03
 0.143707D+03
 0.143333D+03
 0.143348D+03
 0.146081D+03
 0.144568D+03
 0.143528D+03
 0.144859D+03
 0.145923D+03
 0.145838D+03
 0.143850D+03
 0.143432D+03
 0.143183D+03
 0.145862D+03
 0.144723D+03
 0.143764D+03
 0.144878D+03
 0.145770D+03
 0.145595D+03
 0.143753D+03
 0.143593D+03
 0.143051D+03
 0.145932D+03
 0.144524D+03
 0.143412D+03
 0.144762D+03
 0.145604D+03
 0.145346D+03
 0.143463D+03
 0.143490D+03
 0.142771D+03
 0.145626D+03
 0.143939D+03
 0.142676D+03
 0.144410D+03
 0.145314D+03
 0.145152D+03
 0.142801D+03
 0.142928D+03
 0.141856D+03
 0.145023D+03
 0.143577D+03
 0.142159D+03
 0.143436D+03
 0.144478D+03
 0.144395D+03
 0.142101D+03
 0.141898D+03
 0.140878D+03
 0.143905D+03
 0.142356D+03
 0.141028D+03
 0.142528D+03
 0.143334D+03
 0.142933D+03
 0.140544D+03
 0.140580D+03
 0.139475D+03
 0.142720D+03
 0.140785D+03
 0.139525D+03
 0.141149D+03
 0.141941D+03
 0.141759D+03
 0.138883D+03
 0.139014D+03
 0.137675D+03
 0.140890D+03
 0.139126D+03
 0.137993D+03
 0.139553D+03
 0.140297D+03
 0.140170D+03
 0.137298D+03
 0.137397D+03
 0.136240D+03
 0.139078D+03
 0.137363D+03
 0.136391D+03
 0.138049D+03
 0.138893D+03
 0.138695D+03
 0.135993D+03
 0.136011D+03
 0.134645D+03
 0.137656D+03
 0.135926D+03
 0.135015D+03
 0.136429D+03
 0.137566D+03
 0.137216D+03
 0.134641D+03
 0.134555D+03
 0.133611D+03
 0.136543D+03
 0.135037D+03
 0.134031D+03
 0.135357D+03
 0.136311D+03
 0.136155D+03
 0.133780D+03
 0.133844D+03
 0.132841D+03
 0.135571D+03
 0.134204D+03
 0.133396D+03
 0.134387D+03
 0.135496D+03
 0.135209D+03
 0.133268D+03
 0.133272D+03
 0.132397D+03
 0.135348D+03
 0.133583D+03
 0.132736D+03
 0.133825D+03
 0.135068D+03
 0.134834D+03
 0.133004D+03
 0.132880D+03
 0.132119D+03
 0.134798D+03
 0.133486D+03
 0.132537D+03
 0.133594D+03
 0.134570D+03
 0.134631D+03
 0.132887D+03
 0.133051D+03
 0.131895D+03
 0.134665D+03
 0.133266D+03
 0.132213D+03
 0.133258D+03
 0.134449D+03
 0.134464D+03
 0.132588D+03
 0.132911D+03
 0.131723D+03
 0.134433D+03
 0.133027D+03
 0.132197D+03
 0.133295D+03
 0.134154D+03
 0.134132D+03
 0.132355D+03
 0.132668D+03
 0.131672D+03
 0.134249D+03
 0.133163D+03
 0.132191D+03
 0.132975D+03
 0.134192D+03
 0.133785D+03
 0.132305D+03
 0.132556D+03
 0.131616D+03
 0.133997D+03
 0.132749D+03
 0.132018D+03
 0.133208D+03
 0.134295D+03
 0.133730D+03
 0.132350D+03
 0.132306D+03
 0.131483D+03
 0.134326D+03
 0.132845D+03
 0.132184D+03
 0.133414D+03
 0.134322D+03
 0.133874D+03
 0.131973D+03
 0.132237D+03
 0.132022D+03
 0.134663D+03
 0.133124D+03
 0.132400D+03
 0.133464D+03
 0.134659D+03
 0.133927D+03
 0.132234D+03
 0.132179D+03
 0.132416D+03
 0.135214D+03
 0.133554D+03
 0.132553D+03
 0.133997D+03
 0.134725D+03
 0.134295D+03
 0.132284D+03
 0.132448D+03
 0.132695D+03
 0.135714D+03
 0.134112D+03
 0.132951D+03
 0.134152D+03
 0.135451D+03
 0.134610D+03
 0.132501D+03
 0.132615D+03
 0.133195D+03
 0.136437D+03
 0.134596D+03
 0.133297D+03
 0.134593D+03
 0.135785D+03
 0.135181D+03
 0.132776D+03
 0.132880D+03
 0.133693D+03
 0.136527D+03
 0.134966D+03
 0.133754D+03
 0.135105D+03
 0.136162D+03
 0.135429D+03
 0.133193D+03
 0.133317D+03
 0.133931D+03
 0.136812D+03
 0.134888D+03
 0.134175D+03
 0.135569D+03
 0.136431D+03
 0.136066D+03
 0.133490D+03
 0.133818D+03
 0.133740D+03
 0.136441D+03
 0.134787D+03
 0.134675D+03
 0.136086D+03
 0.136987D+03
 0.136522D+03
 0.134344D+03
 0.134264D+03
 0.134176D+03
 0.135325D+03
 0.135429D+03
 0.136541D+03
 0.137766D+03
 0.137425D+03
 0.134988D+03
 0.134709D+03
 0.135634D+03
 0.136498D+03
 0.136315D+03
 0.137306D+03
 0.138361D+03
 0.138420D+03
 0.136231D+03
 0.135631D+03
 0.136573D+03
 0.140063D+03
 0.137417D+03
 0.137171D+03
 0.138282D+03
 0.139208D+03
 0.139454D+03
 0.137593D+03
 0.136575D+03
 0.137422D+03
 0.141402D+03
 0.138403D+03
 0.138374D+03
 0.139387D+03
 0.140327D+03
 0.140464D+03
 0.138699D+03
 0.137697D+03
 0.138857D+03
 0.141947D+03
 0.140001D+03
 0.139295D+03
 0.140424D+03
 0.141443D+03
 0.141577D+03
 0.139915D+03
 0.138444D+03
 0.139949D+03
 0.143223D+03
 0.141265D+03
 0.140622D+03
 0.141633D+03
 0.142822D+03
 0.142843D+03
 0.141095D+03
 0.139644D+03
 0.141150D+03
 0.144263D+03
 0.142203D+03
 0.141434D+03
 0.142435D+03
 0.143483D+03
 0.143232D+03
 0.141999D+03
 0.140770D+03
 0.141771D+03
 0.144794D+03
 0.143292D+03
 0.142451D+03
 0.143160D+03
 0.144483D+03
 0.144313D+03
 0.143154D+03
 0.142489D+03
 0.142190D+03
 0.145490D+03
 0.143904D+03
 0.142817D+03
 0.143861D+03
 0.144685D+03
 0.144598D+03
 0.143278D+03
 0.142982D+03
 0.142653D+03
 0.145581D+03
 0.144243D+03
 0.143172D+03
 0.144217D+03
 0.145247D+03
 0.145276D+03
 0.143970D+03
 0.143391D+03
 0.142736D+03
 0.145783D+03
 0.144166D+03
 0.143330D+03
 0.144665D+03
 0.145408D+03
 0.145339D+03
 0.143867D+03
 0.143447D+03
 0.142896D+03
 0.145719D+03
 0.144247D+03
 0.143198D+03
 0.144676D+03
 0.145743D+03
 0.145327D+03
 0.143924D+03
 0.143563D+03
 0.142714D+03
 0.145672D+03
 0.144319D+03
 0.143074D+03
 0.144710D+03
 0.145502D+03
 0.145472D+03
 0.143336D+03
 0.143151D+03
 0.142410D+03
 0.145434D+03
 0.143947D+03
 0.142601D+03
 0.144117D+03
 0.145228D+03
 0.144839D+03
 0.142935D+03
 0.142777D+03
 0.141713D+03
 0.144793D+03
 0.143235D+03
 0.142034D+03
 0.143425D+03
 0.144394D+03
 0.144024D+03
 0.141971D+03
 0.141977D+03
 0.140831D+03
 0.143965D+03
 0.142303D+03
 0.140776D+03
 0.142492D+03
 0.143175D+03
 0.143072D+03
 0.140642D+03
 0.140526D+03
 0.139260D+03
 0.142779D+03
 0.140648D+03
 0.139415D+03
 0.140911D+03
 0.141978D+03
 0.141779D+03
 0.138845D+03
 0.139182D+03
 0.137783D+03
 0.141036D+03
 0.139018D+03
 0.137945D+03
 0.139275D+03
 0.140431D+03
 0.140110D+03
 0.137504D+03
 0.137542D+03
 0.135906D+03
 0.139473D+03
 0.137374D+03
 0.136338D+03
 0.137875D+03
 0.138788D+03
 0.138631D+03
 0.135979D+03
 0.135791D+03
 0.134538D+03
 0.137731D+03
 0.135986D+03
 0.135146D+03
 0.136357D+03
 0.137408D+03
 0.137017D+03
 0.134687D+03
 0.134681D+03
 0.133276D+03
 0.136418D+03
 0.134628D+03
 0.133873D+03
 0.134928D+03
 0.136141D+03
 0.136048D+03
 0.133681D+03
 0.133502D+03
 0.132703D+03
 0.135566D+03
 0.131808D+03
 0.130944D+03
 0.132061D+03
 0.135218D+03
 0.135042D+03
 0.130822D+03
 0.131203D+03
 0.131969D+03
 0.135061D+03
 0.133307D+03
 0.132655D+03
 0.133672D+03
 0.134688D+03
 0.134571D+03
 0.132837D+03
 0.132861D+03
 0.131797D+03
 0.134886D+03
 0.133068D+03
 0.132364D+03
 0.133223D+03
 0.134184D+03
 0.134386D+03
 0.132873D+03
 0.132754D+03
 0.131794D+03
 0.134661D+03
 0.132907D+03
 0.132146D+03
 0.133098D+03
 0.134223D+03
 0.134292D+03
 0.132531D+03
 0.132672D+03
 0.131387D+03
 0.134275D+03
 0.132880D+03
 0.131935D+03
 0.133072D+03
 0.134272D+03
 0.134082D+03
 0.132312D+03
 0.132796D+03
 0.131385D+03
 0.134018D+03
 0.132450D+03
 0.131922D+03
 0.133001D+03
 0.134076D+03
 0.133699D+03
 0.132185D+03
 0.132399D+03
 0.131345D+03
 0.133909D+03
 0.132393D+03
 0.131786D+03
 0.132664D+03
 0.134094D+03
 0.133567D+03
 0.132007D+03
 0.132093D+03
 0.131438D+03
 0.134293D+03
 0.132520D+03
 0.131903D+03
 0.133090D+03
 0.134134D+03
 0.133543D+03
 0.132224D+03
 0.132053D+03
 0.131624D+03
 0.134466D+03
 0.132749D+03
 0.132183D+03
 0.132990D+03
 0.134373D+03
 0.134037D+03
 0.132166D+03
 0.132060D+03
 0.132083D+03
 0.135014D+03
 0.133315D+03
 0.132503D+03
 0.133389D+03
 0.134579D+03
 0.134234D+03
 0.132148D+03
 0.132257D+03
 0.132391D+03
 0.135774D+03
 0.133758D+03
 0.132754D+03
 0.134007D+03
 0.135323D+03
 0.134707D+03
 0.132620D+03
 0.132593D+03
 0.133147D+03
 0.136459D+03
 0.134514D+03
 0.133295D+03
 0.134434D+03
 0.135514D+03
 0.135034D+03
 0.132829D+03
 0.132961D+03
 0.133462D+03
 0.136643D+03
 0.134974D+03
 0.133660D+03
 0.134998D+03
 0.136195D+03
 0.135506D+03
 0.133181D+03
 0.133248D+03
 0.133856D+03
 0.136745D+03
 0.135175D+03
 0.134474D+03
 0.135587D+03
 0.136517D+03
 0.136331D+03
 0.133672D+03
 0.133860D+03
 0.133800D+03
 0.136813D+03
 0.134849D+03
 0.134923D+03
 0.135999D+03
 0.137025D+03
 0.136904D+03
 0.134098D+03
 0.134329D+03
 0.134149D+03
 0.135052D+03
 0.135448D+03
 0.136575D+03
 0.137549D+03
 0.137651D+03
 0.135024D+03
 0.134929D+03
 0.135810D+03
 0.136366D+03
 0.136032D+03
 0.137157D+03
 0.138076D+03
 0.138253D+03
 0.135994D+03
 0.135825D+03
 0.136649D+03
 0.140181D+03
 0.137446D+03
 0.137392D+03
 0.138032D+03
 0.139213D+03
 0.139433D+03
 0.137307D+03
 0.136566D+03
 0.137275D+03
 0.141274D+03
 0.138443D+03
 0.138141D+03
 0.138928D+03
 0.140226D+03
 0.140657D+03
 0.138808D+03
 0.137703D+03
 0.138458D+03
 0.142239D+03
 0.139419D+03
 0.139294D+03
 0.140065D+03
 0.141331D+03
 0.141439D+03
 0.139755D+03
 0.138385D+03
 0.139746D+03
 0.143021D+03
 0.140745D+03
 0.140189D+03
 0.141005D+03
 0.142273D+03
 0.142348D+03
 0.141042D+03
 0.139535D+03
 0.140486D+03
 0.143746D+03
 0.142081D+03
 0.141133D+03
 0.142005D+03
 0.143329D+03
 0.143010D+03
 0.141873D+03
 0.140721D+03
 0.141310D+03
 0.144428D+03
 0.142873D+03
 0.141875D+03
 0.142690D+03
 0.144055D+03
 0.144050D+03
 0.142636D+03
 0.142351D+03
 0.141797D+03
 0.145166D+03
 0.143455D+03
 0.142542D+03
 0.143403D+03
 0.144481D+03
 0.144444D+03
 0.143033D+03
 0.142826D+03
 0.142372D+03
 0.145400D+03
 0.143955D+03
 0.142947D+03
 0.143872D+03
 0.145023D+03
 0.144995D+03
 0.143817D+03
 0.143298D+03
 0.142649D+03
 0.145593D+03
 0.144152D+03
 0.143166D+03
 0.144017D+03
 0.145286D+03
 0.145240D+03
 0.143661D+03
 0.143233D+03
 0.142712D+03
 0.145787D+03
 0.144135D+03
 0.143215D+03
 0.144197D+03
 0.145302D+03
 0.145135D+03
 0.143567D+03
 0.143591D+03
 0.142584D+03
 0.145691D+03
 0.143989D+03
 0.143052D+03
 0.143974D+03
 0.145398D+03
 0.145450D+03
 0.143407D+03
 0.143266D+03
 0.142416D+03
 0.145565D+03
 0.143754D+03
 0.142728D+03
 0.143644D+03
 0.144798D+03
 0.144684D+03
 0.142690D+03
 0.142702D+03
 0.141791D+03
 0.144919D+03
 0.143064D+03
 0.141835D+03
 0.143203D+03
 0.144318D+03
 0.144343D+03
 0.141777D+03
 0.142053D+03
 0.140593D+03
 0.144136D+03
 0.142267D+03
 0.140872D+03
 0.142419D+03
 0.143191D+03
 0.143251D+03
 0.140466D+03
 0.140756D+03
 0.139515D+03
 0.142762D+03
 0.140606D+03
 0.139573D+03
 0.140680D+03
 0.141800D+03
 0.141912D+03
 0.139160D+03
 0.139303D+03
 0.137667D+03
 0.141298D+03
 0.139170D+03
 0.137895D+03
 0.139445D+03
 0.140448D+03
 0.140251D+03
 0.137538D+03
 0.137609D+03
 0.135923D+03
 0.139360D+03
 0.137214D+03
 0.136275D+03
 0.137496D+03
 0.138416D+03
 0.138534D+03
 0.135855D+03
 0.135840D+03
 0.134245D+03
 0.137589D+03
 0.135606D+03
 0.134550D+03
 0.133952D+03
 0.137048D+03
 0.135266D+03
 0.134370D+03
 0.132778D+03
 0.131094D+03
 0.134304D+03
 0.132196D+03
 0.131615D+03
 0.132309D+03
 0.133466D+03
 0.134224D+03
 0.131108D+03
 0.131945D+03
 0.130231D+03
 0.133281D+03
 0.131442D+03
 0.130919D+03
 0.131714D+03
 0.132876D+03
 0.133503D+03
 0.130429D+03
 0.131356D+03
 0.129965D+03
 0.132746D+03
 0.131018D+03
 0.130974D+03
 0.132068D+03
 0.132327D+03
 0.132795D+03
 0.130104D+03
 0.131195D+03
 0.129297D+03
 0.132760D+03
 0.131093D+03
 0.131749D+03
 0.132593D+03
 0.132069D+03
 0.133877D+03
 0.132086D+03
 0.132503D+03
 0.131510D+03
 0.134320D+03
 0.132811D+03
 0.131816D+03
 0.132795D+03
 0.134083D+03
 0.133778D+03
 0.132243D+03
 0.132577D+03
 0.131315D+03
 0.134177D+03
 0.132535D+03
 0.131814D+03
 0.132681D+03
 0.133831D+03
 0.133724D+03
 0.132282D+03
 0.132636D+03
 0.131235D+03
 0.133817D+03
 0.132290D+03
 0.131763D+03
 0.132639D+03
 0.133662D+03
 0.133654D+03
 0.131961D+03
 0.132329D+03
 0.130983D+03
 0.133858D+03
 0.132149D+03
 0.131695D+03
 0.132599D+03
 0.133564D+03
 0.133695D+03
 0.132076D+03
 0.131979D+03
 0.131366D+03
 0.134050D+03
 0.132468D+03
 0.131788D+03
 0.132690D+03
 0.133850D+03
 0.133647D+03
 0.131805D+03
 0.132125D+03
 0.131541D+03
 0.134382D+03
 0.132453D+03
 0.132057D+03
 0.132912D+03
 0.134143D+03
 0.133878D+03
 0.131913D+03
 0.132324D+03
 0.132043D+03
 0.135019D+03
 0.133211D+03
 0.132189D+03
 0.133508D+03
 0.134700D+03
 0.134145D+03
 0.132177D+03
 0.132316D+03
 0.132477D+03
 0.135633D+03
 0.133888D+03
 0.132823D+03
 0.133870D+03
 0.135126D+03
 0.134526D+03
 0.132560D+03
 0.132731D+03
 0.133249D+03
 0.136401D+03
 0.134541D+03
 0.133274D+03
 0.134316D+03
 0.135483D+03
 0.135210D+03
 0.133045D+03
 0.133030D+03
 0.133640D+03
 0.136638D+03
 0.135003D+03
 0.133806D+03
 0.134945D+03
 0.136109D+03
 0.135693D+03
 0.133138D+03
 0.133441D+03
 0.134007D+03
 0.136912D+03
 0.135076D+03
 0.134453D+03
 0.135216D+03
 0.136414D+03
 0.136272D+03
 0.133813D+03
 0.133994D+03
 0.133864D+03
 0.136790D+03
 0.134711D+03
 0.134764D+03
 0.135840D+03
 0.137039D+03
 0.136641D+03
 0.134181D+03
 0.134238D+03
 0.133769D+03
 0.134759D+03
 0.135124D+03
 0.136215D+03
 0.137427D+03
 0.137355D+03
 0.134853D+03
 0.134668D+03
 0.135572D+03
 0.136076D+03
 0.135769D+03
 0.136664D+03
 0.137687D+03
 0.138054D+03
 0.135669D+03
 0.135080D+03
 0.136542D+03
 0.139931D+03
 0.137356D+03
 0.136607D+03
 0.137439D+03
 0.138556D+03
 0.138968D+03
 0.136799D+03
 0.136223D+03
 0.136688D+03
 0.140674D+03
 0.137680D+03
 0.137740D+03
 0.138211D+03
 0.139620D+03
 0.139938D+03
 0.138049D+03
 0.137004D+03
 0.137669D+03
 0.141449D+03
 0.138890D+03
 0.138580D+03
 0.139209D+03
 0.140582D+03
 0.140801D+03
 0.139089D+03
 0.138052D+03
 0.138798D+03
 0.142425D+03
 0.140157D+03
 0.139650D+03
 0.140245D+03
 0.141776D+03
 0.141750D+03
 0.140360D+03
 0.139137D+03
 0.139786D+03
 0.143243D+03
 0.141335D+03
 0.140552D+03
 0.141382D+03
 0.142712D+03
 0.142435D+03
 0.141241D+03
 0.140459D+03
 0.140878D+03
 0.144205D+03
 0.142474D+03
 0.141428D+03
 0.142199D+03
 0.143490D+03
 0.143646D+03
 0.142221D+03
 0.141805D+03
 0.141549D+03
 0.144754D+03
 0.143274D+03
 0.142218D+03
 0.142793D+03
 0.144499D+03
 0.144294D+03
 0.142871D+03
 0.142555D+03
 0.142115D+03
 0.145228D+03
 0.143541D+03
 0.142725D+03
 0.143245D+03
 0.144810D+03
 0.144807D+03
 0.143394D+03
 0.143025D+03
 0.142527D+03
 0.145483D+03
 0.143868D+03
 0.142882D+03
 0.143904D+03
 0.145033D+03
 0.145177D+03
 0.143538D+03
 0.143247D+03
 0.142607D+03
 0.145498D+03
 0.144059D+03
 0.143054D+03
 0.144028D+03
 0.145097D+03
 0.145124D+03
 0.143697D+03
 0.143288D+03
 0.142737D+03
 0.145739D+03
 0.143702D+03
 0.142911D+03
 0.143798D+03
 0.145206D+03
 0.145253D+03
 0.143074D+03
 0.143470D+03
 0.142498D+03
 0.145566D+03
 0.143775D+03
 0.142692D+03
 0.143861D+03
 0.144758D+03
 0.144749D+03
 0.142620D+03
 0.142707D+03
 0.141828D+03
 0.145093D+03
 0.143267D+03
 0.141922D+03
 0.143089D+03
 0.144038D+03
 0.144299D+03
 0.141728D+03
 0.141800D+03
 0.140774D+03
 0.144246D+03
 0.142213D+03
 0.140996D+03
 0.142195D+03
 0.143278D+03
 0.143288D+03
 0.140397D+03
 0.140660D+03
 0.139547D+03
 0.142866D+03
 0.140856D+03
 0.139591D+03
 0.141003D+03
 0.141932D+03
 0.141752D+03
 0.139048D+03
 0.139108D+03
 0.137669D+03
 0.141408D+03
 0.138942D+03
 0.137961D+03
 0.139065D+03
 0.140327D+03
 0.139924D+03
 0.137221D+03
 0.137486D+03
 0.133849D+03
 0.137339D+03
 0.135269D+03
 0.134319D+03
 0.135610D+03
 0.136379D+03
 0.136666D+03
 0.133130D+03
 0.134185D+03
 0.132152D+03
 0.135342D+03
 0.133132D+03
 0.132694D+03
 0.133666D+03
 0.134223D+03
 0.134911D+03
 0.131735D+03
 0.132515D+03
 0.130724D+03
 0.134003D+03
 0.131932D+03
 0.131108D+03
 0.132132D+03
 0.133267D+03
 0.133828D+03
 0.130727D+03
 0.131355D+03
 0.129724D+03
 0.132934D+03
 0.131023D+03
 0.130352D+03
 0.131249D+03
 0.132167D+03
 0.132807D+03
 0.129815D+03
 0.131051D+03
 0.129367D+03
 0.132108D+03
 0.130607D+03
 0.129998D+03
 0.130319D+03
 0.131509D+03
 0.132436D+03
 0.129727D+03
 0.130254D+03
 0.128752D+03
 0.131331D+03
 0.130083D+03
 0.130086D+03
 0.131676D+03
 0.130997D+03
 0.132988D+03
 0.129290D+03
 0.130267D+03
 0.130854D+03
 0.133969D+03
 0.132166D+03
 0.131370D+03
 0.132241D+03
 0.133257D+03
 0.133680D+03
 0.131739D+03
 0.132382D+03
 0.131058D+03
 0.133914D+03
 0.132077D+03
 0.131707D+03
 0.132134D+03
 0.133509D+03
 0.133441D+03
 0.131965D+03
 0.132314D+03
 0.131007D+03
 0.133722D+03
 0.132175D+03
 0.131584D+03
 0.132190D+03
 0.133447D+03
 0.133398D+03
 0.131741D+03
 0.132313D+03
 0.130886D+03
 0.133929D+03
 0.131882D+03
 0.131428D+03
 0.132153D+03
 0.133545D+03
 0.133521D+03
 0.131771D+03
 0.132125D+03
 0.131109D+03
 0.133940D+03
 0.132293D+03
 0.131595D+03
 0.132484D+03
 0.133884D+03
 0.133595D+03
 0.131760D+03
 0.131827D+03
 0.131486D+03
 0.134404D+03
 0.132405D+03
 0.131706D+03
 0.132776D+03
 0.134052D+03
 0.133928D+03
 0.131861D+03
 0.132172D+03
 0.132142D+03
 0.135000D+03
 0.133217D+03
 0.132529D+03
 0.133098D+03
 0.134528D+03
 0.134173D+03
 0.132201D+03
 0.132588D+03
 0.132677D+03
 0.135875D+03
 0.133685D+03
 0.132859D+03
 0.133828D+03
 0.135189D+03
 0.134689D+03
 0.132494D+03
 0.132616D+03
 0.133364D+03
 0.136407D+03
 0.134303D+03
 0.133441D+03
 0.134464D+03
 0.135492D+03
 0.135221D+03
 0.132618D+03
 0.132976D+03
 0.133647D+03
 0.137058D+03
 0.134701D+03
 0.134222D+03
 0.135020D+03
 0.136067D+03
 0.135576D+03
 0.132995D+03
 0.133638D+03
 0.133805D+03
 0.136950D+03
 0.135001D+03
 0.134268D+03
 0.135218D+03
 0.136317D+03
 0.136017D+03
 0.133553D+03
 0.133717D+03
 0.133495D+03
 0.136657D+03
 0.134128D+03
 0.134382D+03
 0.135325D+03
 0.136647D+03
 0.136457D+03
 0.133709D+03
 0.133735D+03
 0.133391D+03
 0.134641D+03
 0.134693D+03
 0.135437D+03
 0.136649D+03
 0.136720D+03
 0.134218D+03
 0.134357D+03
 0.139227D+03
 0.142697D+03
 0.140558D+03
 0.140121D+03
 0.140507D+03
 0.142000D+03
 0.141786D+03
 0.140563D+03
 0.139856D+03
 0.140658D+03
 0.143604D+03
 0.141872D+03
 0.141100D+03
 0.141656D+03
 0.143061D+03
 0.142923D+03
 0.141639D+03
 0.141687D+03
 0.141254D+03
 0.144436D+03
 0.142577D+03
 0.142045D+03
 0.142416D+03
 0.143923D+03
 0.143971D+03
 0.142406D+03
 0.142306D+03
 0.142005D+03
 0.145023D+03
 0.143233D+03
 0.142582D+03
 0.143203D+03
 0.144761D+03
 0.144684D+03
 0.143242D+03
 0.142886D+03
 0.142425D+03
 0.145532D+03
 0.143599D+03
 0.143173D+03
 0.143804D+03
 0.145192D+03
 0.145153D+03
 0.143424D+03
 0.143237D+03
 0.142754D+03
 0.145456D+03
 0.144075D+03
 0.143257D+03
 0.143772D+03
 0.145141D+03
 0.145416D+03
 0.143440D+03
 0.143468D+03
 0.142554D+03
 0.145974D+03
 0.144007D+03
 0.142905D+03
 0.143865D+03
 0.145177D+03
 0.145521D+03
 0.143068D+03
 0.143562D+03
 0.142597D+03
 0.145419D+03
 0.143710D+03
 0.142802D+03
 0.143596D+03
 0.144901D+03
 0.145028D+03
 0.142755D+03
 0.142905D+03
 0.142133D+03
 0.145111D+03
 0.143268D+03
 0.141993D+03
 0.143169D+03
 0.144078D+03
 0.144361D+03
 0.141710D+03
 0.141957D+03
 0.141118D+03
 0.144487D+03
 0.142162D+03
 0.140915D+03
 0.142117D+03
 0.143113D+03
 0.143333D+03
 0.140415D+03
 0.140879D+03
 0.139169D+03
 0.142929D+03
 0.139014D+03
 0.137979D+03
 0.139181D+03
 0.141587D+03
 0.140373D+03
 0.136655D+03
 0.137786D+03
 0.135778D+03
 0.139381D+03
 0.137198D+03
 0.136253D+03
 0.137393D+03
 0.138122D+03
 0.138541D+03
 0.134714D+03
 0.135918D+03
 0.133542D+03
 0.136920D+03
 0.134706D+03
 0.134039D+03
 0.135062D+03
 0.135711D+03
 0.136158D+03
 0.132826D+03
 0.133693D+03
 0.130082D+03
 0.133230D+03
 0.131140D+03
 0.130721D+03
 0.131667D+03
 0.132288D+03
 0.133651D+03
 0.129711D+03
 0.131247D+03
 0.129180D+03
 0.132214D+03
 0.130325D+03
 0.129655D+03
 0.131531D+03
 0.131517D+03
 0.132770D+03
 0.129038D+03
 0.130734D+03
 0.128582D+03
 0.131443D+03
 0.129641D+03
 0.129027D+03
 0.130944D+03
 0.130744D+03
 0.132313D+03
 0.128677D+03
 0.130631D+03
 0.128041D+03
 0.130856D+03
 0.129231D+03
 0.128477D+03
 0.129086D+03
 0.130063D+03
 0.132241D+03
 0.129308D+03
 0.129618D+03
 0.130299D+03
 0.133143D+03
 0.131541D+03
 0.131065D+03
 0.131601D+03
 0.132883D+03
 0.133099D+03
 0.131302D+03
 0.131887D+03
 0.130526D+03
 0.133568D+03
 0.131906D+03
 0.131038D+03
 0.131776D+03
 0.133264D+03
 0.133216D+03
 0.131452D+03
 0.132268D+03
 0.130517D+03
 0.133356D+03
 0.131620D+03
 0.131069D+03
 0.131864D+03
 0.133223D+03
 0.133111D+03
 0.131413D+03
 0.132008D+03
 0.130905D+03
 0.133568D+03
 0.131714D+03
 0.131416D+03
 0.132025D+03
 0.133342D+03
 0.133150D+03
 0.131373D+03
 0.132079D+03
 0.131048D+03
 0.134073D+03
 0.131858D+03
 0.131709D+03
 0.132295D+03
 0.133557D+03
 0.133422D+03
 0.131623D+03
 0.132004D+03
 0.131331D+03
 0.134476D+03
 0.132304D+03
 0.131875D+03
 0.132654D+03
 0.134017D+03
 0.133692D+03
 0.131698D+03
 0.132127D+03
 0.132271D+03
 0.134944D+03
 0.132890D+03
 0.132428D+03
 0.133234D+03
 0.134479D+03
 0.134315D+03
 0.132010D+03
 0.132244D+03
 0.132751D+03
 0.135868D+03
 0.133818D+03
 0.132998D+03
 0.133729D+03
 0.134932D+03
 0.134605D+03
 0.132320D+03
 0.132780D+03
 0.133431D+03
 0.136593D+03
 0.134362D+03
 0.133432D+03
 0.134155D+03
 0.135552D+03
 0.135047D+03
 0.132751D+03
 0.133100D+03
 0.133700D+03
 0.136830D+03
 0.134920D+03
 0.133875D+03
 0.134823D+03
 0.135844D+03
 0.135587D+03
 0.133130D+03
 0.133355D+03
 0.133417D+03
 0.136539D+03
 0.134543D+03
 0.133882D+03
 0.134593D+03
 0.135863D+03
 0.135609D+03
 0.132878D+03
 0.133305D+03
 0.132595D+03
 0.136163D+03
 0.133416D+03
 0.133788D+03
 0.134729D+03
 0.135760D+03
 0.135614D+03
 0.133038D+03
 0.133182D+03
 0.132382D+03
 0.133756D+03
 0.134019D+03
 0.134808D+03
 0.135875D+03
 0.135964D+03
 0.133379D+03
 0.133508D+03
 0.138821D+03
 0.141993D+03
 0.139827D+03
 0.139266D+03
 0.139692D+03
 0.141156D+03
 0.141292D+03
 0.140091D+03
 0.139304D+03
 0.140063D+03
 0.143247D+03
 0.141334D+03
 0.140619D+03
 0.141052D+03
 0.142418D+03
 0.142443D+03
 0.141109D+03
 0.140911D+03
 0.141161D+03
 0.144421D+03
 0.142390D+03
 0.141855D+03
 0.142430D+03
 0.143842D+03
 0.144061D+03
 0.142481D+03
 0.142266D+03
 0.141959D+03
 0.145033D+03
 0.143351D+03
 0.142669D+03
 0.142919D+03
 0.144465D+03
 0.144613D+03
 0.143157D+03
 0.142959D+03
 0.142615D+03
 0.145515D+03
 0.143579D+03
 0.143136D+03
 0.143778D+03
 0.144990D+03
 0.145323D+03
 0.143460D+03
 0.143327D+03
 0.142735D+03
 0.145851D+03
 0.144134D+03
 0.143436D+03
 0.143998D+03
 0.145425D+03
 0.145561D+03
 0.143579D+03
 0.143712D+03
 0.142909D+03
 0.145905D+03
 0.144029D+03
 0.143028D+03
 0.144024D+03
 0.145192D+03
 0.145411D+03
 0.143234D+03
 0.143353D+03
 0.142431D+03
 0.145794D+03
 0.143682D+03
 0.142622D+03
 0.143532D+03
 0.144903D+03
 0.144989D+03
 0.142584D+03
 0.142901D+03
 0.142007D+03
 0.145288D+03
 0.143078D+03
 0.142052D+03
 0.143039D+03
 0.144267D+03
 0.144376D+03
 0.141556D+03
 0.141827D+03
 0.139065D+03
 0.142672D+03
 0.140386D+03
 0.139386D+03
 0.140250D+03
 0.141200D+03
 0.141681D+03
 0.137985D+03
 0.139210D+03
 0.137603D+03
 0.141344D+03
 0.138971D+03
 0.137927D+03
 0.138758D+03
 0.139663D+03
 0.141055D+03
 0.136197D+03
 0.138385D+03
 0.136742D+03
 0.140551D+03
 0.138095D+03
 0.137176D+03
 0.138020D+03
 0.139114D+03
 0.139133D+03
 0.136011D+03
 0.136432D+03
 0.129354D+03
 0.132438D+03
 0.130352D+03
 0.129610D+03
 0.130447D+03
 0.131585D+03
 0.131785D+03
 0.129896D+03
 0.130045D+03
 0.129410D+03
 0.132379D+03
 0.130419D+03
 0.129556D+03
 0.130276D+03
 0.131744D+03
 0.131914D+03
 0.130192D+03
 0.130589D+03
 0.129768D+03
 0.132746D+03
 0.130637D+03
 0.130234D+03
 0.130844D+03
 0.132152D+03
 0.132296D+03
 0.130433D+03
 0.131046D+03
 0.130061D+03
 0.133059D+03
 0.131388D+03
 0.130557D+03
 0.131212D+03
 0.132672D+03
 0.132797D+03
 0.130870D+03
 0.131571D+03
 0.130564D+03
 0.133242D+03
 0.131481D+03
 0.130790D+03
 0.131481D+03
 0.132990D+03
 0.132992D+03
 0.131208D+03
 0.131588D+03
 0.130500D+03
 0.133488D+03
 0.131609D+03
 0.131273D+03
 0.131854D+03
 0.133462D+03
 0.133174D+03
 0.131200D+03
 0.131643D+03
 0.130979D+03
 0.133824D+03
 0.132034D+03
 0.131518D+03
 0.132060D+03
 0.133339D+03
 0.133281D+03
 0.131343D+03
 0.131963D+03
 0.131411D+03
 0.134385D+03
 0.132190D+03
 0.131893D+03
 0.132551D+03
 0.134016D+03
 0.133712D+03
 0.131736D+03
 0.132087D+03
 0.132024D+03
 0.135093D+03
 0.132887D+03
 0.132297D+03
 0.133234D+03
 0.134382D+03
 0.134106D+03
 0.131976D+03
 0.132147D+03
 0.132718D+03
 0.135902D+03
 0.133694D+03
 0.132729D+03
 0.133647D+03
 0.135163D+03
 0.134727D+03
 0.132042D+03
 0.132750D+03
 0.133158D+03
 0.136398D+03
 0.134259D+03
 0.133218D+03
 0.133935D+03
 0.135408D+03
 0.135130D+03
 0.132465D+03
 0.132995D+03
 0.133585D+03
 0.136558D+03
 0.134537D+03
 0.133597D+03
 0.134411D+03
 0.135573D+03
 0.135534D+03
 0.132811D+03
 0.133169D+03
 0.132816D+03
 0.135765D+03
 0.133854D+03
 0.133001D+03
 0.134063D+03
 0.135029D+03
 0.134874D+03
 0.132123D+03
 0.132592D+03
 0.131475D+03
 0.135077D+03
 0.132573D+03
 0.132984D+03
 0.133677D+03
 0.135217D+03
 0.134835D+03
 0.132059D+03
 0.132561D+03
 0.141321D+03
 0.144523D+03
 0.142352D+03
 0.141883D+03
 0.142253D+03
 0.143820D+03
 0.144286D+03
 0.142521D+03
 0.142622D+03
 0.142097D+03
 0.145359D+03
 0.143473D+03
 0.142706D+03
 0.143162D+03
 0.144822D+03
 0.144873D+03
 0.143234D+03
 0.142897D+03
 0.142800D+03
 0.145709D+03
 0.143802D+03
 0.143455D+03
 0.143940D+03
 0.145233D+03
 0.145522D+03
 0.143668D+03
 0.143602D+03
 0.142998D+03
 0.145656D+03
 0.143948D+03
 0.143394D+03
 0.143983D+03
 0.145562D+03
 0.145737D+03
 0.143496D+03
 0.143604D+03
 0.142890D+03
 0.145965D+03
 0.144047D+03
 0.143242D+03
 0.144011D+03
 0.145503D+03
 0.145405D+03
 0.143042D+03
 0.143571D+03
 0.142505D+03
 0.145811D+03
 0.143485D+03
 0.142664D+03
 0.143366D+03
 0.144858D+03
 0.143894D+03
 0.142405D+03
 0.142532D+03
 0.140104D+03
 0.143498D+03
 0.141379D+03
 0.140546D+03
 0.141084D+03
 0.142427D+03
 0.142925D+03
 0.139132D+03
 0.140657D+03
 0.139849D+03
 0.143169D+03
 0.140981D+03
 0.140092D+03
 0.140888D+03
 0.141915D+03
 0.141868D+03
 0.138918D+03
 0.139412D+03
 0.130272D+03
 0.133206D+03
 0.131240D+03
 0.130632D+03
 0.131080D+03
 0.132500D+03
 0.132640D+03
 0.130777D+03
 0.131397D+03
 0.130447D+03
 0.133238D+03
 0.131475D+03
 0.130953D+03
 0.131690D+03
 0.133072D+03
 0.132809D+03
 0.131058D+03
 0.131718D+03
 0.130939D+03
 0.133587D+03
 0.131599D+03
 0.131360D+03
 0.131837D+03
 0.133315D+03
 0.133192D+03
 0.131009D+03
 0.131797D+03
 0.131347D+03
 0.134336D+03
 0.132156D+03
 0.131794D+03
 0.132288D+03
 0.133635D+03
 0.133576D+03
 0.131171D+03
 0.131784D+03
 0.132023D+03
 0.134917D+03
 0.132926D+03
 0.132116D+03
 0.132803D+03
 0.134045D+03
 0.133903D+03
 0.131477D+03
 0.132014D+03
 0.132287D+03
 0.135760D+03
 0.133528D+03
 0.132678D+03
 0.133326D+03
 0.134556D+03
 0.134425D+03
 0.131807D+03
 0.132281D+03
 0.132665D+03
 0.136158D+03
 0.133716D+03
 0.132919D+03
 0.133714D+03
 0.135002D+03
 0.134775D+03
 0.131818D+03
 0.132478D+03
 0.133058D+03
 0.136303D+03
 0.134259D+03
 0.133162D+03
 0.133765D+03
 0.135160D+03
 0.134972D+03
 0.132191D+03
 0.132641D+03
 0.131828D+03
 0.134958D+03
 0.133162D+03
 0.132214D+03
 0.133114D+03
 0.134227D+03
 0.134159D+03
 0.130978D+03
 0.131661D+03
 0.142460D+03
 0.145391D+03
 0.143453D+03
 0.143078D+03
 0.143394D+03
 0.145203D+03
 0.145186D+03
 0.143162D+03
 0.143138D+03
 0.142893D+03
 0.145854D+03
 0.143847D+03
 0.143301D+03
 0.143862D+03
 0.145402D+03
 0.145388D+03
 0.143449D+03
 0.143575D+03
 0.142925D+03
 0.145848D+03
 0.143930D+03
 0.143249D+03
 0.143827D+03
 0.145188D+03
 0.145594D+03
 0.143235D+03
 0.143406D+03
 0.142630D+03
 0.145380D+03
 0.143503D+03
 0.143004D+03
 0.143614D+03
 0.144850D+03
 0.144372D+03
 0.140943D+03
 0.142726D+03
 0.141017D+03
 0.143974D+03
 0.142075D+03
 0.141051D+03
 0.141772D+03
 0.142967D+03
 0.143589D+03
 0.139915D+03
 0.141471D+03
 0.140477D+03
 0.143709D+03
 0.141576D+03
 0.140152D+03
 0.141233D+03
 0.142613D+03
 0.142588D+03
 0.139734D+03
 0.140354D+03
 0.130057D+03
 0.132586D+03
 0.131014D+03
 0.130560D+03
 0.131053D+03
 0.132375D+03
 0.132412D+03
 0.130551D+03
 0.131032D+03
 0.130348D+03
 0.133071D+03
 0.131212D+03
 0.130808D+03
 0.131283D+03
 0.132722D+03
 0.132776D+03
 0.130482D+03
 0.131135D+03
 0.130715D+03
 0.133436D+03
 0.131428D+03
 0.131010D+03
 0.131544D+03
 0.132994D+03
 0.132976D+03
 0.130775D+03
 0.131300D+03
 0.131158D+03
 0.133870D+03
 0.131637D+03
 0.131294D+03
 0.131959D+03
 0.133377D+03
 0.132984D+03
 0.130801D+03
 0.131256D+03
 0.131629D+03
 0.134498D+03
 0.132375D+03
 0.131827D+03
 0.132559D+03
 0.133879D+03
 0.133346D+03
 0.131210D+03
 0.131597D+03
 0.132011D+03
 0.135208D+03
 0.132934D+03
 0.132054D+03
 0.132583D+03
 0.134306D+03
 0.133895D+03
 0.131305D+03
 0.131848D+03
 0.132655D+03
 0.135770D+03
 0.133522D+03
 0.132296D+03
 0.133217D+03
 0.134515D+03
 0.134411D+03
 0.131431D+03
 0.131877D+03
 0.132464D+03
 0.135656D+03
 0.133544D+03
 0.132511D+03
 0.133086D+03
 0.134634D+03
 0.134357D+03
 0.131402D+03
 0.131722D+03
 0.142608D+03
 0.145552D+03
 0.143780D+03
 0.143120D+03
 0.143699D+03
 0.145220D+03
 0.145172D+03
 0.143124D+03
 0.143041D+03
 0.142335D+03
 0.145359D+03
 0.142491D+03
 0.142834D+03
 0.143376D+03
 0.144855D+03
 0.144535D+03
 0.141274D+03
 0.142911D+03
 0.141361D+03
 0.144174D+03
 0.142152D+03
 0.141378D+03
 0.142059D+03
 0.143345D+03
 0.144093D+03
 0.140586D+03
 0.142180D+03
 0.130435D+03
 0.133080D+03
 0.131239D+03
 0.130660D+03
 0.131193D+03
 0.132759D+03
 0.132657D+03
 0.130322D+03
 0.130749D+03
 0.130828D+03
 0.133468D+03
 0.131346D+03
 0.130974D+03
 0.131377D+03
 0.133192D+03
 0.132863D+03
 0.130418D+03
 0.131023D+03
 0.131188D+03
 0.134196D+03
 0.132085D+03
 0.131423D+03
 0.132049D+03
 0.133493D+03
 0.133185D+03
 0.130875D+03
 0.131293D+03
 0.131852D+03
 0.134612D+03
 0.132609D+03
 0.131689D+03
 0.132236D+03
 0.133634D+03
 0.133498D+03
 0.130670D+03
 0.131496D+03
 0.131789D+03
 0.135251D+03
 0.132929D+03
 0.131844D+03
 0.132404D+03
 0.133854D+03
 0.133532D+03
 0.130650D+03
 0.131239D+03
 0.130551D+03
 0.133042D+03
 0.131379D+03
 0.130746D+03
 0.131155D+03
 0.132736D+03
 0.132570D+03
 0.130135D+03
 0.130822D+03
 0.131045D+03
 0.133681D+03
 0.131623D+03
 0.131034D+03
 0.131598D+03
 0.133094D+03
 0.132910D+03
 0.130088D+03
 0.130812D+03
 0.131130D+03
 0.134214D+03
 0.132198D+03
 0.131193D+03
 0.131652D+03
 0.133201D+03
 0.132818D+03
 0.130038D+03
 0.130778D+03
 0.131300D+03
 0.133952D+03
 0.132150D+03
 0.131708D+03
 0.132711D+03
 0.133620D+03
 0.133015D+03
 0.130240D+03
 0.130604D+03
 0.130795D+03
 0.133172D+03
 0.132034D+03
 0.131095D+03
 0.131879D+03
 0.133004D+03
 0.132368D+03
 0.129936D+03
 0.130161D+03
 0.130581D+03
 0.133123D+03
 0.131618D+03
 0.130706D+03
 0.131708D+03
 0.132825D+03
 0.131880D+03
 0.129469D+03
 0.129933D+03
 0.130670D+03
 0.133089D+03
 0.131717D+03
 0.130822D+03
 0.131926D+03
 0.132913D+03
 0.131416D+03
 0.129171D+03
 0.129777D+03
 0.130787D+03
 0.133119D+03
 0.131567D+03
 0.131074D+03
 0.132003D+03
 0.133087D+03
 0.131632D+03
 0.129752D+03
 0.129947D+03
 0.132601D+03
 0.133712D+03
 0.134031D+03
 0.135459D+03
 0.136299D+03
 0.135658D+03
 0.131976D+03
 0.132340D+03
 0.134938D+03
 0.134730D+03
 0.134792D+03
 0.136010D+03
 0.136759D+03
 0.136578D+03
 0.133236D+03
 0.132987D+03
 0.135177D+03
 0.138426D+03
 0.136226D+03
 0.135805D+03
 0.137026D+03
 0.137964D+03
 0.137479D+03
 0.134520D+03
 0.133952D+03
 0.135159D+03
 0.138125D+03
 0.136273D+03
 0.135482D+03
 0.136976D+03
 0.137939D+03
 0.136898D+03
 0.133084D+03
 0.133259D+03
 0.132953D+03
 0.135702D+03
 0.134247D+03
 0.133309D+03
 0.134683D+03
 0.135603D+03
 0.135780D+03
 0.131633D+03
 0.132599D+03
 0.132416D+03
 0.135004D+03
 0.133463D+03
 0.132894D+03
 0.134024D+03
 0.134951D+03
 0.134599D+03
 0.131297D+03
 0.131323D+03
 0.131558D+03
 0.134025D+03
 0.132543D+03
 0.131819D+03
 0.132950D+03
 0.134071D+03
 0.133289D+03
 0.130416D+03
 0.130801D+03
 0.131122D+03
 0.133478D+03
 0.131969D+03
 0.131296D+03
 0.132342D+03
 0.133396D+03
 0.132774D+03
 0.130133D+03
 0.130229D+03
 0.130576D+03
 0.133157D+03
 0.131848D+03
 0.130827D+03
 0.131938D+03
 0.132955D+03
 0.132299D+03
 0.129650D+03
 0.129977D+03
 0.130449D+03
 0.133052D+03
 0.131662D+03
 0.130803D+03
 0.131716D+03
 0.132984D+03
 0.132033D+03
 0.129539D+03
 0.129617D+03
 0.130613D+03
 0.133078D+03
 0.131907D+03
 0.130883D+03
 0.132091D+03
 0.132988D+03
 0.131748D+03
 0.129018D+03
 0.129802D+03
 0.130734D+03
 0.133279D+03
 0.131741D+03
 0.130848D+03
 0.132080D+03
 0.133091D+03
 0.131763D+03
 0.129242D+03
 0.129578D+03
 0.132226D+03
 0.133183D+03
 0.133716D+03
 0.135082D+03
 0.135948D+03
 0.135285D+03
 0.131954D+03
 0.132098D+03
 0.134201D+03
 0.134446D+03
 0.134592D+03
 0.135732D+03
 0.136769D+03
 0.136312D+03
 0.133209D+03
 0.133168D+03
 0.135182D+03
 0.138384D+03
 0.136019D+03
 0.135620D+03
 0.136786D+03
 0.137791D+03
 0.137654D+03
 0.134646D+03
 0.134196D+03
 0.136200D+03
 0.139579D+03
 0.137129D+03
 0.137105D+03
 0.138140D+03
 0.139040D+03
 0.138900D+03
 0.136034D+03
 0.135244D+03
 0.137655D+03
 0.140814D+03
 0.138601D+03
 0.138533D+03
 0.139536D+03
 0.140390D+03
 0.140068D+03
 0.137698D+03
 0.136437D+03
 0.136278D+03
 0.138962D+03
 0.137534D+03
 0.136398D+03
 0.137889D+03
 0.138782D+03
 0.137838D+03
 0.134051D+03
 0.134500D+03
 0.134172D+03
 0.137124D+03
 0.135448D+03
 0.134270D+03
 0.135999D+03
 0.136844D+03
 0.136772D+03
 0.133261D+03
 0.133735D+03
 0.133099D+03
 0.135878D+03
 0.134198D+03
 0.133308D+03
 0.135044D+03
 0.135829D+03
 0.135494D+03
 0.131938D+03
 0.132382D+03
 0.132011D+03
 0.134582D+03
 0.133040D+03
 0.132495D+03
 0.133803D+03
 0.134692D+03
 0.134445D+03
 0.131240D+03
 0.131505D+03
 0.131183D+03
 0.133819D+03
 0.132439D+03
 0.131814D+03
 0.133054D+03
 0.134115D+03
 0.133606D+03
 0.130681D+03
 0.131056D+03
 0.131078D+03
 0.133282D+03
 0.131887D+03
 0.131339D+03
 0.132521D+03
 0.133587D+03
 0.133134D+03
 0.130313D+03
 0.130738D+03
 0.130590D+03
 0.133125D+03
 0.131699D+03
 0.130939D+03
 0.132106D+03
 0.133116D+03
 0.132754D+03
 0.129970D+03
 0.130384D+03
 0.130471D+03
 0.132974D+03
 0.131642D+03
 0.130692D+03
 0.131725D+03
 0.132832D+03
 0.132270D+03
 0.129550D+03
 0.130082D+03
 0.130452D+03
 0.132699D+03
 0.131504D+03
 0.130749D+03
 0.131621D+03
 0.132717D+03
 0.132169D+03
 0.129245D+03
 0.129985D+03
 0.130455D+03
 0.132763D+03
 0.131439D+03
 0.130851D+03
 0.131645D+03
 0.132990D+03
 0.131739D+03
 0.128984D+03
 0.129640D+03
 0.132077D+03
 0.134762D+03
 0.133335D+03
 0.132566D+03
 0.133691D+03
 0.134942D+03
 0.134363D+03
 0.130551D+03
 0.131416D+03
 0.131864D+03
 0.134731D+03
 0.132776D+03
 0.133063D+03
 0.134269D+03
 0.135352D+03
 0.135294D+03
 0.131348D+03
 0.132013D+03
 0.132622D+03
 0.133066D+03
 0.133637D+03
 0.134993D+03
 0.136030D+03
 0.136144D+03
 0.132636D+03
 0.132906D+03
 0.134193D+03
 0.134556D+03
 0.134810D+03
 0.135943D+03
 0.136842D+03
 0.137339D+03
 0.133842D+03
 0.133901D+03
 0.135250D+03
 0.138598D+03
 0.135936D+03
 0.135996D+03
 0.136997D+03
 0.138049D+03
 0.138502D+03
 0.135578D+03
 0.135185D+03
 0.136234D+03
 0.139861D+03
 0.137366D+03
 0.137214D+03
 0.138497D+03
 0.139482D+03
 0.139898D+03
 0.137115D+03
 0.136429D+03
 0.137809D+03
 0.140922D+03
 0.138661D+03
 0.138789D+03
 0.139673D+03
 0.140759D+03
 0.141267D+03
 0.138462D+03
 0.137670D+03
 0.140872D+03
 0.143687D+03
 0.141950D+03
 0.140941D+03
 0.142356D+03
 0.143171D+03
 0.143024D+03
 0.138616D+03
 0.139290D+03
 0.138960D+03
 0.141837D+03
 0.139841D+03
 0.139000D+03
 0.140551D+03
 0.141491D+03
 0.141309D+03
 0.137256D+03
 0.137773D+03
 0.137544D+03
 0.140322D+03
 0.138628D+03
 0.137463D+03
 0.138818D+03
 0.139822D+03
 0.140003D+03
 0.135896D+03
 0.137036D+03
 0.135629D+03
 0.138672D+03
 0.136943D+03
 0.135991D+03
 0.137244D+03
 0.138294D+03
 0.138834D+03
 0.134853D+03
 0.135487D+03
 0.134432D+03
 0.137465D+03
 0.135624D+03
 0.134870D+03
 0.136289D+03
 0.137230D+03
 0.137550D+03
 0.133787D+03
 0.134376D+03
 0.133017D+03
 0.136178D+03
 0.134391D+03
 0.133637D+03
 0.135000D+03
 0.135889D+03
 0.136174D+03
 0.132886D+03
 0.133187D+03
 0.132312D+03
 0.134865D+03
 0.133195D+03
 0.132618D+03
 0.133876D+03
 0.134837D+03
 0.135226D+03
 0.132054D+03
 0.132314D+03
 0.131566D+03
 0.134207D+03
 0.132644D+03
 0.132043D+03
 0.133220D+03
 0.134094D+03
 0.134517D+03
 0.131614D+03
 0.132050D+03
 0.131087D+03
 0.133771D+03
 0.132235D+03
 0.131521D+03
 0.132348D+03
 0.133502D+03
 0.133844D+03
 0.131223D+03
 0.131654D+03
 0.130645D+03
 0.133426D+03
 0.131909D+03
 0.131148D+03
 0.132251D+03
 0.132989D+03
 0.133433D+03
 0.130608D+03
 0.131394D+03
 0.130491D+03
 0.132932D+03
 0.131641D+03
 0.130817D+03
 0.131811D+03
 0.132913D+03
 0.133109D+03
 0.130242D+03
 0.130886D+03
 0.130088D+03
 0.132376D+03
 0.131306D+03
 0.130567D+03
 0.131527D+03
 0.132548D+03
 0.132595D+03
 0.129902D+03
 0.130647D+03
 0.129829D+03
 0.132421D+03
 0.131141D+03
 0.130371D+03
 0.131295D+03
 0.132321D+03
 0.132347D+03
 0.129497D+03
 0.130284D+03
 0.129912D+03
 0.132315D+03
 0.130972D+03
 0.130390D+03
 0.131202D+03
 0.132399D+03
 0.132170D+03
 0.129116D+03
 0.129855D+03
 0.129780D+03
 0.132263D+03
 0.130727D+03
 0.130544D+03
 0.131416D+03
 0.132606D+03
 0.132156D+03
 0.128933D+03
 0.129533D+03
 0.130148D+03
 0.132542D+03
 0.131129D+03
 0.130551D+03
 0.131785D+03
 0.132713D+03
 0.132168D+03
 0.128906D+03
 0.129590D+03
 0.130388D+03
 0.133102D+03
 0.131473D+03
 0.130625D+03
 0.132216D+03
 0.133213D+03
 0.132433D+03
 0.128693D+03
 0.129547D+03
 0.131153D+03
 0.133643D+03
 0.132057D+03
 0.131095D+03
 0.132602D+03
 0.133546D+03
 0.132646D+03
 0.128853D+03
 0.129342D+03
 0.131603D+03
 0.134380D+03
 0.132675D+03
 0.131542D+03
 0.133012D+03
 0.133914D+03
 0.133251D+03
 0.129336D+03
 0.129951D+03
 0.132004D+03
 0.134587D+03
 0.133202D+03
 0.132037D+03
 0.133602D+03
 0.134459D+03
 0.133746D+03
 0.130035D+03
 0.130687D+03
 0.132183D+03
 0.134887D+03
 0.133386D+03
 0.132847D+03
 0.134099D+03
 0.135092D+03
 0.135620D+03
 0.131815D+03
 0.132654D+03
 0.132516D+03
 0.135090D+03
 0.133286D+03
 0.133319D+03
 0.134484D+03
 0.135450D+03
 0.136658D+03
 0.132654D+03
 0.133589D+03
 0.133040D+03
 0.133677D+03
 0.134112D+03
 0.135266D+03
 0.136354D+03
 0.137732D+03
 0.133760D+03
 0.134427D+03
 0.134171D+03
 0.134915D+03
 0.134985D+03
 0.136120D+03
 0.137296D+03
 0.138652D+03
 0.135030D+03
 0.135598D+03
 0.138163D+03
 0.141348D+03
 0.139210D+03
 0.139088D+03
 0.139930D+03
 0.141110D+03
 0.142624D+03
 0.139802D+03
 0.139741D+03
 0.140742D+03
 0.143401D+03
 0.141831D+03
 0.140673D+03
 0.142031D+03
 0.143011D+03
 0.143942D+03
 0.140012D+03
 0.140720D+03
 0.139219D+03
 0.142199D+03
 0.140382D+03
 0.139145D+03
 0.140821D+03
 0.141734D+03
 0.142759D+03
 0.138890D+03
 0.140032D+03
 0.137793D+03
 0.140952D+03
 0.139161D+03
 0.137590D+03
 0.139639D+03
 0.140558D+03
 0.141575D+03
 0.137734D+03
 0.138477D+03
 0.136386D+03
 0.139339D+03
 0.137590D+03
 0.136775D+03
 0.138214D+03
 0.139114D+03
 0.140022D+03
 0.136551D+03
 0.137168D+03
 0.134750D+03
 0.137794D+03
 0.135997D+03
 0.135367D+03
 0.136787D+03
 0.137504D+03
 0.138750D+03
 0.135349D+03
 0.135951D+03
 0.133545D+03
 0.136382D+03
 0.134750D+03
 0.133938D+03
 0.135302D+03
 0.136257D+03
 0.137596D+03
 0.134387D+03
 0.134646D+03
 0.132597D+03
 0.135421D+03
 0.133721D+03
 0.132971D+03
 0.134172D+03
 0.135211D+03
 0.136448D+03
 0.133609D+03
 0.134212D+03
 0.131768D+03
 0.134603D+03
 0.132993D+03
 0.132295D+03
 0.133344D+03
 0.134423D+03
 0.135615D+03
 0.133056D+03
 0.133527D+03
 0.131287D+03
 0.133930D+03
 0.132277D+03
 0.131657D+03
 0.132728D+03
 0.133683D+03
 0.135147D+03
 0.132593D+03
 0.133403D+03
 0.130745D+03
 0.133464D+03
 0.131940D+03
 0.131180D+03
 0.132215D+03
 0.133262D+03
 0.134417D+03
 0.132102D+03
 0.132959D+03
 0.130487D+03
 0.133020D+03
 0.131629D+03
 0.130857D+03
 0.131748D+03
 0.132941D+03
 0.134014D+03
 0.131554D+03
 0.132654D+03
 0.129883D+03
 0.132580D+03
 0.131308D+03
 0.130677D+03
 0.131315D+03
 0.132668D+03
 0.133876D+03
 0.131009D+03
 0.131806D+03
 0.129719D+03
 0.132064D+03
 0.130774D+03
 0.130141D+03
 0.131280D+03
 0.132156D+03
 0.133228D+03
 0.130503D+03
 0.131420D+03
 0.129496D+03
 0.131917D+03
 0.130477D+03
 0.130000D+03
 0.131042D+03
 0.132101D+03
 0.132840D+03
 0.130082D+03
 0.130940D+03
 0.129585D+03
 0.131856D+03
 0.130466D+03
 0.129893D+03
 0.131051D+03
 0.132140D+03
 0.133009D+03
 0.129837D+03
 0.130728D+03
 0.129747D+03
 0.132314D+03
 0.130637D+03
 0.130302D+03
 0.131411D+03
 0.132418D+03
 0.132815D+03
 0.129702D+03
 0.130407D+03
 0.130351D+03
 0.132871D+03
 0.131389D+03
 0.130724D+03
 0.131439D+03
 0.132833D+03
 0.133106D+03
 0.129733D+03
 0.130413D+03
 0.131049D+03
 0.133524D+03
 0.132024D+03
 0.131083D+03
 0.132258D+03
 0.133149D+03
 0.133443D+03
 0.129941D+03
 0.130858D+03
 0.131332D+03
 0.134456D+03
 0.132488D+03
 0.131545D+03
 0.132880D+03
 0.133797D+03
 0.134354D+03
 0.130411D+03
 0.131290D+03
 0.131757D+03
 0.134742D+03
 0.133239D+03
 0.132194D+03
 0.133513D+03
 0.134283D+03
 0.134993D+03
 0.131047D+03
 0.131967D+03
 0.132784D+03
 0.135419D+03
 0.133858D+03
 0.133434D+03
 0.134557D+03
 0.135361D+03
 0.137203D+03
 0.134471D+03
 0.132649D+03
 0.135526D+03
 0.133577D+03
 0.133846D+03
 0.135207D+03
 0.136056D+03
 0.138154D+03
 0.135081D+03
 0.133111D+03
 0.134251D+03
 0.134705D+03
 0.135931D+03
 0.136846D+03
 0.138790D+03
 0.136032D+03
 0.141822D+03
 0.144689D+03
 0.142770D+03
 0.141830D+03
 0.143098D+03
 0.144071D+03
 0.145966D+03
 0.143573D+03
 0.140764D+03
 0.143919D+03
 0.142379D+03
 0.141020D+03
 0.142651D+03
 0.143502D+03
 0.145343D+03
 0.142855D+03
 0.139940D+03
 0.143126D+03
 0.141314D+03
 0.140108D+03
 0.141639D+03
 0.142536D+03
 0.144331D+03
 0.141802D+03
 0.138427D+03
 0.141808D+03
 0.139953D+03
 0.138880D+03
 0.140308D+03
 0.140867D+03
 0.142667D+03
 0.140263D+03
 0.136953D+03
 0.140168D+03
 0.138410D+03
 0.137343D+03
 0.138543D+03
 0.139373D+03
 0.141385D+03
 0.138770D+03
 0.135133D+03
 0.138463D+03
 0.136705D+03
 0.135801D+03
 0.137225D+03
 0.138114D+03
 0.140097D+03
 0.137596D+03
 0.134009D+03
 0.137183D+03
 0.135178D+03
 0.134553D+03
 0.135803D+03
 0.136765D+03
 0.138771D+03
 0.136304D+03
 0.132841D+03
 0.136123D+03
 0.134196D+03
 0.133429D+03
 0.134713D+03
 0.135702D+03
 0.137945D+03
 0.135925D+03
 0.132227D+03
 0.134946D+03
 0.133441D+03
 0.132956D+03
 0.133704D+03
 0.134933D+03
 0.137194D+03
 0.135882D+03
 0.131526D+03
 0.134540D+03
 0.132809D+03
 0.132067D+03
 0.133123D+03
 0.134018D+03
 0.136510D+03
 0.135773D+03
 0.131111D+03
 0.133913D+03
 0.132398D+03
 0.131569D+03
 0.132416D+03
 0.133654D+03
 0.135898D+03
 0.135660D+03
 0.130725D+03
 0.133312D+03
 0.131872D+03
 0.131033D+03
 0.131854D+03
 0.133081D+03
 0.135528D+03
 0.135118D+03
 0.130134D+03
 0.132820D+03
 0.131252D+03
 0.130723D+03
 0.131598D+03
 0.132888D+03
 0.135149D+03
 0.134124D+03
 0.129834D+03
 0.132416D+03
 0.130956D+03
 0.130599D+03
 0.131340D+03
 0.132393D+03
 0.134672D+03
 0.133330D+03
 0.129766D+03
 0.132083D+03
 0.130783D+03
 0.130206D+03
 0.131268D+03
 0.132340D+03
 0.134130D+03
 0.132728D+03
 0.129645D+03
 0.132213D+03
 0.130850D+03
 0.130206D+03
 0.131034D+03
 0.132291D+03
 0.133989D+03
 0.132264D+03
 0.130031D+03
 0.132501D+03
 0.130911D+03
 0.130585D+03
 0.131433D+03
 0.132612D+03
 0.134214D+03
 0.132084D+03
 0.130430D+03
 0.133133D+03
 0.131291D+03
 0.131012D+03
 0.131917D+03
 0.132964D+03
 0.134516D+03
 0.132297D+03
 0.131117D+03
 0.134014D+03
 0.132358D+03
 0.131370D+03
 0.132638D+03
 0.133640D+03
 0.134888D+03
 0.132534D+03
 0.131913D+03
 0.134623D+03
 0.132938D+03
 0.132155D+03
 0.133123D+03
 0.134154D+03
 0.135811D+03
 0.132948D+03
 0.132357D+03
 0.135232D+03
 0.133623D+03
 0.132706D+03
 0.133761D+03
 0.134773D+03
 0.136381D+03
 0.133682D+03
 0.142321D+03
 0.145195D+03
 0.143866D+03
 0.142458D+03
 0.143703D+03
 0.144838D+03
 0.141710D+03
 0.144808D+03
 0.143221D+03
 0.141903D+03
 0.142913D+03
 0.144092D+03
 0.140498D+03
 0.143858D+03
 0.142104D+03
 0.140770D+03
 0.141959D+03
 0.142995D+03
 0.139260D+03
 0.142520D+03
 0.140551D+03
 0.139459D+03
 0.140718D+03
 0.141557D+03
 0.137687D+03
 0.141037D+03
 0.138967D+03
 0.137878D+03
 0.139107D+03
 0.140119D+03
 0.131631D+03
 0.134344D+03
 0.132826D+03
 0.132134D+03
 0.132907D+03
 0.133833D+03
 0.131056D+03
 0.133965D+03
 0.132235D+03
 0.131894D+03
 0.132329D+03
 0.133665D+03
 0.132437D+03
 0.135621D+03
 0.133705D+03
 0.132905D+03
 0.133650D+03
 0.134669D+03
 0.132973D+03
 0.135826D+03
 0.134300D+03
 0.133415D+03
 0.134150D+03
 0.135393D+03
 0.131154D+03
 0.133993D+03
 0.132433D+03
 0.131807D+03
 0.132446D+03
 0.133641D+03
 0.130483D+03
 0.126796D+03
 0.132779D+03
 0.135984D+03
 0.134181D+03
 0.133180D+03
 0.134333D+03
 0.135143D+03
 0.132782D+03
 0.128806D+03
 0.133482D+03
 0.136413D+03
 0.134775D+03
 0.133852D+03
 0.134802D+03
 0.135761D+03
 0.133630D+03
 0.129234D+03
 0.133015D+03
 0.135798D+03
 0.134032D+03
 0.130849D+03
 0.130212D+03
 0.135005D+03
 0.131593D+03
 0.132389D+03
