 0.133663D+03
 0.133358D+03
 0.130538D+03
 0.131515D+03
 0.129312D+03
 0.130746D+03
 0.131512D+03
 0.128442D+03
 0.129106D+03
 0.129919D+03
 0.130780D+03
 0.131788D+03
 0.128643D+03
 0.129153D+03
 0.131103D+03
 0.130957D+03
 0.132182D+03
 0.128852D+03
 0.129715D+03
 0.131913D+03
 0.133319D+03
 0.132453D+03
 0.129215D+03
 0.129974D+03
 0.132927D+03
 0.132889D+03
 0.132738D+03
 0.129670D+03
 0.130600D+03
 0.134257D+03
 0.132879D+03
 0.133073D+03
 0.129858D+03
 0.131007D+03
 0.133775D+03
 0.135251D+03
 0.131001D+03
 0.130656D+03
 0.131698D+03
 0.130481D+03
 0.132262D+03
 0.133464D+03
 0.129274D+03
 0.129482D+03
 0.130719D+03
 0.129782D+03
 0.131580D+03
 0.133194D+03
 0.128749D+03
 0.129280D+03
 0.130723D+03
 0.129332D+03
 0.130584D+03
 0.133485D+03
 0.128296D+03
 0.128695D+03
 0.129981D+03
 0.129674D+03
 0.130984D+03
 0.133669D+03
 0.128420D+03
 0.128585D+03
 0.129635D+03
 0.129872D+03
 0.131172D+03
 0.133964D+03
 0.128762D+03
 0.128392D+03
 0.129508D+03
 0.130496D+03
 0.131411D+03
 0.134267D+03
 0.129015D+03
 0.128923D+03
 0.129754D+03
 0.131324D+03
 0.131341D+03
 0.134329D+03
 0.129487D+03
 0.129103D+03
 0.130025D+03
 0.132587D+03
 0.133620D+03
 0.134968D+03
 0.130039D+03
 0.129520D+03
 0.130393D+03
 0.133684D+03
 0.133224D+03
 0.134990D+03
 0.130445D+03
 0.130059D+03
 0.130907D+03
 0.134537D+03
 0.132998D+03
 0.135066D+03
 0.130782D+03
 0.130174D+03
 0.131147D+03
 0.133654D+03
 0.131732D+03
 0.132155D+03
 0.130570D+03
 0.131806D+03
 0.133720D+03
 0.131988D+03
 0.132291D+03
 0.130888D+03
 0.132264D+03
 0.139352D+03
 0.139521D+03
 0.137904D+03
 0.138015D+03
 0.136299D+03
 0.137347D+03
 0.138049D+03
 0.138072D+03
 0.135815D+03
 0.135909D+03
 0.134574D+03
 0.135216D+03
 0.136379D+03
 0.136433D+03
 0.133998D+03
 0.134034D+03
 0.132979D+03
 0.133434D+03
 0.134293D+03
 0.134911D+03
 0.132520D+03
 0.132822D+03
 0.131681D+03
 0.132246D+03
 0.132248D+03
 0.133614D+03
 0.131258D+03
 0.131599D+03
 0.130382D+03
 0.131396D+03
 0.131058D+03
 0.132434D+03
 0.130611D+03
 0.130696D+03
 0.129798D+03
 0.131181D+03
 0.130341D+03
 0.131835D+03
 0.130156D+03
 0.130281D+03
 0.129311D+03
 0.131142D+03
 0.130035D+03
 0.131547D+03
 0.129777D+03
 0.129846D+03
 0.129078D+03
 0.131076D+03
 0.129763D+03
 0.131217D+03
 0.129654D+03
 0.129652D+03
 0.128790D+03
 0.131012D+03
 0.129654D+03
 0.131141D+03
 0.129385D+03
 0.129728D+03
 0.128610D+03
 0.130766D+03
 0.129622D+03
 0.131158D+03
 0.129565D+03
 0.129699D+03
 0.128491D+03
 0.130305D+03
 0.130011D+03
 0.131330D+03
 0.129544D+03
 0.129887D+03
 0.128496D+03
 0.129908D+03
 0.130369D+03
 0.131640D+03
 0.129882D+03
 0.130201D+03
 0.128802D+03
 0.130024D+03
 0.130933D+03
 0.131733D+03
 0.130106D+03
 0.130394D+03
 0.128839D+03
 0.130111D+03
 0.131510D+03
 0.131586D+03
 0.130382D+03
 0.130798D+03
 0.129282D+03
 0.130095D+03
 0.132748D+03
 0.133566D+03
 0.130669D+03
 0.131431D+03
 0.129782D+03
 0.130551D+03
 0.133983D+03
 0.133322D+03
 0.131105D+03
 0.131390D+03
 0.130086D+03
 0.130895D+03
 0.134759D+03
 0.133341D+03
 0.131439D+03
 0.131860D+03
 0.130183D+03
 0.131341D+03
 0.133745D+03
 0.131654D+03
 0.132718D+03
 0.130556D+03
 0.131818D+03
 0.133739D+03
 0.132124D+03
 0.132972D+03
 0.130839D+03
 0.132409D+03
 0.141942D+03
 0.141592D+03
 0.140522D+03
 0.141241D+03
 0.139326D+03
 0.141020D+03
 0.140795D+03
 0.140721D+03
 0.139495D+03
 0.140143D+03
 0.137799D+03
 0.139617D+03
 0.139483D+03
 0.139506D+03
 0.137635D+03
 0.138289D+03
 0.136319D+03
 0.137620D+03
 0.138172D+03
 0.138083D+03
 0.135858D+03
 0.136575D+03
 0.134434D+03
 0.135493D+03
 0.136389D+03
 0.136505D+03
 0.134123D+03
 0.134888D+03
 0.132818D+03
 0.133729D+03
 0.134378D+03
 0.134933D+03
 0.132668D+03
 0.133456D+03
 0.131529D+03
 0.132421D+03
 0.132737D+03
 0.133728D+03
 0.131689D+03
 0.132261D+03
 0.130509D+03
 0.131477D+03
 0.131337D+03
 0.132793D+03
 0.130805D+03
 0.131553D+03
 0.129811D+03
 0.131522D+03
 0.130729D+03
 0.132054D+03
 0.130231D+03
 0.131067D+03
 0.129327D+03
 0.131357D+03
 0.130356D+03
 0.131807D+03
 0.129903D+03
 0.130661D+03
 0.129223D+03
 0.131572D+03
 0.129979D+03
 0.131591D+03
 0.129713D+03
 0.130299D+03
 0.128767D+03
 0.131505D+03
 0.130021D+03
 0.131570D+03
 0.129754D+03
 0.130394D+03
 0.128727D+03
 0.130999D+03
 0.130045D+03
 0.131637D+03
 0.129873D+03
 0.130642D+03
 0.128789D+03
 0.130605D+03
 0.130016D+03
 0.131623D+03
 0.129824D+03
 0.130521D+03
 0.128472D+03
 0.130261D+03
 0.130575D+03
 0.131631D+03
 0.129778D+03
 0.130791D+03
 0.128855D+03
 0.130097D+03
 0.131113D+03
 0.131596D+03
 0.130488D+03
 0.131076D+03
 0.128805D+03
 0.130210D+03
 0.132155D+03
 0.131790D+03
 0.130803D+03
 0.131336D+03
 0.129093D+03
 0.130408D+03
 0.132810D+03
 0.133842D+03
 0.130819D+03
 0.131728D+03
 0.129408D+03
 0.130616D+03
 0.134242D+03
 0.133457D+03
 0.131172D+03
 0.132329D+03
 0.129949D+03
 0.131149D+03
 0.134775D+03
 0.133021D+03
 0.131469D+03
 0.132719D+03
 0.130202D+03
 0.131406D+03
 0.133500D+03
 0.131825D+03
 0.132973D+03
 0.130220D+03
 0.131978D+03
 0.133552D+03
 0.132401D+03
 0.133241D+03
 0.130676D+03
 0.132328D+03
 0.133268D+03
 0.132669D+03
 0.133795D+03
 0.131202D+03
 0.133431D+03
 0.135415D+03
 0.133332D+03
 0.134248D+03
 0.132197D+03
 0.134593D+03
 0.136453D+03
 0.134279D+03
 0.135200D+03
 0.133236D+03
 0.135579D+03
 0.136683D+03
 0.135677D+03
 0.136501D+03
 0.134375D+03
 0.136400D+03
 0.137851D+03
 0.136866D+03
 0.137560D+03
 0.135191D+03
 0.138618D+03
 0.138049D+03
 0.139020D+03
 0.136342D+03
 0.136966D+03
 0.140112D+03
 0.139238D+03
 0.140061D+03
 0.137472D+03
 0.140231D+03
 0.141226D+03
 0.139970D+03
 0.141043D+03
 0.139359D+03
 0.141658D+03
 0.141734D+03
 0.140834D+03
 0.141718D+03
 0.139866D+03
 0.142710D+03
 0.142364D+03
 0.141382D+03
 0.142529D+03
 0.139792D+03
 0.142904D+03
 0.142569D+03
 0.141812D+03
 0.142546D+03
 0.140079D+03
 0.142424D+03
 0.142723D+03
 0.142499D+03
 0.141367D+03
 0.142459D+03
 0.139883D+03
 0.142132D+03
 0.142364D+03
 0.142042D+03
 0.141030D+03
 0.142148D+03
 0.139631D+03
 0.141668D+03
 0.141710D+03
 0.141507D+03
 0.140367D+03
 0.141256D+03
 0.138753D+03
 0.140872D+03
 0.140526D+03
 0.140782D+03
 0.139090D+03
 0.140116D+03
 0.137693D+03
 0.139546D+03
 0.139767D+03
 0.139606D+03
 0.137531D+03
 0.138392D+03
 0.136070D+03
 0.137564D+03
 0.138105D+03
 0.138007D+03
 0.135704D+03
 0.136779D+03
 0.134252D+03
 0.135557D+03
 0.136715D+03
 0.136626D+03
 0.134371D+03
 0.135238D+03
 0.132768D+03
 0.133938D+03
 0.134783D+03
 0.134990D+03
 0.132745D+03
 0.133626D+03
 0.131617D+03
 0.132490D+03
 0.132787D+03
 0.133790D+03
 0.131655D+03
 0.132663D+03
 0.130467D+03
 0.131611D+03
 0.131476D+03
 0.132954D+03
 0.131162D+03
 0.131998D+03
 0.129868D+03
 0.131598D+03
 0.130970D+03
 0.132187D+03
 0.130493D+03
 0.131488D+03
 0.129627D+03
 0.131672D+03
 0.130573D+03
 0.131909D+03
 0.130267D+03
 0.130990D+03
 0.129343D+03
 0.131831D+03
 0.130418D+03
 0.131820D+03
 0.130196D+03
 0.130912D+03
 0.129066D+03
 0.131689D+03
 0.130183D+03
 0.131655D+03
 0.130008D+03
 0.130926D+03
 0.128817D+03
 0.131435D+03
 0.130466D+03
 0.131634D+03
 0.129921D+03
 0.130813D+03
 0.128679D+03
 0.130797D+03
 0.130266D+03
 0.131632D+03
 0.129981D+03
 0.130966D+03
 0.128724D+03
 0.130460D+03
 0.130651D+03
 0.131613D+03
 0.130436D+03
 0.131051D+03
 0.128795D+03
 0.129997D+03
 0.131373D+03
 0.131789D+03
 0.130413D+03
 0.131360D+03
 0.128742D+03
 0.130066D+03
 0.132050D+03
 0.131865D+03
 0.130604D+03
 0.131670D+03
 0.129054D+03
 0.130317D+03
 0.132863D+03
 0.133619D+03
 0.131112D+03
 0.132082D+03
 0.129495D+03
 0.130684D+03
 0.134071D+03
 0.133249D+03
 0.131050D+03
 0.132490D+03
 0.129733D+03
 0.131216D+03
 0.134694D+03
 0.133271D+03
 0.131776D+03
 0.132608D+03
 0.130107D+03
 0.131577D+03
 0.133573D+03
 0.132003D+03
 0.133029D+03
 0.130344D+03
 0.132125D+03
 0.133626D+03
 0.132647D+03
 0.133238D+03
 0.130645D+03
 0.132606D+03
 0.133372D+03
 0.133047D+03
 0.133866D+03
 0.131137D+03
 0.133629D+03
 0.136718D+03
 0.133684D+03
 0.134283D+03
 0.132227D+03
 0.134572D+03
 0.136630D+03
 0.134706D+03
 0.135495D+03
 0.133158D+03
 0.135962D+03
 0.137635D+03
 0.136059D+03
 0.136678D+03
 0.134465D+03
 0.136649D+03
 0.138911D+03
 0.137319D+03
 0.137999D+03
 0.135173D+03
 0.138581D+03
 0.139420D+03
 0.138565D+03
 0.139010D+03
 0.136178D+03
 0.139048D+03
 0.140274D+03
 0.139389D+03
 0.140268D+03
 0.137461D+03
 0.140428D+03
 0.141046D+03
 0.140366D+03
 0.141232D+03
 0.139299D+03
 0.141577D+03
 0.141719D+03
 0.140946D+03
 0.141614D+03
 0.139557D+03
 0.142020D+03
 0.142045D+03
 0.141565D+03
 0.142249D+03
 0.139419D+03
 0.142576D+03
 0.142368D+03
 0.141744D+03
 0.142522D+03
 0.139399D+03
 0.142772D+03
 0.142349D+03
 0.141710D+03
 0.142594D+03
 0.139769D+03
 0.142266D+03
 0.142473D+03
 0.142187D+03
 0.141598D+03
 0.142522D+03
 0.139592D+03
 0.142064D+03
 0.142293D+03
 0.141985D+03
 0.141223D+03
 0.141888D+03
 0.139117D+03
 0.141811D+03
 0.141387D+03
 0.141346D+03
 0.140475D+03
 0.141051D+03
 0.138418D+03
 0.140962D+03
 0.140382D+03
 0.140679D+03
 0.139136D+03
 0.139956D+03
 0.137118D+03
 0.139218D+03
 0.139424D+03
 0.139430D+03
 0.137505D+03
 0.138652D+03
 0.135909D+03
 0.137561D+03
 0.138374D+03
 0.138095D+03
 0.136016D+03
 0.136776D+03
 0.134208D+03
 0.135682D+03
 0.136773D+03
 0.136575D+03
 0.134638D+03
 0.135171D+03
 0.132905D+03
 0.133965D+03
 0.134833D+03
 0.135042D+03
 0.133220D+03
 0.133796D+03
 0.131655D+03
 0.132749D+03
 0.133011D+03
 0.134103D+03
 0.132028D+03
 0.132828D+03
 0.130782D+03
 0.132081D+03
 0.131992D+03
 0.133162D+03
 0.131345D+03
 0.132042D+03
 0.129910D+03
 0.131812D+03
 0.131061D+03
 0.132337D+03
 0.130867D+03
 0.131552D+03
 0.129559D+03
 0.131944D+03
 0.130920D+03
 0.132058D+03
 0.130707D+03
 0.131264D+03
 0.129390D+03
 0.132032D+03
 0.130723D+03
 0.132032D+03
 0.130342D+03
 0.131236D+03
 0.129143D+03
 0.132092D+03
 0.130404D+03
 0.131717D+03
 0.130281D+03
 0.131062D+03
 0.128609D+03
 0.131430D+03
 0.130368D+03
 0.131516D+03
 0.130146D+03
 0.130917D+03
 0.128794D+03
 0.130857D+03
 0.130705D+03
 0.131580D+03
 0.130467D+03
 0.130992D+03
 0.128542D+03
 0.130479D+03
 0.130791D+03
 0.131719D+03
 0.130556D+03
 0.131306D+03
 0.128706D+03
 0.130165D+03
 0.131399D+03
 0.131763D+03
 0.130476D+03
 0.131449D+03
 0.128701D+03
 0.130066D+03
 0.131917D+03
 0.131910D+03
 0.130922D+03
 0.131559D+03
 0.128784D+03
 0.130377D+03
 0.132755D+03
 0.133470D+03
 0.131067D+03
 0.131926D+03
 0.129132D+03
 0.130763D+03
 0.133986D+03
 0.133194D+03
 0.131586D+03
 0.132302D+03
 0.129492D+03
 0.131143D+03
 0.134981D+03
 0.133019D+03
 0.131740D+03
 0.132407D+03
 0.129967D+03
 0.131551D+03
 0.133671D+03
 0.132577D+03
 0.132815D+03
 0.130174D+03
 0.132116D+03
 0.133864D+03
 0.133067D+03
 0.133395D+03
 0.130716D+03
 0.132779D+03
 0.133844D+03
 0.133597D+03
 0.133894D+03
 0.131489D+03
 0.133734D+03
 0.135892D+03
 0.134118D+03
 0.134760D+03
 0.132307D+03
 0.134971D+03
 0.136493D+03
 0.135465D+03
 0.135430D+03
 0.133460D+03
 0.136047D+03
 0.137493D+03
 0.136650D+03
 0.136774D+03
 0.134699D+03
 0.136878D+03
 0.139357D+03
 0.137683D+03
 0.137828D+03
 0.135049D+03
 0.136368D+03
 0.139350D+03
 0.138881D+03
 0.139186D+03
 0.136420D+03
 0.139403D+03
 0.140434D+03
 0.139885D+03
 0.140261D+03
 0.137755D+03
 0.140370D+03
 0.141246D+03
 0.140729D+03
 0.141043D+03
 0.139170D+03
 0.141537D+03
 0.141685D+03
 0.141281D+03
 0.141711D+03
 0.139420D+03
 0.142464D+03
 0.141910D+03
 0.141766D+03
 0.142127D+03
 0.139650D+03
 0.142713D+03
 0.142171D+03
 0.141879D+03
 0.142319D+03
 0.139190D+03
 0.142598D+03
 0.142212D+03
 0.142184D+03
 0.142159D+03
 0.139413D+03
 0.142189D+03
 0.142507D+03
 0.142302D+03
 0.141723D+03
 0.142423D+03
 0.139441D+03
 0.142120D+03
 0.142229D+03
 0.141814D+03
 0.141385D+03
 0.141858D+03
 0.139077D+03
 0.141764D+03
 0.141210D+03
 0.141204D+03
 0.140488D+03
 0.141088D+03
 0.138378D+03
 0.140773D+03
 0.140470D+03
 0.140416D+03
 0.139365D+03
 0.139722D+03
 0.137220D+03
 0.139418D+03
 0.139450D+03
 0.139513D+03
 0.137744D+03
 0.138199D+03
 0.135799D+03
 0.137426D+03
 0.138573D+03
 0.138124D+03
 0.136258D+03
 0.136847D+03
 0.134321D+03
 0.135531D+03
 0.136941D+03
 0.136615D+03
 0.134873D+03
 0.135409D+03
 0.132711D+03
 0.133998D+03
 0.134997D+03
 0.135357D+03
 0.133621D+03
 0.133939D+03
 0.131681D+03
 0.132781D+03
 0.133279D+03
 0.134171D+03
 0.132666D+03
 0.133046D+03
 0.130643D+03
 0.132237D+03
 0.132021D+03
 0.133060D+03
 0.131791D+03
 0.132335D+03
 0.130003D+03
 0.131977D+03
 0.131255D+03
 0.132649D+03
 0.131570D+03
 0.131451D+03
 0.129675D+03
 0.132155D+03
 0.130844D+03
 0.132142D+03
 0.131189D+03
 0.131354D+03
 0.129058D+03
 0.132407D+03
 0.130926D+03
 0.132053D+03
 0.131116D+03
 0.131202D+03
 0.129203D+03
 0.132145D+03
 0.130423D+03
 0.131600D+03
 0.130812D+03
 0.130907D+03
 0.128768D+03
 0.131584D+03
 0.130206D+03
 0.131671D+03
 0.130808D+03
 0.130953D+03
 0.128681D+03
 0.131179D+03
 0.130721D+03
 0.131810D+03
 0.130691D+03
 0.131174D+03
 0.128584D+03
 0.130611D+03
 0.130935D+03
 0.131764D+03
 0.130764D+03
 0.131208D+03
 0.128477D+03
 0.130479D+03
 0.131374D+03
 0.131837D+03
 0.130985D+03
 0.131245D+03
 0.128639D+03
 0.130365D+03
 0.131759D+03
 0.131778D+03
 0.131142D+03
 0.131779D+03
 0.128880D+03
 0.130649D+03
 0.132841D+03
 0.133173D+03
 0.131354D+03
 0.131863D+03
 0.129160D+03
 0.130741D+03
 0.133857D+03
 0.133156D+03
 0.131772D+03
 0.132310D+03
 0.129405D+03
 0.131223D+03
 0.135062D+03
 0.133063D+03
 0.132123D+03
 0.132779D+03
 0.129729D+03
 0.131587D+03
 0.133981D+03
 0.132890D+03
 0.133182D+03
 0.130469D+03
 0.132298D+03
 0.134305D+03
 0.133353D+03
 0.133682D+03
 0.130957D+03
 0.132947D+03
 0.134016D+03
 0.134023D+03
 0.134121D+03
 0.131510D+03
 0.133920D+03
 0.137297D+03
 0.134966D+03
 0.134953D+03
 0.132492D+03
 0.135132D+03
 0.136766D+03
 0.136010D+03
 0.135826D+03
 0.133685D+03
 0.136366D+03
 0.137968D+03
 0.136953D+03
 0.137161D+03
 0.134705D+03
 0.137148D+03
 0.138923D+03
 0.138371D+03
 0.138357D+03
 0.135267D+03
 0.139840D+03
 0.139287D+03
 0.139338D+03
 0.136350D+03
 0.139269D+03
 0.140611D+03
 0.140318D+03
 0.140452D+03
 0.137844D+03
 0.140507D+03
 0.141171D+03
 0.141166D+03
 0.141275D+03
 0.139244D+03
 0.141445D+03
 0.141650D+03
 0.141500D+03
 0.141697D+03
 0.139511D+03
 0.142250D+03
 0.141926D+03
 0.141805D+03
 0.142333D+03
 0.139612D+03
 0.142441D+03
 0.142250D+03
 0.142075D+03
 0.142103D+03
 0.139330D+03
 0.142541D+03
 0.142134D+03
 0.142254D+03
 0.142336D+03
 0.139319D+03
 0.142118D+03
 0.142514D+03
 0.142108D+03
 0.141877D+03
 0.142104D+03
 0.139339D+03
 0.141984D+03
 0.141827D+03
 0.141462D+03
 0.141432D+03
 0.141628D+03
 0.139100D+03
 0.141445D+03
 0.141253D+03
 0.141217D+03
 0.140803D+03
 0.140891D+03
 0.138234D+03
 0.140722D+03
 0.140490D+03
 0.140416D+03
 0.139881D+03
 0.139602D+03
 0.137240D+03
 0.139222D+03
 0.139603D+03
 0.139404D+03
 0.138255D+03
 0.138384D+03
 0.136017D+03
 0.137537D+03
 0.138470D+03
 0.138285D+03
 0.136821D+03
 0.136856D+03
 0.134289D+03
 0.135950D+03
 0.137291D+03
 0.136972D+03
 0.135432D+03
 0.135404D+03
 0.133050D+03
 0.134103D+03
 0.135300D+03
 0.135205D+03
 0.134211D+03
 0.134207D+03
 0.131799D+03
 0.133144D+03
 0.133362D+03
 0.134359D+03
 0.132915D+03
 0.133191D+03
 0.130690D+03
 0.132565D+03
 0.132112D+03
 0.133208D+03
 0.132115D+03
 0.132164D+03
 0.130243D+03
 0.132105D+03
 0.131415D+03
 0.132628D+03
 0.132010D+03
 0.131656D+03
 0.129770D+03
 0.132398D+03
 0.131131D+03
 0.132369D+03
 0.131658D+03
 0.131433D+03
 0.129527D+03
 0.132713D+03
 0.130730D+03
 0.132035D+03
 0.131427D+03
 0.131342D+03
 0.129216D+03
 0.132401D+03
 0.130525D+03
 0.131760D+03
 0.131200D+03
 0.131197D+03
 0.128893D+03
 0.131624D+03
 0.130201D+03
 0.131733D+03
 0.131226D+03
 0.131056D+03
 0.128836D+03
 0.131093D+03
 0.130558D+03
 0.131546D+03
 0.131346D+03
 0.131175D+03
 0.128570D+03
 0.130828D+03
 0.130883D+03
 0.131497D+03
 0.131172D+03
 0.130978D+03
 0.128482D+03
 0.130541D+03
 0.131123D+03
 0.131843D+03
 0.131360D+03
 0.131343D+03
 0.128644D+03
 0.130266D+03
 0.131810D+03
 0.131957D+03
 0.131405D+03
 0.131703D+03
 0.128765D+03
 0.130751D+03
 0.132668D+03
 0.133468D+03
 0.131777D+03
 0.131869D+03
 0.128950D+03
 0.130785D+03
 0.133832D+03
 0.133010D+03
 0.131909D+03
 0.132283D+03
 0.129336D+03
 0.131336D+03
 0.135073D+03
 0.133079D+03
 0.132498D+03
 0.132666D+03
 0.129916D+03
 0.131762D+03
 0.134431D+03
 0.133172D+03
 0.133371D+03
 0.130814D+03
 0.132418D+03
 0.134717D+03
 0.133826D+03
 0.133771D+03
 0.131222D+03
 0.133310D+03
 0.134346D+03
 0.134349D+03
 0.134285D+03
 0.131895D+03
 0.134208D+03
 0.137540D+03
 0.135233D+03
 0.135139D+03
 0.132917D+03
 0.135369D+03
 0.137118D+03
 0.136142D+03
 0.136137D+03
 0.133873D+03
 0.136540D+03
 0.138207D+03
 0.137404D+03
 0.137041D+03
 0.134836D+03
 0.137306D+03
 0.139825D+03
 0.138311D+03
 0.138276D+03
 0.135421D+03
 0.140231D+03
 0.139684D+03
 0.139224D+03
 0.136580D+03
 0.139203D+03
 0.140450D+03
 0.140688D+03
 0.140270D+03
 0.137720D+03
 0.140403D+03
 0.141050D+03
 0.141035D+03
 0.140955D+03
 0.139314D+03
 0.141204D+03
 0.141444D+03
 0.141438D+03
 0.141434D+03
 0.139495D+03
 0.141953D+03
 0.141804D+03
 0.141880D+03
 0.141848D+03
 0.139217D+03
 0.142437D+03
 0.142103D+03
 0.142236D+03
 0.141971D+03
 0.139297D+03
 0.142614D+03
 0.142019D+03
 0.141996D+03
 0.142156D+03
 0.139550D+03
 0.142105D+03
 0.142249D+03
 0.141738D+03
 0.142082D+03
 0.141798D+03
 0.139231D+03
 0.142014D+03
 0.141756D+03
 0.141571D+03
 0.141385D+03
 0.141573D+03
 0.139173D+03
 0.141701D+03
 0.141280D+03
 0.141349D+03
 0.140726D+03
 0.140868D+03
 0.138323D+03
 0.140789D+03
 0.140389D+03
 0.140628D+03
 0.139704D+03
 0.139714D+03
 0.137471D+03
 0.139602D+03
 0.139671D+03
 0.139749D+03
 0.138413D+03
 0.138489D+03
 0.136147D+03
 0.137653D+03
 0.138668D+03
 0.138668D+03
 0.137124D+03
 0.137102D+03
 0.134679D+03
 0.135871D+03
 0.137057D+03
 0.137214D+03
 0.135555D+03
 0.135427D+03
 0.133075D+03
 0.134303D+03
 0.135432D+03
 0.135766D+03
 0.133990D+03
 0.132260D+03
 0.131939D+03
 0.133001D+03
 0.133595D+03
 0.134328D+03
 0.133044D+03
 0.131286D+03
 0.130885D+03
 0.132365D+03
 0.132182D+03
 0.133492D+03
 0.132418D+03
 0.130279D+03
 0.130078D+03
 0.132143D+03
 0.131254D+03
 0.132903D+03
 0.132054D+03
 0.131604D+03
 0.129850D+03
 0.132411D+03
 0.130792D+03
 0.132331D+03
 0.131536D+03
 0.131437D+03
 0.129473D+03
 0.132602D+03
 0.130783D+03
 0.132192D+03
 0.131604D+03
 0.131209D+03
 0.129381D+03
 0.132334D+03
 0.130335D+03
 0.131855D+03
 0.131279D+03
 0.131104D+03
 0.129221D+03
 0.131794D+03
 0.130469D+03
 0.131591D+03
 0.131216D+03
 0.130808D+03
 0.128899D+03
 0.131169D+03
 0.130490D+03
 0.131616D+03
 0.131152D+03
 0.130598D+03
 0.128637D+03
 0.130705D+03
 0.130814D+03
 0.131630D+03
 0.131269D+03
 0.130950D+03
 0.128678D+03
 0.130416D+03
 0.131200D+03
 0.131654D+03
 0.131298D+03
 0.130956D+03
 0.128830D+03
 0.130184D+03
 0.131738D+03
 0.131934D+03
 0.131811D+03
 0.131438D+03
 0.128975D+03
 0.130543D+03
 0.132805D+03
 0.133440D+03
 0.131912D+03
 0.131897D+03
 0.129318D+03
 0.130839D+03
 0.133903D+03
 0.133206D+03
 0.132295D+03
 0.132418D+03
 0.129845D+03
 0.131496D+03
 0.135109D+03
 0.133295D+03
 0.132802D+03
 0.132592D+03
 0.130221D+03
 0.131922D+03
 0.134787D+03
 0.133310D+03
 0.133252D+03
 0.131077D+03
 0.132537D+03
 0.134955D+03
 0.134083D+03
 0.133806D+03
 0.131444D+03
 0.133115D+03
 0.134815D+03
 0.134469D+03
 0.134340D+03
 0.132232D+03
 0.134313D+03
 0.137762D+03
 0.135201D+03
 0.135042D+03
 0.132905D+03
 0.135509D+03
 0.139795D+03
 0.138315D+03
 0.138207D+03
 0.135407D+03
 0.137301D+03
 0.139588D+03
 0.139436D+03
 0.139007D+03
 0.136812D+03
 0.139061D+03
 0.140364D+03
 0.140201D+03
 0.140100D+03
 0.137961D+03
 0.140323D+03
 0.140918D+03
 0.141045D+03
 0.140813D+03
 0.139266D+03
 0.141397D+03
 0.141605D+03
 0.141500D+03
 0.141302D+03
 0.139723D+03
 0.141916D+03
 0.141771D+03
 0.141964D+03
 0.141907D+03
 0.139692D+03
 0.142212D+03
 0.141696D+03
 0.142158D+03
 0.141843D+03
 0.139290D+03
 0.142367D+03
 0.141846D+03
 0.142161D+03
 0.141717D+03
 0.139910D+03
 0.142170D+03
 0.142278D+03
 0.141848D+03
 0.142071D+03
 0.141745D+03
 0.139549D+03
 0.142101D+03
 0.141780D+03
 0.141447D+03
 0.141586D+03
 0.141320D+03
 0.139292D+03
 0.141675D+03
 0.141234D+03
 0.141245D+03
 0.141076D+03
 0.140647D+03
 0.138678D+03
 0.140641D+03
 0.140518D+03
 0.140775D+03
 0.139970D+03
 0.139717D+03
 0.137775D+03
 0.139461D+03
 0.139841D+03
 0.139929D+03
 0.138777D+03
 0.138478D+03
 0.136465D+03
 0.137809D+03
 0.138808D+03
 0.138992D+03
 0.137255D+03
 0.137080D+03
 0.134864D+03
 0.135949D+03
 0.137423D+03
 0.137419D+03
 0.135688D+03
 0.133756D+03
 0.133166D+03
 0.134285D+03
 0.135332D+03
 0.135711D+03
 0.134186D+03
 0.132316D+03
 0.131390D+03
 0.130942D+03
 0.131191D+03
 0.134426D+03
 0.133108D+03
 0.131080D+03
 0.130512D+03
 0.130263D+03
 0.130075D+03
 0.131072D+03
 0.130056D+03
 0.130102D+03
 0.129768D+03
 0.131652D+03
 0.129420D+03
 0.130815D+03
 0.129928D+03
 0.129766D+03
 0.129393D+03
 0.131661D+03
 0.130487D+03
 0.132156D+03
 0.131455D+03
 0.131072D+03
 0.129336D+03
 0.132226D+03
 0.130388D+03
 0.132105D+03
 0.131546D+03
 0.130967D+03
 0.129377D+03
 0.132156D+03
 0.130275D+03
 0.131727D+03
 0.131451D+03
 0.130806D+03
 0.129305D+03
 0.131925D+03
 0.130295D+03
 0.131466D+03
 0.131059D+03
 0.130724D+03
 0.128956D+03
 0.131232D+03
 0.130287D+03
 0.131721D+03
 0.131088D+03
 0.130752D+03
 0.128809D+03
 0.130606D+03
 0.130551D+03
 0.131586D+03
 0.131204D+03
 0.130538D+03
 0.128747D+03
 0.130338D+03
 0.131041D+03
 0.131888D+03
 0.131469D+03
 0.130984D+03
 0.128908D+03
 0.130188D+03
 0.131873D+03
 0.132067D+03
 0.131820D+03
 0.131110D+03
 0.129228D+03
 0.130567D+03
 0.132744D+03
 0.133907D+03
 0.131987D+03
 0.131713D+03
 0.129725D+03
 0.130916D+03
 0.133949D+03
 0.133728D+03
 0.132526D+03
 0.132364D+03
 0.130016D+03
 0.131454D+03
 0.135309D+03
 0.133732D+03
 0.132924D+03
 0.132808D+03
 0.130516D+03
 0.132012D+03
 0.135016D+03
 0.133449D+03
 0.133253D+03
 0.131016D+03
 0.132784D+03
 0.134884D+03
 0.133992D+03
 0.133588D+03
 0.131876D+03
 0.133316D+03
 0.134674D+03
 0.134416D+03
 0.134058D+03
 0.132286D+03
 0.134121D+03
 0.140861D+03
 0.141273D+03
 0.141574D+03
 0.141208D+03
 0.139643D+03
 0.141829D+03
 0.141522D+03
 0.141987D+03
 0.141749D+03
 0.139537D+03
 0.141989D+03
 0.142039D+03
 0.142246D+03
 0.141809D+03
 0.139530D+03
 0.142352D+03
 0.141860D+03
 0.142317D+03
 0.141930D+03
 0.139993D+03
 0.142006D+03
 0.142263D+03
 0.141881D+03
 0.142092D+03
 0.141832D+03
 0.139817D+03
 0.142276D+03
 0.141757D+03
 0.141842D+03
 0.141822D+03
 0.141341D+03
 0.139455D+03
 0.141816D+03
 0.141285D+03
 0.141572D+03
 0.141126D+03
 0.140899D+03
 0.138932D+03
 0.140733D+03
 0.140684D+03
 0.141277D+03
 0.140086D+03
 0.139841D+03
 0.138031D+03
 0.139508D+03
 0.139927D+03
 0.140611D+03
 0.138837D+03
 0.138464D+03
 0.136427D+03
 0.137969D+03
 0.138933D+03
 0.139497D+03
 0.137236D+03
 0.135311D+03
 0.134715D+03
 0.136063D+03
 0.137032D+03
 0.137595D+03
 0.135149D+03
 0.133538D+03
 0.132594D+03
 0.131976D+03
 0.132927D+03
 0.133391D+03
 0.131754D+03
 0.131797D+03
 0.131150D+03
 0.130435D+03
 0.130839D+03
 0.131388D+03
 0.130103D+03
 0.130640D+03
 0.130101D+03
 0.129841D+03
 0.129487D+03
 0.130903D+03
 0.129647D+03
 0.129613D+03
 0.129404D+03
 0.130756D+03
 0.128690D+03
 0.130461D+03
 0.129707D+03
 0.129321D+03
 0.128627D+03
 0.130552D+03
 0.127606D+03
 0.129682D+03
 0.129359D+03
 0.129994D+03
 0.129214D+03
 0.131632D+03
 0.129870D+03
 0.131649D+03
 0.131211D+03
 0.130520D+03
 0.129252D+03
 0.131915D+03
 0.129997D+03
 0.131769D+03
 0.131248D+03
 0.130689D+03
 0.129455D+03
 0.131748D+03
 0.129862D+03
 0.131543D+03
 0.130994D+03
 0.130466D+03
 0.129143D+03
 0.131193D+03
 0.130113D+03
 0.131656D+03
 0.131011D+03
 0.130563D+03
 0.129105D+03
 0.130675D+03
 0.130614D+03
 0.131771D+03
 0.131344D+03
 0.130688D+03
 0.128830D+03
 0.130417D+03
 0.131019D+03
 0.132075D+03
 0.131638D+03
 0.130956D+03
 0.129195D+03
 0.130409D+03
 0.131814D+03
 0.132205D+03
 0.131750D+03
 0.131175D+03
 0.129396D+03
 0.130655D+03
 0.132696D+03
 0.134169D+03
 0.132195D+03
 0.131862D+03
 0.129834D+03
 0.130978D+03
 0.134094D+03
 0.134039D+03
 0.132777D+03
 0.132364D+03
 0.130299D+03
 0.131633D+03
 0.135391D+03
 0.133883D+03
 0.133089D+03
 0.132900D+03
 0.130629D+03
 0.132247D+03
 0.134844D+03
 0.133579D+03
 0.133030D+03
 0.131117D+03
 0.132541D+03
 0.133923D+03
 0.133735D+03
 0.133319D+03
 0.131492D+03
 0.133077D+03
 0.140623D+03
 0.141099D+03
 0.141185D+03
 0.140831D+03
 0.139545D+03
 0.141601D+03
 0.141760D+03
 0.142005D+03
 0.141537D+03
 0.139677D+03
 0.142219D+03
 0.141706D+03
 0.142047D+03
 0.141618D+03
 0.139669D+03
 0.142190D+03
 0.142020D+03
 0.142256D+03
 0.142038D+03
 0.140292D+03
 0.142169D+03
 0.142288D+03
 0.142191D+03
 0.142240D+03
 0.141972D+03
 0.140221D+03
 0.142155D+03
 0.141951D+03
 0.142231D+03
 0.141633D+03
 0.141497D+03
 0.139919D+03
 0.141717D+03
 0.141489D+03
 0.141596D+03
 0.141270D+03
 0.140785D+03
 0.139049D+03
 0.140979D+03
 0.140674D+03
 0.141401D+03
 0.140117D+03
 0.139786D+03
 0.138054D+03
 0.139367D+03
 0.139855D+03
 0.141226D+03
 0.138686D+03
 0.137220D+03
 0.136585D+03
 0.136088D+03
 0.136698D+03
 0.136816D+03
 0.135121D+03
 0.135291D+03
 0.134474D+03
 0.133853D+03
 0.134641D+03
 0.134661D+03
 0.133091D+03
 0.133308D+03
 0.132445D+03
 0.131473D+03
 0.127243D+03
 0.129336D+03
 0.129836D+03
 0.129857D+03
 0.128966D+03
 0.130941D+03
 0.129450D+03
 0.131435D+03
 0.130746D+03
 0.130033D+03
 0.128892D+03
 0.131520D+03
 0.129461D+03
 0.131555D+03
 0.131025D+03
 0.130233D+03
 0.129229D+03
 0.131304D+03
 0.129658D+03
 0.131609D+03
 0.131136D+03
 0.130277D+03
 0.129094D+03
 0.131034D+03
 0.129956D+03
 0.131703D+03
 0.131049D+03
 0.130133D+03
 0.128975D+03
 0.130621D+03
 0.130502D+03
 0.131971D+03
 0.131345D+03
 0.130473D+03
 0.128903D+03
 0.130129D+03
 0.131134D+03
 0.133260D+03
 0.131409D+03
 0.130848D+03
 0.129314D+03
 0.130177D+03
 0.131706D+03
 0.133066D+03
 0.131890D+03
 0.131400D+03
 0.129345D+03
 0.130714D+03
 0.132950D+03
 0.134635D+03
 0.132192D+03
 0.131817D+03
 0.129665D+03
 0.130887D+03
 0.134187D+03
 0.134292D+03
 0.132831D+03
 0.132360D+03
 0.130369D+03
 0.131453D+03
 0.135331D+03
 0.133888D+03
 0.133249D+03
 0.132769D+03
 0.130761D+03
 0.132103D+03
 0.134329D+03
 0.132958D+03
 0.132584D+03
 0.130758D+03
 0.131921D+03
 0.140559D+03
 0.141275D+03
 0.141063D+03
 0.140835D+03
 0.139405D+03
 0.141676D+03
 0.141767D+03
 0.141757D+03
 0.141530D+03
 0.139888D+03
 0.142222D+03
 0.142060D+03
 0.142288D+03
 0.141979D+03
 0.139835D+03
 0.142584D+03
 0.142469D+03
 0.142410D+03
 0.141992D+03
 0.140609D+03
 0.142126D+03
 0.142477D+03
 0.142414D+03
 0.142360D+03
 0.141911D+03
 0.140389D+03
 0.142001D+03
 0.141988D+03
 0.142326D+03
 0.141981D+03
 0.141357D+03
 0.140023D+03
 0.141566D+03
 0.141327D+03
 0.141909D+03
 0.141076D+03
 0.140744D+03
 0.139380D+03
 0.139057D+03
 0.140428D+03
 0.141757D+03
 0.138214D+03
 0.138757D+03
 0.138059D+03
 0.137695D+03
 0.137791D+03
 0.137268D+03
 0.136605D+03
 0.137017D+03
 0.136142D+03
 0.135758D+03
 0.136448D+03
 0.135060D+03
 0.134920D+03
 0.135053D+03
 0.134116D+03
 0.133380D+03
 0.134172D+03
 0.134570D+03
 0.132615D+03
 0.132711D+03
 0.131810D+03
 0.132191D+03
 0.128702D+03
 0.131447D+03
 0.130083D+03
 0.129520D+03
 0.128486D+03
 0.130665D+03
 0.128837D+03
 0.131520D+03
 0.130499D+03
 0.129772D+03
 0.128776D+03
 0.130814D+03
 0.129199D+03
 0.131456D+03
 0.130786D+03
 0.129956D+03
 0.129019D+03
 0.130659D+03
 0.129678D+03
 0.131871D+03
 0.130969D+03
 0.130301D+03
 0.128963D+03
 0.130353D+03
 0.130203D+03
 0.132290D+03
 0.131115D+03
 0.130270D+03
 0.129017D+03
 0.130071D+03
 0.130826D+03
 0.133141D+03
 0.131552D+03
 0.130794D+03
 0.129236D+03
 0.129990D+03
 0.131784D+03
 0.132050D+03
 0.131859D+03
 0.131103D+03
 0.129507D+03
 0.130553D+03
 0.132888D+03
 0.133199D+03
 0.132123D+03
 0.131654D+03
 0.129944D+03
 0.130819D+03
 0.133887D+03
 0.134520D+03
 0.132615D+03
 0.131989D+03
 0.130165D+03
 0.131067D+03
 0.135152D+03
 0.134115D+03
 0.132803D+03
 0.132302D+03
 0.130460D+03
 0.131631D+03
 0.142387D+03
 0.142338D+03
 0.142474D+03
 0.141863D+03
 0.140238D+03
 0.142395D+03
 0.142238D+03
 0.142688D+03
 0.142109D+03
 0.140753D+03
 0.140500D+03
 0.142226D+03
 0.142254D+03
 0.142325D+03
 0.141994D+03
 0.140390D+03
 0.140349D+03
 0.141772D+03
 0.142128D+03
 0.141743D+03
 0.141379D+03
 0.140560D+03
 0.139874D+03
 0.140778D+03
 0.139794D+03
 0.139378D+03
 0.139537D+03
 0.139262D+03
 0.138914D+03
 0.129016D+03
 0.131600D+03
 0.130511D+03
 0.129490D+03
 0.128625D+03
 0.130297D+03
 0.129252D+03
 0.132030D+03
 0.130699D+03
 0.129778D+03
 0.128734D+03
 0.129985D+03
 0.129966D+03
 0.132614D+03
 0.131007D+03
 0.129979D+03
 0.128895D+03
 0.129682D+03
 0.130628D+03
 0.133234D+03
 0.131335D+03
 0.130570D+03
 0.128914D+03
 0.129949D+03
 0.131254D+03
 0.135647D+03
 0.131571D+03
 0.130803D+03
 0.129353D+03
 0.130240D+03
 0.132296D+03
 0.133027D+03
 0.132013D+03
 0.131295D+03
 0.129721D+03
 0.130410D+03
 0.133621D+03
 0.134396D+03
 0.132190D+03
 0.131553D+03
 0.129954D+03
 0.130606D+03
 0.134542D+03
 0.133514D+03
 0.132281D+03
 0.131594D+03
 0.130150D+03
 0.131193D+03
 0.142402D+03
 0.142440D+03
 0.142470D+03
 0.141793D+03
 0.140227D+03
 0.142196D+03
 0.142395D+03
 0.142472D+03
 0.141659D+03
 0.140578D+03
 0.140251D+03
 0.141820D+03
 0.142069D+03
 0.142041D+03
 0.141256D+03
 0.140129D+03
 0.140207D+03
 0.141055D+03
 0.140042D+03
 0.139733D+03
 0.140123D+03
 0.139824D+03
 0.139290D+03
 0.138992D+03
 0.138871D+03
 0.139413D+03
 0.139149D+03
 0.138267D+03
 0.139157D+03
 0.128471D+03
 0.131682D+03
 0.130220D+03
 0.129184D+03
 0.128345D+03
 0.129921D+03
 0.128838D+03
 0.132005D+03
 0.130516D+03
 0.129424D+03
 0.128577D+03
 0.129612D+03
 0.129500D+03
 0.132268D+03
 0.130676D+03
 0.129494D+03
 0.128399D+03
 0.129441D+03
 0.130251D+03
 0.132990D+03
 0.131128D+03
 0.129866D+03
 0.128751D+03
 0.129326D+03
 0.130879D+03
 0.135589D+03
 0.131246D+03
 0.129952D+03
 0.128796D+03
 0.129336D+03
 0.131654D+03
 0.134859D+03
 0.131441D+03
 0.130278D+03
 0.129277D+03
 0.129885D+03
 0.132918D+03
 0.134015D+03
 0.131505D+03
 0.130676D+03
 0.129305D+03
 0.130178D+03
 0.128733D+03
 0.131983D+03
 0.130361D+03
 0.128980D+03
 0.127595D+03
 0.128690D+03
 0.128321D+03
 0.131577D+03
 0.130021D+03
 0.128736D+03
 0.127120D+03
 0.128789D+03
 0.133029D+03
 0.133377D+03
 0.132606D+03
 0.129980D+03
 0.130962D+03
 0.135913D+03
 0.134116D+03
 0.132957D+03
 0.131051D+03
 0.132052D+03
 0.135699D+03
 0.135160D+03
 0.134129D+03
 0.132021D+03
 0.132954D+03
 0.138234D+03
 0.136064D+03
 0.135258D+03
 0.133213D+03
 0.134266D+03
 0.136874D+03
 0.137617D+03
 0.136684D+03
 0.133954D+03
 0.135382D+03
 0.135510D+03
 0.134952D+03
 0.133844D+03
 0.131844D+03
 0.133644D+03
 0.132911D+03
 0.131134D+03
 0.132424D+03
 0.131777D+03
 0.130640D+03
 0.132183D+03
 0.131312D+03
 0.134995D+03
 0.132050D+03
 0.130977D+03
 0.129535D+03
 0.128910D+03
 0.129895D+03
 0.133489D+03
 0.131151D+03
 0.130257D+03
 0.128736D+03
 0.128541D+03
 0.129171D+03
 0.132441D+03
 0.130452D+03
 0.129793D+03
 0.127872D+03
 0.128902D+03
 0.128670D+03
 0.131880D+03
 0.130174D+03
 0.129165D+03
 0.127735D+03
 0.128754D+03
 0.128470D+03
 0.131605D+03
 0.130335D+03
 0.129015D+03
 0.127524D+03
 0.128743D+03
 0.132438D+03
 0.133281D+03
 0.132188D+03
 0.130093D+03
 0.130916D+03
 0.135480D+03
 0.133771D+03
 0.132732D+03
 0.131098D+03
 0.132023D+03
 0.135797D+03
 0.135083D+03
 0.133837D+03
 0.132280D+03
 0.133387D+03
 0.137446D+03
 0.136349D+03
 0.135154D+03
 0.133534D+03
 0.134564D+03
 0.139325D+03
 0.137414D+03
 0.136542D+03
 0.134554D+03
 0.140295D+03
 0.138886D+03
 0.137949D+03
 0.135840D+03
 0.134268D+03
 0.132736D+03
 0.133612D+03
 0.132590D+03
 0.131779D+03
 0.133144D+03
 0.132987D+03
 0.133906D+03
 0.132872D+03
 0.132056D+03
 0.130537D+03
 0.130013D+03
 0.131092D+03
 0.134968D+03
 0.131938D+03
 0.130962D+03
 0.129692D+03
 0.129185D+03
 0.129950D+03
 0.133501D+03
 0.131366D+03
 0.130350D+03
 0.128878D+03
 0.128863D+03
 0.128939D+03
 0.132382D+03
 0.130795D+03
 0.129875D+03
 0.128527D+03
 0.128962D+03
 0.128606D+03
 0.132008D+03
 0.130604D+03
 0.129358D+03
 0.128176D+03
 0.128987D+03
 0.128649D+03
 0.131800D+03
 0.130289D+03
 0.129223D+03
 0.127708D+03
 0.129213D+03
 0.135651D+03
 0.134097D+03
 0.133134D+03
 0.134056D+03
 0.137054D+03
 0.135251D+03
 0.134179D+03
 0.134104D+03
 0.136071D+03
 0.136482D+03
 0.135375D+03
 0.138753D+03
 0.138058D+03
 0.136815D+03
 0.136015D+03
 0.139368D+03
 0.139123D+03
 0.138044D+03
 0.137459D+03
 0.140205D+03
 0.140187D+03
 0.139285D+03
 0.140961D+03
 0.140992D+03
 0.141279D+03
 0.140670D+03
 0.140647D+03
 0.140383D+03
 0.139826D+03
 0.140449D+03
 0.140289D+03
 0.139876D+03
 0.140145D+03
 0.140089D+03
 0.140596D+03
 0.139788D+03
 0.138022D+03
 0.139581D+03
 0.139343D+03
 0.140221D+03
 0.139155D+03
 0.137154D+03
 0.138228D+03
 0.137643D+03
 0.138353D+03
 0.137548D+03
 0.137091D+03
 0.137171D+03
 0.135985D+03
 0.136606D+03
 0.136091D+03
 0.136615D+03
 0.135899D+03
 0.134448D+03
 0.135300D+03
 0.134521D+03
 0.135134D+03
 0.134893D+03
 0.135073D+03
 0.134489D+03
 0.133429D+03
 0.132200D+03
 0.133336D+03
 0.137165D+03
 0.133148D+03
 0.132107D+03
 0.130884D+03
 0.131289D+03
 0.134929D+03
 0.132299D+03
 0.131329D+03
 0.130217D+03
 0.130175D+03
 0.133669D+03
 0.131634D+03
 0.130318D+03
 0.129591D+03
 0.129447D+03
 0.132813D+03
 0.131197D+03
 0.129976D+03
 0.129792D+03
 0.128979D+03
 0.132078D+03
 0.130889D+03
 0.129595D+03
 0.130239D+03
 0.128385D+03
 0.131530D+03
 0.130778D+03
 0.129097D+03
 0.129935D+03
 0.128170D+03
 0.131340D+03
 0.130502D+03
 0.128856D+03
 0.129507D+03
 0.128207D+03
 0.130951D+03
 0.130125D+03
 0.128930D+03
 0.128770D+03
 0.128047D+03
 0.130956D+03
 0.130200D+03
 0.128691D+03
 0.128248D+03
 0.128228D+03
 0.130717D+03
 0.130407D+03
 0.128801D+03
 0.127796D+03
 0.128912D+03
 0.130640D+03
 0.130249D+03
 0.129019D+03
 0.127555D+03
 0.129217D+03
 0.130446D+03
 0.130587D+03
 0.129121D+03
 0.127811D+03
 0.140701D+03
 0.140834D+03
 0.141285D+03
 0.140308D+03
 0.140986D+03
 0.140991D+03
 0.141535D+03
 0.140408D+03
 0.140688D+03
 0.140518D+03
 0.140962D+03
 0.140222D+03
 0.140149D+03
 0.140097D+03
 0.140840D+03
 0.139906D+03
 0.139429D+03
 0.139382D+03
 0.139902D+03
 0.138772D+03
 0.138514D+03
 0.137890D+03
 0.138440D+03
 0.137475D+03
 0.137371D+03
 0.136583D+03
 0.136918D+03
 0.136248D+03
 0.136761D+03
 0.135120D+03
 0.136079D+03
 0.135148D+03
 0.135469D+03
 0.135584D+03
 0.134691D+03
 0.133795D+03
 0.133735D+03
 0.137166D+03
 0.133769D+03
 0.132666D+03
 0.132099D+03
 0.135286D+03
 0.132634D+03
 0.131628D+03
 0.130788D+03
 0.134118D+03
 0.132003D+03
 0.130781D+03
 0.129848D+03
 0.133100D+03
 0.131430D+03
 0.130242D+03
 0.129027D+03
 0.132483D+03
 0.131065D+03
 0.129719D+03
 0.128646D+03
 0.131686D+03
 0.130816D+03
 0.129393D+03
 0.128260D+03
 0.131558D+03
 0.130493D+03
 0.128830D+03
 0.128167D+03
 0.130922D+03
 0.130264D+03
 0.128780D+03
 0.127994D+03
 0.130620D+03
 0.129904D+03
 0.128353D+03
 0.128136D+03
 0.130577D+03
 0.130116D+03
 0.128355D+03
 0.128570D+03
 0.130238D+03
 0.130346D+03
 0.128707D+03
 0.129224D+03
 0.130461D+03
 0.130525D+03
 0.128886D+03
 0.130416D+03
 0.134285D+03
 0.130918D+03
 0.129513D+03
 0.141298D+03
 0.140611D+03
 0.141337D+03
 0.140658D+03
 0.140835D+03
 0.140607D+03
 0.141469D+03
 0.140654D+03
 0.140803D+03
 0.140657D+03
 0.140847D+03
 0.140219D+03
 0.139808D+03
 0.139566D+03
 0.139859D+03
 0.139349D+03
 0.139421D+03
 0.138888D+03
 0.139557D+03
 0.137763D+03
 0.138548D+03
 0.137426D+03
 0.138055D+03
 0.136913D+03
 0.137754D+03
 0.135901D+03
 0.136890D+03
 0.135400D+03
 0.136218D+03
 0.136451D+03
 0.135415D+03
 0.134016D+03
 0.134341D+03
 0.137729D+03
 0.134435D+03
 0.132831D+03
 0.132639D+03
 0.136060D+03
 0.133134D+03
 0.131759D+03
 0.131264D+03
 0.134530D+03
 0.132511D+03
 0.131054D+03
 0.130428D+03
 0.133595D+03
 0.131887D+03
 0.130513D+03
 0.129882D+03
 0.132883D+03
 0.131325D+03
 0.129768D+03
 0.129289D+03
 0.132335D+03
 0.131026D+03
 0.129470D+03
 0.128629D+03
 0.131610D+03
 0.130774D+03
 0.129260D+03
 0.128519D+03
 0.131125D+03
 0.130379D+03
 0.128644D+03
 0.128459D+03
 0.131071D+03
 0.130332D+03
 0.128654D+03
 0.128603D+03
 0.130674D+03
 0.130192D+03
 0.128630D+03
 0.129128D+03
 0.130667D+03
 0.130359D+03
 0.128784D+03
 0.129608D+03
 0.130613D+03
 0.130813D+03
 0.129374D+03
 0.130802D+03
 0.134590D+03
 0.131196D+03
 0.129453D+03
 0.132278D+03
 0.134332D+03
 0.131790D+03
 0.130216D+03
 0.132011D+03
 0.132010D+03
 0.129018D+03
 0.129608D+03
 0.133012D+03
 0.131880D+03
 0.129575D+03
 0.129888D+03
 0.130197D+03
 0.130241D+03
 0.128433D+03
 0.129188D+03
 0.131233D+03
 0.132747D+03
 0.128978D+03
 0.129391D+03
 0.132610D+03
 0.132386D+03
 0.129482D+03
 0.130009D+03
 0.133595D+03
 0.132084D+03
 0.129939D+03
 0.130405D+03
 0.130596D+03
 0.128795D+03
 0.131404D+03
 0.128683D+03
 0.126359D+03
 0.129400D+03
 0.129180D+03
 0.126721D+03
 0.129523D+03
 0.129776D+03
 0.126974D+03
 0.130095D+03
 0.130177D+03
 0.127617D+03
 0.130277D+03
 0.129652D+03
 0.127925D+03
 0.130652D+03
 0.131039D+03
 0.128601D+03
 0.131135D+03
 0.131146D+03
 0.129867D+03
 0.131658D+03
 0.130096D+03
 0.128963D+03
 0.130487D+03
 0.129667D+03
 0.127583D+03
 0.129924D+03
 0.128953D+03
 0.127188D+03
 0.129447D+03
 0.129169D+03
 0.127285D+03
 0.129529D+03
 0.129312D+03
 0.127580D+03
 0.129834D+03
 0.129890D+03
 0.127716D+03
 0.129947D+03
 0.130204D+03
 0.128303D+03
 0.130224D+03
 0.130857D+03
 0.128720D+03
 0.130690D+03
 0.131317D+03
 0.128927D+03
 0.131059D+03
 0.131489D+03
 0.129426D+03
 0.131438D+03
 0.131345D+03
 0.130602D+03
 0.132007D+03
 0.131476D+03
 0.131052D+03
 0.132355D+03
 0.138097D+03
 0.136967D+03
 0.137493D+03
 0.135247D+03
 0.135048D+03
 0.135520D+03
 0.134351D+03
 0.133339D+03
 0.134013D+03
 0.132801D+03
 0.131978D+03
 0.132676D+03
 0.131571D+03
 0.130588D+03
 0.131650D+03
 0.130711D+03
 0.130067D+03
 0.130976D+03
 0.130295D+03
 0.128662D+03
 0.130502D+03
 0.130017D+03
 0.129226D+03
 0.130059D+03
 0.130066D+03
 0.128201D+03
 0.129837D+03
 0.129739D+03
 0.128181D+03
 0.129930D+03
 0.129281D+03
 0.129241D+03
 0.129784D+03
 0.129517D+03
 0.129031D+03
 0.130016D+03
 0.128907D+03
 0.128606D+03
 0.129987D+03
 0.129342D+03
 0.128696D+03
 0.130164D+03
 0.130565D+03
 0.129199D+03
 0.130411D+03
 0.130955D+03
 0.129422D+03
 0.130815D+03
 0.131698D+03
 0.129912D+03
 0.131306D+03
 0.131916D+03
 0.130290D+03
 0.131389D+03
 0.131541D+03
 0.131430D+03
 0.132007D+03
 0.130995D+03
 0.131602D+03
 0.132510D+03
 0.140113D+03
 0.140709D+03
 0.140540D+03
 0.139087D+03
 0.139190D+03
 0.139179D+03
 0.137274D+03
 0.137473D+03
 0.137419D+03
 0.135357D+03
 0.135682D+03
 0.135717D+03
 0.133677D+03
 0.134189D+03
 0.134214D+03
 0.132112D+03
 0.132756D+03
 0.132976D+03
 0.130952D+03
 0.131686D+03
 0.131936D+03
 0.131273D+03
 0.130824D+03
 0.131241D+03
 0.129607D+03
 0.130321D+03
 0.130665D+03
 0.129151D+03
 0.129976D+03
 0.130323D+03
 0.129130D+03
 0.130011D+03
 0.130465D+03
 0.129908D+03
 0.130044D+03
 0.130218D+03
 0.129940D+03
 0.130075D+03
 0.130135D+03
 0.130119D+03
 0.130006D+03
 0.130005D+03
 0.129399D+03
 0.129399D+03
 0.130133D+03
 0.130261D+03
 0.129592D+03
 0.130181D+03
 0.129879D+03
 0.129950D+03
 0.130621D+03
 0.131356D+03
 0.130963D+03
 0.130986D+03
 0.131649D+03
 0.130632D+03
 0.131332D+03
 0.131862D+03
 0.131209D+03
 0.131483D+03
 0.131511D+03
 0.131460D+03
 0.132053D+03
 0.130975D+03
 0.131897D+03
 0.132327D+03
 0.131257D+03
 0.132525D+03
 0.132846D+03
 0.134613D+03
 0.133259D+03
 0.133782D+03
 0.135503D+03
 0.134356D+03
 0.134473D+03
 0.136831D+03
 0.135325D+03
 0.135792D+03
 0.137036D+03
 0.137347D+03
 0.136281D+03
 0.137750D+03
 0.138714D+03
 0.137682D+03
 0.138694D+03
 0.139587D+03
 0.138896D+03
 0.140524D+03
 0.140079D+03
 0.140788D+03
 0.141233D+03
 0.140688D+03
 0.141263D+03
 0.141952D+03
 0.141376D+03
 0.141354D+03
 0.142129D+03
 0.141501D+03
 0.141883D+03
 0.142059D+03
 0.142195D+03
 0.142000D+03
 0.140873D+03
 0.140903D+03
 0.141446D+03
 0.140026D+03
 0.140140D+03
 0.140412D+03
 0.138783D+03
 0.138519D+03
 0.139028D+03
 0.137434D+03
 0.137029D+03
 0.137548D+03
 0.135403D+03
 0.135503D+03
 0.135751D+03
 0.133771D+03
 0.134047D+03
 0.134559D+03
 0.132388D+03
 0.132597D+03
 0.133195D+03
 0.132338D+03
 0.132205D+03
 0.132401D+03
 0.130274D+03
 0.131466D+03
 0.131387D+03
 0.129947D+03
 0.130813D+03
 0.131024D+03
 0.129612D+03
 0.130740D+03
 0.130892D+03
 0.129671D+03
 0.130447D+03
 0.130547D+03
 0.129309D+03
 0.129770D+03
 0.130450D+03
 0.130221D+03
 0.129693D+03
 0.130409D+03
 0.130320D+03
 0.130836D+03
 0.130420D+03
 0.129541D+03
 0.130622D+03
 0.130256D+03
 0.130552D+03
 0.130114D+03
 0.130581D+03
 0.129999D+03
 0.130284D+03
 0.130733D+03
 0.130418D+03
 0.131403D+03
 0.131078D+03
 0.131697D+03
 0.131667D+03
 0.131656D+03
 0.131802D+03
 0.131239D+03
 0.131629D+03
 0.131427D+03
 0.131976D+03
 0.131942D+03
 0.131165D+03
 0.132289D+03
 0.132478D+03
 0.131463D+03
 0.132939D+03
 0.131860D+03
 0.134746D+03
 0.134278D+03
 0.133121D+03
 0.135589D+03
 0.135072D+03
 0.134648D+03
 0.136912D+03
 0.136295D+03
 0.136032D+03
 0.137334D+03
 0.136809D+03
 0.136646D+03
 0.137896D+03
 0.138878D+03
 0.137883D+03
 0.138887D+03
 0.140130D+03
 0.139123D+03
 0.140584D+03
 0.140885D+03
 0.140721D+03
 0.141142D+03
 0.140631D+03
 0.141205D+03
 0.141620D+03
 0.141177D+03
 0.141569D+03
 0.141864D+03
 0.141276D+03
 0.141742D+03
 0.141336D+03
 0.141443D+03
 0.142205D+03
 0.141067D+03
 0.141098D+03
 0.141842D+03
 0.140770D+03
 0.140807D+03
 0.141132D+03
 0.139918D+03
 0.140032D+03
 0.140308D+03
 0.138902D+03
 0.138754D+03
 0.139122D+03
 0.137316D+03
 0.137015D+03
 0.137362D+03
 0.135485D+03
 0.135540D+03
 0.135950D+03
 0.134196D+03
 0.134011D+03
 0.134880D+03
 0.132619D+03
 0.132581D+03
 0.133701D+03
 0.131338D+03
 0.131662D+03
 0.132822D+03
 0.130827D+03
 0.131496D+03
 0.132021D+03
 0.130097D+03
 0.131359D+03
 0.131682D+03
 0.130776D+03
 0.130400D+03
 0.131111D+03
 0.130551D+03
 0.130846D+03
 0.131122D+03
 0.130530D+03
 0.130843D+03
 0.130792D+03
 0.129377D+03
 0.131044D+03
 0.130752D+03
 0.130367D+03
 0.129989D+03
 0.130465D+03
 0.130568D+03
 0.130843D+03
 0.130487D+03
 0.130497D+03
 0.131268D+03
 0.130486D+03
 0.130790D+03
 0.130495D+03
 0.131212D+03
 0.131177D+03
 0.131511D+03
 0.130866D+03
 0.131699D+03
 0.131729D+03
 0.131432D+03
 0.131944D+03
 0.131569D+03
 0.131465D+03
 0.130898D+03
 0.131752D+03
 0.130667D+03
 0.131202D+03
 0.132484D+03
 0.131185D+03
 0.131797D+03
 0.133379D+03
 0.132361D+03
 0.134861D+03
 0.134368D+03
 0.133359D+03
 0.136074D+03
 0.135426D+03
 0.134840D+03
 0.136792D+03
 0.136577D+03
 0.136116D+03
 0.137442D+03
 0.137747D+03
 0.136858D+03
 0.139206D+03
 0.139092D+03
 0.138302D+03
 0.139014D+03
 0.139984D+03
 0.139385D+03
 0.140647D+03
 0.140652D+03
 0.140861D+03
 0.141079D+03
 0.141559D+03
 0.141437D+03
 0.141587D+03
 0.142057D+03
 0.141382D+03
 0.141108D+03
 0.142014D+03
 0.141636D+03
 0.141011D+03
 0.142239D+03
 0.141650D+03
 0.140944D+03
 0.141063D+03
 0.141852D+03
 0.140554D+03
 0.140818D+03
 0.141102D+03
 0.139815D+03
 0.139621D+03
 0.140084D+03
 0.138825D+03
 0.138445D+03
 0.138814D+03
 0.137379D+03
 0.136915D+03
 0.137321D+03
 0.135764D+03
 0.135758D+03
 0.136563D+03
 0.134125D+03
 0.134153D+03
 0.135086D+03
 0.132786D+03
 0.132806D+03
 0.133826D+03
 0.131820D+03
 0.132009D+03
 0.133047D+03
 0.130883D+03
 0.131917D+03
 0.132417D+03
 0.130427D+03
 0.131305D+03
 0.131808D+03
 0.130881D+03
 0.130343D+03
 0.131655D+03
 0.129746D+03
 0.130932D+03
 0.131031D+03
 0.129692D+03
 0.131148D+03
 0.130828D+03
 0.129627D+03
 0.130864D+03
 0.130819D+03
 0.129634D+03
 0.130937D+03
 0.130682D+03
 0.130528D+03
 0.130845D+03
 0.130716D+03
 0.130760D+03
 0.131153D+03
 0.130721D+03
 0.130539D+03
 0.131318D+03
 0.130862D+03
 0.130749D+03
 0.130665D+03
 0.130935D+03
 0.131711D+03
 0.131638D+03
 0.131362D+03
 0.131263D+03
 0.131231D+03
 0.132046D+03
 0.131153D+03
 0.131889D+03
 0.130813D+03
 0.131523D+03
 0.132332D+03
 0.131484D+03
 0.132083D+03
 0.133779D+03
 0.132438D+03
 0.135213D+03
 0.134474D+03
 0.133682D+03
 0.136292D+03
 0.135510D+03
 0.135224D+03
 0.137461D+03
 0.136791D+03
 0.136440D+03
 0.137656D+03
 0.137794D+03
 0.137304D+03
 0.138284D+03
 0.138972D+03
 0.138547D+03
 0.139037D+03
 0.139905D+03
 0.139606D+03
 0.140411D+03
 0.140616D+03
 0.141257D+03
 0.141157D+03
 0.141371D+03
 0.141454D+03
 0.140804D+03
 0.141532D+03
 0.141612D+03
 0.141160D+03
 0.141135D+03
 0.141571D+03
 0.141227D+03
 0.141737D+03
 0.141661D+03
 0.140754D+03
 0.140866D+03
 0.141919D+03
 0.140413D+03
 0.140410D+03
 0.141097D+03
 0.139990D+03
 0.139640D+03
 0.140049D+03
 0.138706D+03
 0.138460D+03
 0.139256D+03
 0.137405D+03
 0.137202D+03
 0.137788D+03
 0.135821D+03
 0.135865D+03
 0.136738D+03
 0.134353D+03
 0.134158D+03
 0.135296D+03
 0.133095D+03
 0.132824D+03
 0.133948D+03
 0.131975D+03
 0.131905D+03
 0.133213D+03
 0.131056D+03
 0.131739D+03
 0.132414D+03
 0.131598D+03
 0.131464D+03
 0.131861D+03
 0.130109D+03
 0.130357D+03
 0.131510D+03
 0.129963D+03
 0.130608D+03
 0.131436D+03
 0.130880D+03
 0.131151D+03
 0.131231D+03
 0.130658D+03
 0.131072D+03
 0.130818D+03
 0.129503D+03
 0.131008D+03
 0.130731D+03
 0.130484D+03
 0.130904D+03
 0.130608D+03
 0.130860D+03
 0.131164D+03
 0.130724D+03
 0.130958D+03
 0.131479D+03
 0.130946D+03
 0.130476D+03
 0.131362D+03
 0.131053D+03
 0.130956D+03
 0.131699D+03
 0.131528D+03
 0.131225D+03
 0.131303D+03
 0.130488D+03
 0.131369D+03
 0.132250D+03
 0.130772D+03
 0.131881D+03
 0.133442D+03
 0.131794D+03
 0.132326D+03
 0.133671D+03
 0.132636D+03
 0.135264D+03
 0.134635D+03
 0.133997D+03
 0.136270D+03
 0.135580D+03
 0.135489D+03
 0.137424D+03
 0.136681D+03
 0.136563D+03
 0.138446D+03
 0.137918D+03
 0.137369D+03
 0.139284D+03
 0.139057D+03
 0.138649D+03
 0.139002D+03
 0.139780D+03
 0.139486D+03
 0.140580D+03
 0.140625D+03
 0.141139D+03
 0.140517D+03
 0.141005D+03
 0.141413D+03
 0.140687D+03
 0.141553D+03
 0.141797D+03
 0.141079D+03
 0.141735D+03
 0.141198D+03
 0.140941D+03
 0.141763D+03
 0.141936D+03
 0.140714D+03
 0.140975D+03
 0.141575D+03
 0.140565D+03
 0.140467D+03
 0.140935D+03
 0.139780D+03
 0.139366D+03
 0.140468D+03
 0.139075D+03
 0.138591D+03
 0.139095D+03
 0.137570D+03
 0.137411D+03
 0.138135D+03
 0.136103D+03
 0.135770D+03
 0.136882D+03
 0.134568D+03
 0.134209D+03
 0.135500D+03
 0.132993D+03
 0.132896D+03
 0.133674D+03
 0.131939D+03
 0.131926D+03
 0.132965D+03
 0.130941D+03
 0.131620D+03
 0.132103D+03
 0.131404D+03
 0.131070D+03
 0.131474D+03
 0.131024D+03
 0.130339D+03
 0.131700D+03
 0.130908D+03
 0.130649D+03
 0.131367D+03
 0.130538D+03
 0.130922D+03
 0.130904D+03
 0.130653D+03
 0.130831D+03
 0.130764D+03
 0.130375D+03
 0.130906D+03
 0.130698D+03
 0.130526D+03
 0.130917D+03
 0.130592D+03
 0.130888D+03
 0.131058D+03
 0.130728D+03
 0.131154D+03
 0.131463D+03
 0.131006D+03
 0.130541D+03
 0.131208D+03
 0.131428D+03
 0.130918D+03
 0.131684D+03
 0.131776D+03
 0.131529D+03
 0.131427D+03
 0.130536D+03
 0.132770D+03
 0.132945D+03
 0.131080D+03
 0.132014D+03
 0.133223D+03
 0.131787D+03
 0.132334D+03
 0.133854D+03
 0.132875D+03
 0.135359D+03
 0.134470D+03
 0.134067D+03
 0.138156D+03
 0.137595D+03
 0.137416D+03
 0.138985D+03
 0.138867D+03
 0.138675D+03
 0.139052D+03
 0.139580D+03
 0.139425D+03
 0.140425D+03
 0.140295D+03
 0.141049D+03
 0.140194D+03
 0.140926D+03
 0.141310D+03
 0.140707D+03
 0.141315D+03
 0.141437D+03
 0.140968D+03
 0.141443D+03
 0.141449D+03
 0.140989D+03
 0.141636D+03
 0.141888D+03
 0.140873D+03
 0.140870D+03
 0.141662D+03
 0.140385D+03
 0.140159D+03
 0.140906D+03
 0.140076D+03
 0.139666D+03
 0.140316D+03
 0.138950D+03
 0.138707D+03
 0.139740D+03
 0.137606D+03
 0.137316D+03
 0.138447D+03
 0.136419D+03
 0.135756D+03
 0.136877D+03
 0.134594D+03
 0.134455D+03
 0.135339D+03
 0.132752D+03
 0.132816D+03
 0.133475D+03
 0.129930D+03
 0.131530D+03
 0.130504D+03
 0.129736D+03
 0.129547D+03
 0.130110D+03
 0.129218D+03
 0.128715D+03
 0.129357D+03
 0.130674D+03
 0.129941D+03
 0.131383D+03
 0.130807D+03
 0.130470D+03
 0.131312D+03
 0.130555D+03
 0.130818D+03
 0.131031D+03
 0.130342D+03
 0.130772D+03
 0.130672D+03
 0.130205D+03
 0.130648D+03
 0.130416D+03
 0.130645D+03
 0.130939D+03
 0.130454D+03
 0.129545D+03
 0.130879D+03
 0.131022D+03
 0.131084D+03
 0.131104D+03
 0.131121D+03
 0.130709D+03
 0.131349D+03
 0.131559D+03
 0.131091D+03
 0.131128D+03
 0.131618D+03
 0.131538D+03
 0.132431D+03
 0.130608D+03
 0.131646D+03
 0.132967D+03
 0.131160D+03
 0.131972D+03
 0.133307D+03
 0.131663D+03
 0.132345D+03
 0.133758D+03
 0.132781D+03
 0.139806D+03
 0.140551D+03
 0.140936D+03
 0.140424D+03
 0.141090D+03
 0.141379D+03
 0.140655D+03
 0.141720D+03
 0.141394D+03
 0.140737D+03
 0.141483D+03
 0.141902D+03
 0.140891D+03
 0.140625D+03
 0.141468D+03
 0.140534D+03
 0.140331D+03
 0.141293D+03
 0.140082D+03
 0.139681D+03
 0.140687D+03
 0.139013D+03
 0.138801D+03
 0.139649D+03
 0.137856D+03
 0.137442D+03
 0.138306D+03
 0.136207D+03
 0.135699D+03
 0.136844D+03
 0.132659D+03
 0.133922D+03
 0.133023D+03
 0.130857D+03
 0.130227D+03
 0.131492D+03
 0.129360D+03
 0.129741D+03
 0.129865D+03
 0.129485D+03
 0.128844D+03
 0.129501D+03
 0.128823D+03
 0.128566D+03
 0.129488D+03
 0.128166D+03
 0.127706D+03
 0.129576D+03
 0.130517D+03
 0.130204D+03
 0.130844D+03
 0.130338D+03
 0.130672D+03
 0.130639D+03
 0.130293D+03
 0.130591D+03
 0.130697D+03
 0.130208D+03
 0.130585D+03
 0.130500D+03
 0.130443D+03
 0.130662D+03
 0.130603D+03
 0.129621D+03
 0.130953D+03
 0.130660D+03
 0.130141D+03
 0.131283D+03
 0.131019D+03
 0.130704D+03
 0.131363D+03
 0.131278D+03
 0.131093D+03
 0.131942D+03
 0.131736D+03
 0.131481D+03
 0.132318D+03
 0.130771D+03
 0.131194D+03
 0.131843D+03
 0.132798D+03
 0.131479D+03
 0.132938D+03
 0.131389D+03
 0.139621D+03
 0.140537D+03
 0.140827D+03
 0.140090D+03
 0.141117D+03
 0.141150D+03
 0.140746D+03
 0.141465D+03
 0.141550D+03
 0.140949D+03
 0.141506D+03
 0.141865D+03
 0.140789D+03
 0.140819D+03
 0.141578D+03
 0.140399D+03
 0.140532D+03
 0.141241D+03
 0.139899D+03
 0.139650D+03
 0.140757D+03
 0.138929D+03
 0.138707D+03
 0.139692D+03
 0.137494D+03
 0.136917D+03
 0.138183D+03
 0.134463D+03
 0.134518D+03
 0.134448D+03
 0.132188D+03
 0.132290D+03
 0.132318D+03
 0.127235D+03
 0.129173D+03
 0.127647D+03
 0.129877D+03
 0.129795D+03
 0.130306D+03
 0.130137D+03
 0.130429D+03
 0.130395D+03
 0.130088D+03
 0.130223D+03
 0.130277D+03
 0.130136D+03
 0.130360D+03
 0.130365D+03
 0.130246D+03
 0.130570D+03
 0.130372D+03
 0.130582D+03
 0.130744D+03
 0.130590D+03
 0.131127D+03
 0.131232D+03
 0.131040D+03
 0.130423D+03
 0.130885D+03
 0.131271D+03
 0.130938D+03
 0.131176D+03
 0.131740D+03
 0.131488D+03
 0.132200D+03
 0.130500D+03
 0.130694D+03
 0.131954D+03
 0.130334D+03
 0.140578D+03
 0.140274D+03
 0.140444D+03
 0.140390D+03
 0.140895D+03
 0.141164D+03
 0.140751D+03
 0.141457D+03
 0.141589D+03
 0.140940D+03
 0.141631D+03
 0.141930D+03
 0.140823D+03
 0.141558D+03
 0.141719D+03
 0.140636D+03
 0.141120D+03
 0.141326D+03
 0.139840D+03
 0.140393D+03
 0.140540D+03
 0.137360D+03
 0.137600D+03
 0.137613D+03
 0.135674D+03
 0.135923D+03
 0.136137D+03
 0.133945D+03
 0.133177D+03
 0.134195D+03
 0.132361D+03
 0.132832D+03
 0.132746D+03
 0.129385D+03
 0.128875D+03
 0.129606D+03
 0.129534D+03
 0.129746D+03
 0.129951D+03
 0.129730D+03
 0.130043D+03
 0.130282D+03
 0.129897D+03
 0.130118D+03
 0.130240D+03
 0.130161D+03
 0.130452D+03
 0.130401D+03
 0.130443D+03
 0.130840D+03
 0.130566D+03
 0.130969D+03
 0.131063D+03
 0.130839D+03
 0.130233D+03
 0.131655D+03
 0.131433D+03
 0.130833D+03
 0.131607D+03
 0.131621D+03
 0.131049D+03
 0.131773D+03
 0.130220D+03
 0.140755D+03
 0.141753D+03
 0.141242D+03
 0.141013D+03
 0.141726D+03
 0.141929D+03
 0.140620D+03
 0.141329D+03
 0.141752D+03
 0.140460D+03
 0.140876D+03
 0.141151D+03
 0.138018D+03
 0.138368D+03
 0.138619D+03
 0.129453D+03
 0.129822D+03
 0.129851D+03
 0.129541D+03
 0.130033D+03
 0.130070D+03
 0.129721D+03
 0.130254D+03
 0.129988D+03
 0.130152D+03
 0.130551D+03
 0.130053D+03
 0.130899D+03
 0.130842D+03
 0.130480D+03
 0.129769D+03
 0.131407D+03
 0.130961D+03
 0.130177D+03
 0.131131D+03
 0.131073D+03
 0.130457D+03
 0.131304D+03
 0.129684D+03
 0.141259D+03
 0.141723D+03
 0.141773D+03
 0.140498D+03
 0.141674D+03
 0.141803D+03
 0.140355D+03
 0.140927D+03
 0.141294D+03
 0.138516D+03
 0.138961D+03
 0.139384D+03
 0.138188D+03
 0.138573D+03
 0.138571D+03
 0.129084D+03
 0.129429D+03
 0.129431D+03
 0.129208D+03
 0.129658D+03
 0.129452D+03
 0.129512D+03
 0.129715D+03
 0.129453D+03
 0.128577D+03
 0.130116D+03
 0.129986D+03
 0.130199D+03
 0.130362D+03
 0.130145D+03
 0.129453D+03
 0.129230D+03
 0.130381D+03
 0.129662D+03
 0.130487D+03
 0.130304D+03
 0.128987D+03
 0.129320D+03
 0.128715D+03
 0.128449D+03
 0.128991D+03
 0.128580D+03
 0.129983D+03
 0.132223D+03
 0.130064D+03
 0.133056D+03
 0.133061D+03
 0.130946D+03
 0.134156D+03
 0.133974D+03
 0.132539D+03
 0.135150D+03
 0.135091D+03
 0.133857D+03
 0.136650D+03
 0.136635D+03
 0.134690D+03
 0.133831D+03
 0.133594D+03
 0.132195D+03
 0.131417D+03
 0.130042D+03
 0.130888D+03
 0.129904D+03
 0.131202D+03
 0.130238D+03
 0.129873D+03
 0.130198D+03
 0.129761D+03
 0.129215D+03
 0.129774D+03
 0.128847D+03
 0.128729D+03
 0.129308D+03
 0.128328D+03
 0.128679D+03
 0.129044D+03
 0.128233D+03
 0.129831D+03
 0.132134D+03
 0.129812D+03
 0.133040D+03
 0.132997D+03
 0.131095D+03
 0.134139D+03
 0.133970D+03
 0.132516D+03
 0.135011D+03
 0.135258D+03
 0.133911D+03
 0.136270D+03
 0.136489D+03
 0.134879D+03
 0.137718D+03
 0.138104D+03
 0.136121D+03
 0.132990D+03
 0.132472D+03
 0.132447D+03
 0.131772D+03
 0.132052D+03
 0.131389D+03
 0.130609D+03
 0.131108D+03
 0.130427D+03
 0.129753D+03
 0.130416D+03
 0.129497D+03
 0.129261D+03
 0.129787D+03
 0.129073D+03
 0.128768D+03
 0.129494D+03
 0.128572D+03
 0.128838D+03
 0.129025D+03
 0.128655D+03
 0.133279D+03
 0.133033D+03
 0.131736D+03
 0.134276D+03
 0.134194D+03
 0.134028D+03
 0.135620D+03
 0.133908D+03
 0.134938D+03
 0.137079D+03
 0.135377D+03
 0.135550D+03
 0.137969D+03
 0.138294D+03
 0.136870D+03
 0.139076D+03
 0.139252D+03
 0.137835D+03
 0.141423D+03
 0.141313D+03
 0.140192D+03
 0.140869D+03
 0.140935D+03
 0.138560D+03
 0.140089D+03
 0.140438D+03
 0.138395D+03
 0.139492D+03
 0.139360D+03
 0.137679D+03
 0.137801D+03
 0.137866D+03
 0.136810D+03
 0.136211D+03
 0.136206D+03
 0.135619D+03
 0.133264D+03
 0.134420D+03
 0.134324D+03
 0.132337D+03
 0.133312D+03
 0.133453D+03
 0.131146D+03
 0.132347D+03
 0.131796D+03
 0.130822D+03
 0.131382D+03
 0.131221D+03
 0.130244D+03
 0.130524D+03
 0.130278D+03
 0.129626D+03
 0.130100D+03
 0.129757D+03
 0.129275D+03
 0.128431D+03
 0.129658D+03
 0.128825D+03
 0.129155D+03
 0.129212D+03
 0.128734D+03
 0.129211D+03
 0.128866D+03
 0.128235D+03
 0.128834D+03
 0.128576D+03
 0.128126D+03
 0.128647D+03
 0.128289D+03
 0.128449D+03
 0.128707D+03
 0.128398D+03
 0.128516D+03
 0.128735D+03
 0.128227D+03
 0.128868D+03
 0.129160D+03
 0.128375D+03
 0.139866D+03
 0.140754D+03
 0.139094D+03
 0.140622D+03
 0.140314D+03
 0.140493D+03
 0.140202D+03
 0.140302D+03
 0.138037D+03
 0.139421D+03
 0.136927D+03
 0.137846D+03
 0.135652D+03
 0.136293D+03
 0.134448D+03
 0.135070D+03
 0.132882D+03
 0.133778D+03
 0.131771D+03
 0.132579D+03
 0.131626D+03
 0.131824D+03
 0.130453D+03
 0.130846D+03
 0.130255D+03
 0.130340D+03
 0.129519D+03
 0.129756D+03
 0.129061D+03
 0.129360D+03
 0.128707D+03
 0.129006D+03
 0.128429D+03
 0.128798D+03
 0.128373D+03
 0.128371D+03
 0.128290D+03
 0.128594D+03
 0.128500D+03
 0.128508D+03
 0.128712D+03
 0.129232D+03
 0.129451D+03
 0.129422D+03
 0.139612D+03
 0.140672D+03
 0.139580D+03
 0.140763D+03
 0.139416D+03
 0.140036D+03
 0.139827D+03
 0.139336D+03
 0.138978D+03
 0.138040D+03
 0.137632D+03
 0.137484D+03
 0.136300D+03
 0.135793D+03
 0.134899D+03
 0.134608D+03
 0.133386D+03
 0.133333D+03
 0.132388D+03
 0.132312D+03
 0.131388D+03
 0.131387D+03
 0.130600D+03
 0.130713D+03
 0.130003D+03
 0.130265D+03
 0.129662D+03
 0.129573D+03
 0.129269D+03
 0.129390D+03
 0.128859D+03
 0.128977D+03
 0.128539D+03
 0.128821D+03
 0.128500D+03
 0.128758D+03
 0.128753D+03
 0.129092D+03
 0.128340D+03
 0.129422D+03
 0.128603D+03
 0.130030D+03
 0.129397D+03
 0.129210D+03
 0.129566D+03
 0.129893D+03
 0.129748D+03
 0.130017D+03
 0.129240D+03
 0.129422D+03
 0.129449D+03
 0.129873D+03
 0.130211D+03
 0.130233D+03
 0.130613D+03
 0.130718D+03
