 0.132418D+03
 0.130070D+03
 0.136072D+03
 0.129169D+03
 0.130093D+03
 0.132827D+03
 0.131262D+03
 0.128821D+03
 0.129115D+03
 0.128232D+03
 0.133907D+03
 0.127018D+03
 0.127813D+03
 0.130380D+03
 0.129320D+03
 0.129269D+03
 0.128790D+03
 0.128480D+03
 0.134138D+03
 0.127117D+03
 0.128308D+03
 0.130356D+03
 0.129516D+03
 0.129942D+03
 0.128849D+03
 0.129025D+03
 0.134659D+03
 0.127635D+03
 0.128648D+03
 0.130485D+03
 0.129838D+03
 0.131356D+03
 0.129539D+03
 0.129421D+03
 0.135026D+03
 0.127934D+03
 0.129032D+03
 0.131115D+03
 0.130267D+03
 0.132491D+03
 0.130636D+03
 0.129994D+03
 0.135406D+03
 0.128356D+03
 0.129572D+03
 0.131981D+03
 0.130543D+03
 0.132642D+03
 0.131466D+03
 0.130109D+03
 0.135836D+03
 0.128875D+03
 0.129852D+03
 0.132384D+03
 0.130992D+03
 0.132738D+03
 0.130475D+03
 0.136157D+03
 0.130145D+03
 0.130621D+03
 0.133039D+03
 0.131759D+03
 0.129251D+03
 0.129952D+03
 0.128396D+03
 0.134470D+03
 0.127680D+03
 0.128233D+03
 0.131160D+03
 0.129598D+03
 0.129380D+03
 0.129502D+03
 0.128626D+03
 0.134650D+03
 0.127867D+03
 0.128381D+03
 0.130741D+03
 0.129799D+03
 0.129603D+03
 0.129279D+03
 0.129044D+03
 0.134717D+03
 0.128149D+03
 0.128694D+03
 0.130720D+03
 0.130098D+03
 0.130427D+03
 0.129300D+03
 0.129372D+03
 0.135037D+03
 0.128651D+03
 0.129138D+03
 0.130750D+03
 0.130303D+03
 0.131900D+03
 0.129972D+03
 0.129926D+03
 0.135517D+03
 0.129092D+03
 0.129238D+03
 0.131421D+03
 0.130368D+03
 0.132949D+03
 0.130934D+03
 0.130635D+03
 0.135930D+03
 0.129376D+03
 0.129908D+03
 0.132243D+03
 0.131126D+03
 0.132910D+03
 0.131828D+03
 0.130915D+03
 0.136171D+03
 0.129781D+03
 0.130148D+03
 0.132632D+03
 0.131381D+03
 0.132725D+03
 0.130687D+03
 0.136072D+03
 0.130334D+03
 0.131006D+03
 0.130764D+03
 0.133224D+03
 0.131812D+03
 0.132027D+03
 0.131291D+03
 0.136437D+03
 0.130577D+03
 0.131048D+03
 0.130955D+03
 0.133519D+03
 0.132109D+03
 0.131928D+03
 0.131264D+03
 0.136655D+03
 0.130634D+03
 0.131466D+03
 0.131626D+03
 0.134258D+03
 0.132432D+03
 0.141856D+03
 0.143254D+03
 0.141102D+03
 0.145585D+03
 0.140146D+03
 0.140356D+03
 0.140481D+03
 0.142913D+03
 0.141656D+03
 0.141432D+03
 0.143187D+03
 0.140756D+03
 0.145207D+03
 0.139701D+03
 0.139860D+03
 0.140036D+03
 0.142713D+03
 0.141410D+03
 0.140801D+03
 0.142777D+03
 0.140242D+03
 0.144496D+03
 0.139006D+03
 0.139232D+03
 0.139410D+03
 0.141847D+03
 0.140511D+03
 0.139848D+03
 0.141508D+03
 0.139000D+03
 0.143446D+03
 0.137701D+03
 0.138119D+03
 0.138320D+03
 0.140316D+03
 0.139270D+03
 0.138598D+03
 0.139894D+03
 0.137422D+03
 0.141589D+03
 0.135810D+03
 0.136763D+03
 0.136597D+03
 0.138181D+03
 0.137534D+03
 0.137269D+03
 0.137533D+03
 0.135637D+03
 0.139692D+03
 0.134077D+03
 0.134801D+03
 0.134669D+03
 0.136150D+03
 0.135907D+03
 0.135586D+03
 0.135136D+03
 0.133693D+03
 0.137993D+03
 0.132446D+03
 0.133148D+03
 0.133014D+03
 0.134198D+03
 0.134030D+03
 0.133862D+03
 0.133862D+03
 0.132117D+03
 0.136799D+03
 0.130819D+03
 0.131629D+03
 0.131793D+03
 0.132706D+03
 0.132539D+03
 0.132009D+03
 0.133058D+03
 0.130806D+03
 0.135479D+03
 0.129708D+03
 0.130759D+03
 0.130674D+03
 0.132061D+03
 0.131466D+03
 0.131163D+03
 0.131990D+03
 0.129952D+03
 0.134926D+03
 0.128858D+03
 0.129762D+03
 0.129886D+03
 0.131806D+03
 0.130974D+03
 0.130303D+03
 0.131641D+03
 0.129528D+03
 0.134752D+03
 0.128500D+03
 0.129573D+03
 0.129445D+03
 0.132288D+03
 0.130423D+03
 0.130319D+03
 0.131069D+03
 0.128869D+03
 0.134154D+03
 0.128090D+03
 0.129068D+03
 0.128936D+03
 0.132395D+03
 0.130195D+03
 0.130056D+03
 0.130825D+03
 0.128785D+03
 0.133811D+03
 0.127959D+03
 0.128897D+03
 0.128909D+03
 0.132681D+03
 0.129940D+03
 0.129849D+03
 0.130426D+03
 0.128563D+03
 0.134076D+03
 0.128083D+03
 0.128900D+03
 0.128760D+03
 0.132108D+03
 0.129761D+03
 0.129703D+03
 0.130291D+03
 0.128693D+03
 0.133921D+03
 0.127924D+03
 0.128715D+03
 0.128469D+03
 0.131687D+03
 0.129990D+03
 0.129535D+03
 0.130051D+03
 0.128831D+03
 0.134287D+03
 0.128192D+03
 0.128628D+03
 0.128595D+03
 0.131349D+03
 0.129838D+03
 0.129716D+03
 0.129881D+03
 0.128920D+03
 0.134500D+03
 0.128494D+03
 0.128816D+03
 0.128627D+03
 0.130930D+03
 0.129986D+03
 0.130192D+03
 0.129424D+03
 0.129299D+03
 0.134634D+03
 0.128691D+03
 0.129049D+03
 0.129018D+03
 0.130678D+03
 0.130212D+03
 0.130766D+03
 0.129570D+03
 0.129832D+03
 0.135104D+03
 0.128867D+03
 0.129449D+03
 0.129314D+03
 0.131039D+03
 0.130484D+03
 0.131889D+03
 0.130365D+03
 0.130314D+03
 0.135353D+03
 0.129400D+03
 0.130024D+03
 0.129659D+03
 0.131576D+03
 0.130720D+03
 0.133339D+03
 0.131186D+03
 0.130913D+03
 0.135814D+03
 0.129861D+03
 0.130290D+03
 0.129977D+03
 0.132418D+03
 0.131135D+03
 0.133239D+03
 0.131907D+03
 0.131154D+03
 0.136140D+03
 0.130162D+03
 0.130676D+03
 0.130455D+03
 0.132948D+03
 0.131381D+03
 0.133936D+03
 0.130816D+03
 0.135863D+03
 0.131247D+03
 0.131471D+03
 0.131017D+03
 0.133331D+03
 0.131817D+03
 0.131815D+03
 0.131396D+03
 0.135810D+03
 0.131483D+03
 0.131730D+03
 0.131253D+03
 0.133601D+03
 0.132503D+03
 0.132025D+03
 0.131723D+03
 0.136157D+03
 0.131725D+03
 0.132226D+03
 0.131575D+03
 0.134325D+03
 0.132808D+03
 0.142099D+03
 0.142777D+03
 0.141213D+03
 0.145206D+03
 0.140725D+03
 0.141174D+03
 0.140544D+03
 0.141801D+03
 0.142109D+03
 0.143184D+03
 0.141267D+03
 0.145370D+03
 0.140899D+03
 0.141247D+03
 0.141336D+03
 0.143035D+03
 0.141931D+03
 0.142059D+03
 0.143271D+03
 0.141140D+03
 0.145180D+03
 0.140936D+03
 0.141128D+03
 0.140531D+03
 0.143000D+03
 0.141828D+03
 0.141546D+03
 0.143326D+03
 0.140911D+03
 0.144536D+03
 0.140416D+03
 0.140653D+03
 0.140282D+03
 0.142762D+03
 0.141370D+03
 0.140868D+03
 0.142762D+03
 0.140282D+03
 0.143987D+03
 0.139753D+03
 0.140052D+03
 0.139503D+03
 0.141793D+03
 0.140447D+03
 0.140099D+03
 0.141398D+03
 0.139170D+03
 0.142754D+03
 0.138416D+03
 0.138557D+03
 0.138351D+03
 0.140499D+03
 0.139284D+03
 0.138776D+03
 0.139638D+03
 0.137550D+03
 0.140950D+03
 0.136606D+03
 0.136964D+03
 0.136731D+03
 0.138266D+03
 0.137631D+03
 0.137410D+03
 0.137548D+03
 0.135701D+03
 0.139225D+03
 0.135077D+03
 0.135184D+03
 0.134936D+03
 0.136101D+03
 0.135765D+03
 0.135608D+03
 0.135099D+03
 0.133735D+03
 0.137618D+03
 0.133278D+03
 0.133727D+03
 0.133289D+03
 0.134356D+03
 0.134272D+03
 0.133799D+03
 0.133199D+03
 0.132370D+03
 0.136270D+03
 0.131882D+03
 0.132662D+03
 0.131965D+03
 0.132981D+03
 0.132890D+03
 0.132348D+03
 0.132786D+03
 0.131161D+03
 0.135274D+03
 0.130939D+03
 0.131357D+03
 0.131073D+03
 0.132014D+03
 0.131895D+03
 0.131364D+03
 0.131789D+03
 0.130297D+03
 0.134459D+03
 0.130035D+03
 0.130738D+03
 0.130217D+03
 0.131953D+03
 0.131314D+03
 0.130818D+03
 0.131340D+03
 0.129752D+03
 0.133872D+03
 0.129429D+03
 0.130453D+03
 0.129703D+03
 0.132392D+03
 0.130927D+03
 0.130476D+03
 0.131038D+03
 0.129542D+03
 0.133778D+03
 0.129148D+03
 0.129962D+03
 0.129429D+03
 0.132620D+03
 0.130419D+03
 0.130302D+03
 0.130727D+03
 0.129134D+03
 0.133544D+03
 0.129011D+03
 0.129950D+03
 0.129290D+03
 0.132803D+03
 0.130219D+03
 0.130230D+03
 0.130456D+03
 0.129005D+03
 0.133435D+03
 0.128889D+03
 0.129740D+03
 0.128890D+03
 0.132480D+03
 0.130211D+03
 0.129896D+03
 0.130244D+03
 0.129041D+03
 0.133771D+03
 0.128969D+03
 0.129737D+03
 0.128994D+03
 0.131855D+03
 0.130070D+03
 0.130035D+03
 0.130124D+03
 0.129167D+03
 0.133964D+03
 0.129243D+03
 0.129696D+03
 0.129132D+03
 0.131317D+03
 0.130139D+03
 0.129960D+03
 0.129959D+03
 0.129310D+03
 0.134094D+03
 0.129349D+03
 0.129849D+03
 0.129168D+03
 0.131091D+03
 0.130272D+03
 0.130380D+03
 0.129608D+03
 0.129670D+03
 0.134459D+03
 0.129471D+03
 0.129957D+03
 0.129314D+03
 0.130864D+03
 0.130273D+03
 0.131129D+03
 0.129907D+03
 0.130069D+03
 0.134750D+03
 0.129976D+03
 0.130269D+03
 0.129674D+03
 0.131317D+03
 0.130697D+03
 0.132182D+03
 0.130540D+03
 0.130465D+03
 0.135010D+03
 0.130271D+03
 0.130673D+03
 0.130140D+03
 0.131776D+03
 0.130926D+03
 0.133239D+03
 0.131361D+03
 0.131220D+03
 0.135263D+03
 0.130678D+03
 0.130971D+03
 0.130229D+03
 0.132598D+03
 0.131221D+03
 0.133072D+03
 0.132087D+03
 0.131358D+03
 0.135661D+03
 0.131006D+03
 0.131160D+03
 0.130753D+03
 0.133009D+03
 0.131724D+03
 0.133731D+03
 0.130882D+03
 0.135239D+03
 0.131756D+03
 0.131831D+03
 0.131063D+03
 0.133250D+03
 0.132016D+03
 0.131548D+03
 0.131525D+03
 0.135698D+03
 0.132019D+03
 0.132183D+03
 0.131522D+03
 0.133533D+03
 0.132478D+03
 0.131871D+03
 0.131593D+03
 0.135886D+03
 0.132571D+03
 0.132735D+03
 0.132102D+03
 0.134424D+03
 0.133007D+03
 0.134839D+03
 0.134458D+03
 0.136635D+03
 0.133084D+03
 0.133426D+03
 0.132742D+03
 0.135222D+03
 0.133720D+03
 0.135778D+03
 0.135213D+03
 0.137700D+03
 0.133942D+03
 0.134561D+03
 0.133685D+03
 0.136310D+03
 0.134664D+03
 0.136736D+03
 0.135949D+03
 0.139119D+03
 0.135331D+03
 0.135602D+03
 0.134734D+03
 0.136845D+03
 0.135510D+03
 0.137261D+03
 0.136922D+03
 0.140351D+03
 0.136587D+03
 0.137087D+03
 0.136153D+03
 0.137075D+03
 0.134570D+03
 0.138114D+03
 0.137883D+03
 0.141731D+03
 0.138002D+03
 0.137975D+03
 0.137366D+03
 0.138795D+03
 0.138167D+03
 0.139291D+03
 0.139034D+03
 0.142805D+03
 0.139008D+03
 0.139343D+03
 0.138135D+03
 0.139665D+03
 0.140289D+03
 0.140413D+03
 0.139914D+03
 0.143521D+03
 0.139986D+03
 0.140082D+03
 0.139785D+03
 0.141600D+03
 0.141260D+03
 0.141345D+03
 0.140485D+03
 0.144275D+03
 0.140525D+03
 0.140729D+03
 0.140048D+03
 0.142032D+03
 0.141935D+03
 0.142057D+03
 0.140774D+03
 0.144733D+03
 0.141166D+03
 0.141355D+03
 0.140420D+03
 0.141738D+03
 0.142141D+03
 0.142657D+03
 0.141267D+03
 0.145041D+03
 0.141361D+03
 0.141476D+03
 0.140957D+03
 0.141978D+03
 0.142208D+03
 0.143071D+03
 0.141621D+03
 0.144965D+03
 0.141378D+03
 0.141717D+03
 0.140532D+03
 0.143048D+03
 0.142104D+03
 0.141917D+03
 0.143418D+03
 0.141212D+03
 0.144856D+03
 0.141406D+03
 0.141630D+03
 0.140775D+03
 0.143042D+03
 0.142033D+03
 0.141370D+03
 0.143281D+03
 0.141027D+03
 0.144166D+03
 0.140854D+03
 0.140938D+03
 0.140130D+03
 0.142616D+03
 0.141339D+03
 0.140774D+03
 0.142444D+03
 0.140241D+03
 0.143700D+03
 0.140049D+03
 0.140556D+03
 0.139775D+03
 0.141804D+03
 0.140463D+03
 0.139798D+03
 0.141195D+03
 0.138885D+03
 0.142207D+03
 0.138673D+03
 0.138879D+03
 0.138335D+03
 0.140413D+03
 0.139335D+03
 0.138615D+03
 0.139594D+03
 0.137469D+03
 0.140584D+03
 0.137194D+03
 0.137306D+03
 0.136590D+03
 0.138234D+03
 0.137618D+03
 0.137375D+03
 0.137686D+03
 0.135809D+03
 0.138915D+03
 0.135500D+03
 0.135525D+03
 0.135140D+03
 0.136379D+03
 0.136082D+03
 0.135966D+03
 0.135561D+03
 0.134280D+03
 0.137547D+03
 0.133918D+03
 0.134122D+03
 0.133483D+03
 0.134299D+03
 0.134537D+03
 0.134112D+03
 0.133482D+03
 0.132446D+03
 0.136113D+03
 0.132611D+03
 0.132846D+03
 0.132392D+03
 0.132990D+03
 0.133247D+03
 0.132466D+03
 0.131926D+03
 0.131336D+03
 0.135102D+03
 0.131358D+03
 0.132082D+03
 0.131316D+03
 0.132433D+03
 0.132304D+03
 0.131669D+03
 0.131589D+03
 0.130605D+03
 0.134312D+03
 0.130971D+03
 0.131293D+03
 0.130766D+03
 0.132211D+03
 0.131684D+03
 0.131012D+03
 0.131181D+03
 0.130033D+03
 0.134063D+03
 0.130287D+03
 0.130967D+03
 0.130367D+03
 0.132563D+03
 0.131196D+03
 0.130686D+03
 0.130898D+03
 0.129513D+03
 0.133594D+03
 0.130006D+03
 0.130340D+03
 0.129770D+03
 0.132815D+03
 0.130841D+03
 0.130564D+03
 0.130634D+03
 0.129593D+03
 0.133505D+03
 0.129699D+03
 0.130437D+03
 0.129353D+03
 0.133080D+03
 0.130714D+03
 0.130319D+03
 0.130248D+03
 0.129431D+03
 0.133565D+03
 0.129705D+03
 0.130464D+03
 0.129278D+03
 0.132791D+03
 0.130778D+03
 0.130423D+03
 0.130166D+03
 0.129338D+03
 0.133612D+03
 0.129644D+03
 0.130364D+03
 0.129304D+03
 0.132177D+03
 0.130537D+03
 0.130345D+03
 0.129814D+03
 0.129368D+03
 0.133591D+03
 0.129813D+03
 0.130154D+03
 0.129236D+03
 0.131603D+03
 0.130330D+03
 0.130310D+03
 0.129854D+03
 0.129562D+03
 0.133917D+03
 0.129913D+03
 0.130164D+03
 0.129590D+03
 0.131141D+03
 0.130411D+03
 0.130455D+03
 0.129900D+03
 0.129799D+03
 0.134145D+03
 0.130310D+03
 0.130296D+03
 0.129557D+03
 0.131061D+03
 0.130524D+03
 0.131045D+03
 0.130101D+03
 0.130375D+03
 0.134366D+03
 0.130482D+03
 0.130760D+03
 0.129666D+03
 0.131271D+03
 0.130735D+03
 0.132032D+03
 0.130769D+03
 0.130739D+03
 0.134683D+03
 0.130934D+03
 0.130988D+03
 0.130054D+03
 0.131786D+03
 0.131104D+03
 0.133259D+03
 0.131500D+03
 0.131176D+03
 0.134857D+03
 0.131058D+03
 0.131410D+03
 0.130506D+03
 0.132554D+03
 0.131455D+03
 0.132827D+03
 0.132145D+03
 0.131238D+03
 0.135266D+03
 0.131341D+03
 0.131621D+03
 0.130760D+03
 0.133018D+03
 0.131709D+03
 0.130510D+03
 0.130951D+03
 0.135249D+03
 0.132074D+03
 0.132061D+03
 0.131332D+03
 0.133309D+03
 0.132259D+03
 0.131332D+03
 0.131427D+03
 0.135496D+03
 0.132459D+03
 0.132534D+03
 0.131838D+03
 0.133932D+03
 0.132684D+03
 0.131788D+03
 0.131918D+03
 0.135816D+03
 0.132760D+03
 0.132874D+03
 0.132148D+03
 0.134548D+03
 0.133279D+03
 0.134720D+03
 0.134904D+03
 0.136455D+03
 0.133426D+03
 0.133600D+03
 0.132794D+03
 0.135471D+03
 0.133832D+03
 0.135772D+03
 0.135305D+03
 0.137373D+03
 0.134800D+03
 0.134738D+03
 0.133943D+03
 0.136342D+03
 0.134707D+03
 0.136801D+03
 0.136360D+03
 0.138691D+03
 0.135962D+03
 0.135781D+03
 0.135048D+03
 0.137030D+03
 0.136096D+03
 0.136923D+03
 0.137277D+03
 0.140162D+03
 0.137287D+03
 0.137043D+03
 0.136276D+03
 0.137185D+03
 0.137115D+03
 0.137965D+03
 0.141408D+03
 0.138349D+03
 0.138291D+03
 0.137425D+03
 0.138864D+03
 0.138767D+03
 0.139650D+03
 0.139078D+03
 0.142570D+03
 0.139429D+03
 0.139577D+03
 0.138297D+03
 0.139774D+03
 0.140237D+03
 0.140665D+03
 0.139910D+03
 0.143333D+03
 0.140055D+03
 0.140177D+03
 0.140386D+03
 0.141734D+03
 0.141224D+03
 0.141443D+03
 0.140486D+03
 0.143993D+03
 0.140987D+03
 0.140956D+03
 0.140362D+03
 0.142137D+03
 0.141980D+03
 0.142364D+03
 0.141026D+03
 0.144003D+03
 0.141081D+03
 0.141266D+03
 0.140462D+03
 0.142415D+03
 0.142050D+03
 0.143081D+03
 0.141372D+03
 0.144468D+03
 0.141688D+03
 0.141600D+03
 0.140424D+03
 0.141982D+03
 0.142060D+03
 0.143127D+03
 0.141502D+03
 0.144526D+03
 0.141550D+03
 0.141751D+03
 0.140427D+03
 0.143173D+03
 0.141967D+03
 0.141762D+03
 0.143142D+03
 0.141433D+03
 0.144243D+03
 0.141531D+03
 0.141653D+03
 0.140587D+03
 0.143027D+03
 0.142029D+03
 0.141587D+03
 0.143131D+03
 0.140777D+03
 0.143582D+03
 0.140929D+03
 0.141088D+03
 0.140247D+03
 0.142463D+03
 0.141174D+03
 0.140653D+03
 0.142478D+03
 0.140262D+03
 0.142889D+03
 0.140092D+03
 0.140301D+03
 0.139375D+03
 0.141695D+03
 0.140533D+03
 0.139702D+03
 0.141455D+03
 0.138970D+03
 0.141648D+03
 0.138730D+03
 0.138969D+03
 0.138269D+03
 0.140289D+03
 0.139340D+03
 0.138858D+03
 0.139727D+03
 0.137401D+03
 0.140010D+03
 0.137380D+03
 0.137185D+03
 0.136593D+03
 0.138410D+03
 0.137919D+03
 0.137680D+03
 0.137782D+03
 0.135778D+03
 0.138369D+03
 0.135906D+03
 0.136001D+03
 0.135177D+03
 0.136232D+03
 0.136209D+03
 0.136024D+03
 0.135830D+03
 0.134346D+03
 0.136905D+03
 0.134152D+03
 0.134288D+03
 0.133910D+03
 0.134468D+03
 0.134651D+03
 0.134186D+03
 0.133948D+03
 0.132878D+03
 0.135607D+03
 0.133050D+03
 0.133149D+03
 0.132470D+03
 0.133387D+03
 0.133466D+03
 0.132715D+03
 0.132373D+03
 0.131800D+03
 0.134560D+03
 0.131958D+03
 0.132092D+03
 0.131500D+03
 0.132537D+03
 0.132543D+03
 0.131855D+03
 0.131007D+03
 0.130775D+03
 0.133853D+03
 0.131182D+03
 0.131546D+03
 0.130807D+03
 0.132543D+03
 0.132000D+03
 0.131126D+03
 0.130593D+03
 0.130242D+03
 0.133461D+03
 0.130733D+03
 0.131175D+03
 0.130449D+03
 0.132769D+03
 0.131464D+03
 0.130952D+03
 0.130571D+03
 0.130195D+03
 0.133357D+03
 0.130427D+03
 0.130836D+03
 0.130237D+03
 0.133035D+03
 0.131148D+03
 0.130896D+03
 0.130337D+03
 0.129949D+03
 0.133157D+03
 0.130296D+03
 0.130534D+03
 0.129964D+03
 0.133484D+03
 0.131052D+03
 0.130599D+03
 0.130095D+03
 0.129696D+03
 0.133140D+03
 0.130219D+03
 0.130572D+03
 0.129692D+03
 0.132989D+03
 0.130620D+03
 0.130506D+03
 0.129917D+03
 0.129505D+03
 0.133309D+03
 0.130188D+03
 0.130377D+03
 0.129660D+03
 0.132455D+03
 0.130806D+03
 0.130344D+03
 0.129833D+03
 0.129660D+03
 0.133083D+03
 0.130101D+03
 0.130371D+03
 0.129734D+03
 0.131730D+03
 0.130443D+03
 0.130236D+03
 0.129498D+03
 0.129623D+03
 0.133211D+03
 0.130119D+03
 0.130305D+03
 0.129685D+03
 0.131585D+03
 0.130439D+03
 0.130523D+03
 0.129878D+03
 0.130068D+03
 0.133345D+03
 0.130543D+03
 0.130468D+03
 0.129843D+03
 0.131364D+03
 0.130573D+03
 0.131086D+03
 0.130536D+03
 0.130243D+03
 0.133798D+03
 0.130562D+03
 0.130746D+03
 0.129882D+03
 0.131284D+03
 0.130683D+03
 0.132223D+03
 0.130859D+03
 0.130889D+03
 0.134147D+03
 0.130899D+03
 0.131170D+03
 0.130408D+03
 0.131823D+03
 0.131169D+03
 0.133142D+03
 0.131714D+03
 0.131343D+03
 0.134303D+03
 0.131430D+03
 0.131207D+03
 0.130527D+03
 0.132507D+03
 0.131403D+03
 0.132957D+03
 0.132222D+03
 0.131454D+03
 0.134657D+03
 0.131628D+03
 0.131858D+03
 0.130894D+03
 0.132920D+03
 0.131703D+03
 0.130621D+03
 0.131048D+03
 0.134434D+03
 0.132010D+03
 0.132239D+03
 0.131524D+03
 0.133324D+03
 0.132178D+03
 0.131398D+03
 0.131635D+03
 0.135117D+03
 0.132580D+03
 0.132574D+03
 0.131864D+03
 0.133913D+03
 0.132887D+03
 0.131831D+03
 0.132069D+03
 0.135517D+03
 0.133084D+03
 0.133079D+03
 0.132646D+03
 0.134629D+03
 0.133195D+03
 0.134572D+03
 0.134958D+03
 0.136111D+03
 0.133769D+03
 0.133945D+03
 0.133393D+03
 0.135621D+03
 0.133995D+03
 0.135686D+03
 0.135615D+03
 0.137279D+03
 0.134783D+03
 0.134774D+03
 0.134161D+03
 0.136284D+03
 0.135072D+03
 0.136930D+03
 0.136584D+03
 0.138301D+03
 0.136106D+03
 0.136090D+03
 0.135227D+03
 0.137300D+03
 0.136303D+03
 0.138513D+03
 0.137395D+03
 0.139749D+03
 0.137336D+03
 0.137249D+03
 0.136431D+03
 0.137428D+03
 0.138302D+03
 0.138592D+03
 0.138396D+03
 0.140872D+03
 0.138554D+03
 0.138480D+03
 0.137376D+03
 0.138882D+03
 0.138590D+03
 0.139811D+03
 0.139103D+03
 0.141890D+03
 0.139527D+03
 0.139470D+03
 0.138510D+03
 0.140019D+03
 0.140050D+03
 0.140923D+03
 0.140112D+03
 0.142760D+03
 0.140476D+03
 0.140439D+03
 0.140056D+03
 0.141783D+03
 0.141154D+03
 0.141721D+03
 0.140561D+03
 0.143047D+03
 0.140860D+03
 0.140904D+03
 0.140351D+03
 0.142166D+03
 0.141803D+03
 0.142414D+03
 0.140942D+03
 0.143460D+03
 0.141283D+03
 0.141247D+03
 0.140190D+03
 0.142339D+03
 0.142077D+03
 0.142959D+03
 0.141206D+03
 0.143715D+03
 0.141404D+03
 0.141471D+03
 0.140986D+03
 0.141981D+03
 0.141904D+03
 0.143336D+03
 0.141371D+03
 0.143627D+03
 0.142483D+03
 0.141505D+03
 0.140591D+03
 0.143065D+03
 0.141955D+03
 0.141869D+03
 0.143248D+03
 0.141130D+03
 0.143358D+03
 0.141332D+03
 0.141527D+03
 0.140622D+03
 0.142715D+03
 0.141790D+03
 0.141197D+03
 0.143018D+03
 0.140743D+03
 0.142916D+03
 0.140710D+03
 0.140732D+03
 0.140248D+03
 0.142622D+03
 0.141324D+03
 0.140541D+03
 0.142454D+03
 0.139987D+03
 0.142038D+03
 0.140000D+03
 0.140166D+03
 0.139361D+03
 0.141660D+03
 0.140301D+03
 0.139792D+03
 0.141163D+03
 0.138888D+03
 0.140809D+03
 0.138773D+03
 0.139027D+03
 0.138306D+03
 0.140190D+03
 0.139379D+03
 0.138693D+03
 0.139691D+03
 0.137439D+03
 0.139214D+03
 0.137360D+03
 0.137283D+03
 0.136886D+03
 0.138436D+03
 0.137846D+03
 0.137645D+03
 0.138038D+03
 0.135960D+03
 0.138052D+03
 0.135742D+03
 0.136028D+03
 0.135403D+03
 0.136525D+03
 0.136317D+03
 0.136171D+03
 0.136289D+03
 0.134402D+03
 0.136414D+03
 0.134353D+03
 0.134335D+03
 0.134088D+03
 0.134584D+03
 0.134845D+03
 0.134492D+03
 0.134332D+03
 0.133087D+03
 0.134988D+03
 0.133162D+03
 0.132834D+03
 0.132962D+03
 0.133460D+03
 0.133577D+03
 0.133145D+03
 0.132768D+03
 0.131755D+03
 0.134344D+03
 0.132140D+03
 0.132159D+03
 0.131896D+03
 0.132550D+03
 0.132811D+03
 0.132039D+03
 0.131586D+03
 0.131217D+03
 0.133474D+03
 0.131418D+03
 0.131538D+03
 0.131127D+03
 0.132752D+03
 0.132038D+03
 0.131290D+03
 0.130798D+03
 0.130563D+03
 0.133070D+03
 0.130815D+03
 0.131185D+03
 0.130559D+03
 0.132806D+03
 0.131693D+03
 0.131239D+03
 0.129948D+03
 0.130096D+03
 0.132845D+03
 0.130782D+03
 0.131028D+03
 0.130309D+03
 0.133278D+03
 0.131149D+03
 0.131054D+03
 0.130116D+03
 0.129872D+03
 0.132650D+03
 0.130478D+03
 0.130743D+03
 0.130208D+03
 0.133493D+03
 0.131243D+03
 0.130764D+03
 0.129746D+03
 0.130062D+03
 0.132522D+03
 0.130169D+03
 0.130614D+03
 0.129818D+03
 0.133080D+03
 0.130945D+03
 0.130415D+03
 0.129653D+03
 0.130024D+03
 0.132647D+03
 0.130346D+03
 0.130242D+03
 0.129943D+03
 0.132676D+03
 0.130848D+03
 0.130580D+03
 0.129561D+03
 0.129816D+03
 0.132668D+03
 0.130300D+03
 0.130169D+03
 0.129622D+03
 0.131939D+03
 0.130587D+03
 0.130498D+03
 0.129490D+03
 0.129770D+03
 0.132604D+03
 0.130095D+03
 0.130193D+03
 0.129442D+03
 0.131573D+03
 0.130407D+03
 0.130666D+03
 0.129782D+03
 0.130155D+03
 0.132962D+03
 0.131342D+03
 0.130351D+03
 0.129975D+03
 0.131128D+03
 0.130577D+03
 0.131115D+03
 0.130507D+03
 0.130285D+03
 0.133199D+03
 0.130936D+03
 0.130619D+03
 0.129991D+03
 0.131360D+03
 0.130929D+03
 0.132145D+03
 0.130962D+03
 0.130757D+03
 0.133668D+03
 0.131005D+03
 0.130979D+03
 0.130344D+03
 0.132049D+03
 0.131093D+03
 0.133267D+03
 0.131830D+03
 0.131340D+03
 0.133955D+03
 0.131393D+03
 0.131242D+03
 0.130766D+03
 0.132439D+03
 0.131577D+03
 0.132884D+03
 0.132589D+03
 0.131506D+03
 0.134070D+03
 0.131604D+03
 0.131738D+03
 0.131017D+03
 0.133209D+03
 0.131942D+03
 0.130834D+03
 0.131145D+03
 0.134153D+03
 0.132133D+03
 0.132126D+03
 0.131450D+03
 0.133796D+03
 0.132336D+03
 0.131370D+03
 0.131759D+03
 0.134720D+03
 0.132477D+03
 0.132618D+03
 0.132511D+03
 0.134110D+03
 0.133027D+03
 0.132004D+03
 0.132367D+03
 0.135062D+03
 0.133189D+03
 0.133160D+03
 0.133061D+03
 0.134943D+03
 0.133660D+03
 0.136712D+03
 0.135550D+03
 0.135863D+03
 0.133763D+03
 0.133818D+03
 0.133884D+03
 0.135704D+03
 0.134319D+03
 0.135797D+03
 0.135843D+03
 0.136913D+03
 0.134961D+03
 0.134978D+03
 0.134715D+03
 0.136775D+03
 0.135296D+03
 0.136926D+03
 0.137077D+03
 0.137970D+03
 0.136021D+03
 0.136231D+03
 0.135510D+03
 0.137664D+03
 0.136514D+03
 0.137896D+03
 0.137545D+03
 0.139524D+03
 0.137258D+03
 0.137489D+03
 0.136713D+03
 0.137875D+03
 0.136253D+03
 0.139094D+03
 0.138226D+03
 0.140691D+03
 0.138498D+03
 0.138459D+03
 0.137514D+03
 0.139241D+03
 0.138614D+03
 0.140107D+03
 0.139301D+03
 0.141371D+03
 0.139717D+03
 0.139481D+03
 0.138561D+03
 0.140243D+03
 0.140239D+03
 0.141052D+03
 0.139921D+03
 0.142133D+03
 0.140284D+03
 0.140133D+03
 0.139917D+03
 0.141843D+03
 0.141274D+03
 0.141927D+03
 0.140411D+03
 0.142726D+03
 0.140678D+03
 0.140766D+03
 0.140190D+03
 0.142152D+03
 0.141651D+03
 0.142233D+03
 0.140748D+03
 0.142754D+03
 0.141132D+03
 0.140972D+03
 0.140406D+03
 0.142129D+03
 0.141833D+03
 0.142880D+03
 0.141205D+03
 0.143213D+03
 0.141455D+03
 0.141339D+03
 0.140707D+03
 0.141809D+03
 0.141938D+03
 0.143334D+03
 0.141314D+03
 0.142906D+03
 0.141197D+03
 0.141144D+03
 0.141082D+03
 0.142937D+03
 0.142092D+03
 0.141817D+03
 0.143051D+03
 0.140771D+03
 0.142564D+03
 0.140817D+03
 0.140884D+03
 0.141153D+03
 0.142863D+03
 0.141576D+03
 0.141256D+03
 0.143115D+03
 0.140554D+03
 0.141937D+03
 0.140727D+03
 0.140517D+03
 0.140537D+03
 0.142565D+03
 0.141227D+03
 0.140404D+03
 0.142382D+03
 0.140064D+03
 0.141172D+03
 0.139807D+03
 0.139765D+03
 0.139083D+03
 0.141597D+03
 0.140512D+03
 0.139772D+03
 0.141340D+03
 0.139092D+03
 0.140069D+03
 0.138623D+03
 0.138826D+03
 0.138293D+03
 0.140177D+03
 0.139338D+03
 0.138839D+03
 0.139997D+03
 0.137582D+03
 0.138896D+03
 0.137431D+03
 0.137529D+03
 0.137632D+03
 0.138661D+03
 0.137876D+03
 0.137969D+03
 0.138254D+03
 0.136054D+03
 0.137327D+03
 0.135944D+03
 0.136030D+03
 0.136120D+03
 0.136648D+03
 0.136507D+03
 0.136597D+03
 0.136257D+03
 0.134572D+03
 0.136164D+03
 0.134241D+03
 0.134558D+03
 0.134554D+03
 0.134808D+03
 0.135215D+03
 0.134667D+03
 0.134734D+03
 0.133172D+03
 0.134701D+03
 0.133012D+03
 0.133283D+03
 0.132853D+03
 0.133720D+03
 0.133718D+03
 0.133265D+03
 0.132970D+03
 0.131930D+03
 0.133723D+03
 0.131895D+03
 0.132179D+03
 0.131973D+03
 0.132813D+03
 0.132918D+03
 0.132054D+03
 0.131894D+03
 0.131099D+03
 0.133028D+03
 0.131151D+03
 0.131332D+03
 0.131245D+03
 0.132734D+03
 0.132279D+03
 0.131331D+03
 0.131080D+03
 0.130701D+03
 0.132658D+03
 0.130975D+03
 0.131220D+03
 0.130908D+03
 0.133279D+03
 0.131668D+03
 0.131228D+03
 0.130421D+03
 0.130076D+03
 0.132473D+03
 0.131125D+03
 0.130953D+03
 0.131115D+03
 0.133697D+03
 0.131567D+03
 0.131090D+03
 0.129986D+03
 0.130134D+03
 0.132266D+03
 0.130095D+03
 0.130663D+03
 0.130897D+03
 0.133611D+03
 0.131351D+03
 0.130773D+03
 0.130026D+03
 0.130129D+03
 0.132231D+03
 0.130233D+03
 0.130526D+03
 0.130425D+03
 0.133150D+03
 0.131331D+03
 0.130612D+03
 0.129632D+03
 0.129729D+03
 0.131875D+03
 0.130082D+03
 0.130303D+03
 0.130230D+03
 0.132660D+03
 0.130756D+03
 0.130381D+03
 0.129845D+03
 0.129660D+03
 0.132051D+03
 0.130193D+03
 0.130013D+03
 0.130060D+03
 0.132290D+03
 0.130507D+03
 0.130405D+03
 0.129750D+03
 0.129865D+03
 0.132245D+03
 0.130117D+03
 0.130130D+03
 0.130012D+03
 0.131767D+03
 0.130469D+03
 0.130466D+03
 0.129832D+03
 0.130046D+03
 0.132284D+03
 0.130316D+03
 0.130220D+03
 0.130237D+03
 0.131369D+03
 0.130832D+03
 0.131026D+03
 0.130341D+03
 0.130477D+03
 0.132787D+03
 0.130590D+03
 0.130557D+03
 0.130040D+03
 0.131644D+03
 0.130851D+03
 0.132092D+03
 0.131316D+03
 0.130897D+03
 0.133016D+03
 0.131037D+03
 0.130822D+03
 0.130338D+03
 0.131960D+03
 0.131126D+03
 0.133362D+03
 0.132016D+03
 0.131508D+03
 0.133528D+03
 0.131358D+03
 0.131225D+03
 0.130647D+03
 0.132652D+03
 0.131487D+03
 0.132971D+03
 0.132728D+03
 0.131355D+03
 0.133770D+03
 0.131664D+03
 0.131926D+03
 0.130956D+03
 0.133283D+03
 0.131764D+03
 0.132009D+03
 0.131265D+03
 0.133962D+03
 0.132568D+03
 0.132278D+03
 0.132290D+03
 0.133996D+03
 0.132777D+03
 0.131530D+03
 0.132041D+03
 0.134499D+03
 0.133052D+03
 0.132682D+03
 0.132910D+03
 0.134441D+03
 0.133351D+03
 0.132103D+03
 0.132359D+03
 0.134977D+03
 0.133617D+03
 0.133414D+03
 0.133606D+03
 0.135059D+03
 0.133777D+03
 0.137059D+03
 0.135239D+03
 0.135953D+03
 0.134609D+03
 0.134112D+03
 0.134354D+03
 0.136225D+03
 0.134648D+03
 0.136049D+03
 0.136065D+03
 0.136875D+03
 0.135338D+03
 0.135020D+03
 0.135432D+03
 0.136862D+03
 0.135517D+03
 0.136945D+03
 0.136899D+03
 0.137929D+03
 0.136741D+03
 0.136334D+03
 0.136351D+03
 0.137807D+03
 0.136816D+03
 0.141338D+03
 0.141758D+03
 0.140380D+03
 0.142019D+03
 0.141026D+03
 0.140594D+03
 0.140829D+03
 0.142185D+03
 0.141604D+03
 0.142477D+03
 0.140622D+03
 0.142298D+03
 0.141484D+03
 0.141110D+03
 0.140770D+03
 0.142282D+03
 0.141770D+03
 0.142938D+03
 0.141076D+03
 0.142627D+03
 0.141478D+03
 0.141042D+03
 0.141499D+03
 0.141741D+03
 0.141832D+03
 0.143465D+03
 0.141256D+03
 0.142248D+03
 0.141653D+03
 0.141091D+03
 0.141128D+03
 0.143137D+03
 0.141807D+03
 0.141349D+03
 0.143162D+03
 0.140862D+03
 0.141931D+03
 0.141263D+03
 0.140833D+03
 0.141332D+03
 0.142984D+03
 0.141649D+03
 0.141195D+03
 0.143121D+03
 0.140389D+03
 0.141559D+03
 0.140691D+03
 0.140470D+03
 0.140715D+03
 0.142605D+03
 0.141175D+03
 0.140375D+03
 0.142645D+03
 0.140008D+03
 0.140811D+03
 0.140256D+03
 0.139864D+03
 0.140095D+03
 0.141665D+03
 0.140349D+03
 0.139628D+03
 0.141619D+03
 0.139091D+03
 0.139633D+03
 0.139070D+03
 0.138749D+03
 0.139025D+03
 0.140486D+03
 0.139233D+03
 0.139052D+03
 0.140333D+03
 0.137761D+03
 0.138649D+03
 0.137950D+03
 0.137502D+03
 0.137723D+03
 0.138781D+03
 0.138115D+03
 0.138141D+03
 0.138550D+03
 0.136392D+03
 0.136846D+03
 0.136402D+03
 0.136109D+03
 0.136179D+03
 0.136714D+03
 0.136692D+03
 0.136729D+03
 0.136650D+03
 0.134699D+03
 0.135662D+03
 0.134933D+03
 0.134531D+03
 0.134924D+03
 0.135022D+03
 0.135116D+03
 0.134783D+03
 0.134822D+03
 0.133460D+03
 0.134327D+03
 0.132573D+03
 0.133098D+03
 0.133413D+03
 0.133571D+03
 0.134033D+03
 0.133262D+03
 0.133321D+03
 0.132075D+03
 0.133311D+03
 0.131452D+03
 0.131968D+03
 0.132645D+03
 0.133078D+03
 0.132839D+03
 0.132193D+03
 0.131812D+03
 0.131151D+03
 0.132497D+03
 0.130842D+03
 0.131104D+03
 0.131736D+03
 0.132742D+03
 0.132243D+03
 0.131405D+03
 0.130986D+03
 0.130569D+03
 0.132130D+03
 0.130994D+03
 0.131056D+03
 0.131358D+03
 0.133256D+03
 0.131893D+03
 0.131260D+03
 0.130434D+03
 0.130253D+03
 0.131744D+03
 0.130672D+03
 0.130663D+03
 0.131038D+03
 0.133739D+03
 0.131509D+03
 0.130927D+03
 0.130309D+03
 0.130000D+03
 0.131666D+03
 0.130729D+03
 0.130458D+03
 0.130994D+03
 0.133855D+03
 0.131350D+03
 0.130656D+03
 0.130023D+03
 0.130217D+03
 0.131410D+03
 0.130625D+03
 0.130330D+03
 0.130634D+03
 0.133317D+03
 0.130975D+03
 0.130647D+03
 0.129653D+03
 0.129659D+03
 0.131449D+03
 0.130445D+03
 0.129956D+03
 0.130473D+03
 0.133019D+03
 0.130708D+03
 0.130291D+03
 0.129830D+03
 0.129631D+03
 0.131333D+03
 0.130383D+03
 0.129978D+03
 0.130296D+03
 0.132157D+03
 0.130538D+03
 0.130264D+03
 0.129793D+03
 0.129791D+03
 0.131652D+03
 0.130455D+03
 0.129939D+03
 0.130342D+03
 0.131677D+03
 0.130550D+03
 0.130332D+03
 0.130068D+03
 0.129833D+03
 0.131860D+03
 0.130753D+03
 0.130160D+03
 0.130185D+03
 0.131108D+03
 0.130807D+03
 0.131000D+03
 0.130447D+03
 0.130217D+03
 0.132315D+03
 0.130976D+03
 0.130381D+03
 0.130639D+03
 0.131408D+03
 0.130933D+03
 0.132063D+03
 0.131377D+03
 0.130749D+03
 0.132618D+03
 0.131184D+03
 0.130778D+03
 0.131127D+03
 0.131931D+03
 0.131396D+03
 0.133219D+03
 0.132100D+03
 0.131430D+03
 0.133167D+03
 0.131591D+03
 0.131206D+03
 0.131305D+03
 0.132688D+03
 0.131799D+03
 0.132940D+03
 0.133149D+03
 0.131409D+03
 0.133540D+03
 0.132093D+03
 0.131827D+03
 0.131917D+03
 0.133439D+03
 0.132117D+03
 0.132247D+03
 0.131464D+03
 0.133774D+03
 0.132705D+03
 0.132282D+03
 0.132501D+03
 0.134122D+03
 0.132852D+03
 0.131541D+03
 0.131940D+03
 0.134528D+03
 0.133398D+03
 0.133037D+03
 0.133164D+03
 0.134482D+03
 0.133225D+03
 0.132137D+03
 0.132527D+03
 0.135035D+03
 0.133709D+03
 0.133388D+03
 0.133635D+03
 0.135185D+03
 0.133858D+03
 0.141124D+03
 0.141858D+03
 0.140197D+03
 0.141465D+03
 0.140871D+03
 0.140327D+03
 0.141098D+03
 0.142118D+03
 0.141509D+03
 0.142539D+03
 0.140519D+03
 0.141720D+03
 0.141169D+03
 0.140623D+03
 0.141022D+03
 0.142184D+03
 0.141716D+03
 0.143029D+03
 0.141108D+03
 0.141987D+03
 0.141263D+03
 0.140966D+03
 0.141211D+03
 0.141694D+03
 0.141725D+03
 0.143574D+03
 0.141023D+03
 0.141640D+03
 0.141340D+03
 0.140914D+03
 0.141055D+03
 0.143205D+03
 0.142505D+03
 0.141450D+03
 0.143411D+03
 0.140882D+03
 0.141675D+03
 0.141158D+03
 0.140648D+03
 0.141510D+03
 0.143108D+03
 0.141605D+03
 0.141080D+03
 0.143350D+03
 0.140620D+03
 0.141002D+03
 0.140724D+03
 0.140402D+03
 0.140918D+03
 0.142634D+03
 0.141195D+03
 0.140637D+03
 0.142869D+03
 0.140000D+03
 0.140414D+03
 0.140022D+03
 0.139714D+03
 0.140467D+03
 0.141898D+03
 0.140367D+03
 0.139791D+03
 0.142063D+03
 0.139173D+03
 0.139472D+03
 0.139078D+03
 0.138774D+03
 0.139113D+03
 0.140578D+03
 0.139386D+03
 0.138989D+03
 0.140556D+03
 0.137955D+03
 0.138198D+03
 0.137926D+03
 0.137474D+03
 0.138005D+03
 0.138797D+03
 0.138166D+03
 0.138179D+03
 0.138864D+03
 0.136527D+03
 0.136673D+03
 0.136351D+03
 0.136052D+03
 0.136581D+03
 0.136778D+03
 0.136867D+03
 0.136511D+03
 0.136874D+03
 0.134541D+03
 0.135059D+03
 0.133865D+03
 0.134375D+03
 0.134726D+03
 0.134809D+03
 0.135167D+03
 0.134765D+03
 0.134751D+03
 0.132868D+03
 0.133830D+03
 0.132412D+03
 0.132956D+03
 0.133349D+03
 0.131436D+03
 0.133596D+03
 0.131270D+03
 0.131137D+03
 0.129992D+03
 0.131023D+03
 0.131334D+03
 0.129797D+03
 0.131442D+03
 0.130632D+03
 0.130464D+03
 0.129872D+03
 0.130106D+03
 0.128801D+03
 0.130354D+03
 0.130357D+03
 0.129004D+03
 0.130782D+03
 0.130563D+03
 0.129388D+03
 0.129472D+03
 0.128717D+03
 0.128809D+03
 0.129814D+03
 0.130471D+03
 0.128744D+03
 0.130916D+03
 0.132829D+03
 0.129283D+03
 0.131004D+03
 0.130295D+03
 0.130130D+03
 0.131427D+03
 0.130435D+03
 0.130543D+03
 0.131144D+03
 0.133429D+03
 0.131282D+03
 0.130756D+03
 0.130303D+03
 0.129875D+03
 0.131362D+03
 0.130489D+03
 0.130372D+03
 0.130771D+03
 0.133909D+03
 0.131329D+03
 0.130448D+03
 0.130182D+03
 0.129752D+03
 0.131070D+03
 0.130476D+03
 0.130382D+03
 0.130730D+03
 0.133742D+03
 0.130942D+03
 0.130295D+03
 0.130247D+03
 0.129575D+03
 0.131097D+03
 0.130390D+03
 0.129950D+03
 0.130531D+03
 0.132885D+03
 0.130788D+03
 0.130241D+03
 0.129701D+03
 0.129719D+03
 0.131032D+03
 0.130288D+03
 0.129767D+03
 0.130299D+03
 0.132355D+03
 0.130624D+03
 0.130082D+03
 0.129749D+03
 0.129689D+03
 0.131026D+03
 0.130302D+03
 0.129762D+03
 0.130227D+03
 0.131583D+03
 0.130538D+03
 0.130545D+03
 0.130077D+03
 0.129883D+03
 0.131247D+03
 0.130509D+03
 0.130160D+03
 0.130207D+03
 0.131271D+03
 0.130633D+03
 0.131079D+03
 0.130715D+03
 0.130344D+03
 0.131802D+03
 0.130694D+03
 0.130396D+03
 0.130721D+03
 0.131651D+03
 0.130946D+03
 0.132003D+03
 0.131427D+03
 0.130910D+03
 0.132187D+03
 0.131305D+03
 0.130678D+03
 0.130887D+03
 0.132053D+03
 0.131424D+03
 0.133302D+03
 0.132554D+03
 0.131661D+03
 0.132879D+03
 0.131730D+03
 0.131449D+03
 0.131361D+03
 0.132802D+03
 0.131868D+03
 0.133301D+03
 0.133513D+03
 0.131749D+03
 0.133319D+03
 0.132282D+03
 0.131964D+03
 0.132247D+03
 0.133572D+03
 0.132280D+03
 0.131204D+03
 0.131609D+03
 0.133915D+03
 0.132837D+03
 0.132411D+03
 0.132547D+03
 0.134221D+03
 0.132958D+03
 0.131478D+03
 0.132052D+03
 0.134120D+03
 0.133075D+03
 0.132890D+03
 0.133089D+03
 0.134585D+03
 0.133282D+03
 0.131886D+03
 0.132397D+03
 0.134425D+03
 0.133599D+03
 0.133445D+03
 0.133314D+03
 0.134976D+03
 0.133775D+03
 0.140858D+03
 0.141723D+03
 0.139964D+03
 0.141192D+03
 0.140474D+03
 0.140290D+03
 0.140796D+03
 0.141670D+03
 0.141254D+03
 0.142409D+03
 0.140617D+03
 0.141414D+03
 0.140872D+03
 0.140705D+03
 0.141003D+03
 0.142024D+03
 0.141745D+03
 0.143134D+03
 0.140866D+03
 0.141416D+03
 0.141454D+03
 0.140866D+03
 0.141261D+03
 0.141617D+03
 0.141751D+03
 0.143504D+03
 0.140775D+03
 0.141419D+03
 0.141245D+03
 0.140850D+03
 0.141438D+03
 0.143182D+03
 0.142531D+03
 0.141599D+03
 0.143695D+03
 0.140935D+03
 0.141260D+03
 0.141342D+03
 0.140827D+03
 0.141384D+03
 0.143120D+03
 0.141749D+03
 0.141145D+03
 0.143640D+03
 0.140700D+03
 0.140821D+03
 0.140830D+03
 0.140393D+03
 0.140921D+03
 0.142548D+03
 0.141439D+03
 0.140572D+03
 0.143193D+03
 0.140039D+03
 0.140157D+03
 0.140139D+03
 0.139793D+03
 0.140410D+03
 0.141991D+03
 0.140556D+03
 0.140153D+03
 0.142240D+03
 0.139196D+03
 0.139101D+03
 0.139147D+03
 0.138636D+03
 0.139214D+03
 0.140538D+03
 0.139590D+03
 0.139295D+03
 0.140727D+03
 0.137820D+03
 0.138028D+03
 0.137911D+03
 0.137571D+03
 0.138017D+03
 0.138593D+03
 0.138146D+03
 0.138163D+03
 0.138831D+03
 0.136235D+03
 0.136445D+03
 0.135689D+03
 0.135783D+03
 0.135752D+03
 0.134833D+03
 0.136629D+03
 0.134733D+03
 0.136695D+03
 0.134328D+03
 0.133061D+03
 0.133593D+03
 0.134110D+03
 0.133872D+03
 0.132840D+03
 0.134602D+03
 0.132680D+03
 0.132833D+03
 0.130959D+03
 0.131469D+03
 0.131889D+03
 0.130562D+03
 0.132141D+03
 0.130949D+03
 0.131358D+03
 0.130402D+03
 0.131138D+03
 0.129584D+03
 0.130302D+03
 0.130601D+03
 0.129058D+03
 0.130910D+03
 0.130180D+03
 0.129899D+03
 0.129566D+03
 0.129704D+03
 0.128722D+03
 0.129565D+03
 0.129563D+03
 0.128236D+03
 0.130283D+03
 0.130064D+03
 0.129413D+03
 0.128592D+03
 0.128447D+03
 0.127959D+03
 0.129006D+03
 0.129449D+03
 0.127903D+03
 0.130518D+03
 0.130393D+03
 0.128702D+03
 0.128043D+03
 0.127060D+03
 0.127312D+03
 0.128802D+03
 0.128946D+03
 0.128167D+03
 0.130312D+03
 0.132941D+03
 0.128351D+03
 0.130232D+03
 0.130074D+03
 0.129682D+03
 0.130450D+03
 0.130270D+03
 0.130139D+03
 0.130584D+03
 0.133674D+03
 0.131005D+03
 0.130036D+03
 0.130181D+03
 0.129356D+03
 0.130598D+03
 0.130153D+03
 0.129834D+03
 0.130653D+03
 0.133555D+03
 0.130777D+03
 0.130143D+03
 0.130036D+03
 0.129526D+03
 0.130791D+03
 0.130038D+03
 0.129639D+03
 0.130357D+03
 0.132847D+03
 0.130678D+03
 0.129922D+03
 0.130112D+03
 0.129443D+03
 0.130624D+03
 0.130224D+03
 0.129676D+03
 0.130272D+03
 0.132253D+03
 0.130400D+03
 0.130143D+03
 0.130089D+03
 0.129587D+03
 0.130893D+03
 0.130304D+03
 0.129673D+03
 0.130132D+03
 0.131840D+03
 0.130593D+03
 0.130287D+03
 0.130145D+03
 0.129772D+03
 0.131189D+03
 0.130484D+03
 0.129935D+03
 0.130390D+03
 0.131128D+03
 0.130734D+03
 0.130994D+03
 0.130950D+03
 0.130254D+03
 0.131424D+03
 0.130720D+03
 0.130406D+03
 0.130499D+03
 0.131537D+03
 0.130892D+03
 0.132189D+03
 0.131879D+03
 0.130903D+03
 0.132181D+03
 0.131367D+03
 0.130810D+03
 0.130932D+03
 0.132165D+03
 0.131308D+03
 0.133578D+03
 0.133145D+03
 0.131502D+03
 0.132742D+03
 0.131746D+03
 0.131284D+03
 0.131460D+03
 0.132970D+03
 0.131879D+03
 0.133667D+03
 0.133737D+03
 0.131698D+03
 0.133317D+03
 0.132361D+03
 0.131999D+03
 0.132012D+03
 0.133477D+03
 0.132262D+03
 0.132126D+03
 0.131587D+03
 0.133478D+03
 0.132423D+03
 0.132220D+03
 0.132228D+03
 0.133937D+03
 0.132480D+03
 0.140471D+03
 0.141727D+03
 0.139677D+03
 0.140450D+03
 0.140587D+03
 0.140108D+03
 0.140517D+03
 0.141512D+03
 0.141116D+03
 0.142641D+03
 0.140275D+03
 0.141127D+03
 0.140958D+03
 0.140533D+03
 0.140835D+03
 0.141913D+03
 0.141667D+03
 0.143470D+03
 0.140598D+03
 0.141225D+03
 0.141354D+03
 0.140905D+03
 0.141234D+03
 0.141701D+03
 0.141640D+03
 0.143468D+03
 0.140865D+03
 0.141617D+03
 0.141416D+03
 0.140813D+03
 0.141448D+03
 0.143342D+03
 0.142399D+03
 0.141734D+03
 0.143863D+03
 0.141010D+03
 0.140880D+03
 0.141484D+03
 0.141010D+03
 0.141425D+03
 0.143258D+03
 0.141687D+03
 0.141393D+03
 0.143843D+03
 0.140841D+03
 0.140820D+03
 0.140866D+03
 0.140406D+03
 0.140974D+03
 0.142947D+03
 0.141414D+03
 0.140622D+03
 0.143530D+03
 0.140066D+03
 0.140133D+03
 0.140235D+03
 0.139897D+03
 0.140417D+03
 0.141932D+03
 0.140451D+03
 0.139822D+03
 0.142301D+03
 0.139203D+03
 0.138900D+03
 0.139094D+03
 0.138867D+03
 0.139164D+03
 0.138896D+03
 0.139270D+03
 0.137562D+03
 0.140767D+03
 0.137812D+03
 0.137688D+03
 0.137163D+03
 0.137340D+03
 0.137430D+03
 0.136885D+03
 0.137841D+03
 0.136327D+03
 0.137065D+03
 0.134447D+03
 0.134380D+03
 0.135139D+03
 0.133989D+03
 0.135424D+03
 0.134630D+03
 0.134488D+03
 0.129888D+03
 0.129935D+03
 0.129006D+03
 0.130018D+03
 0.129613D+03
 0.129745D+03
 0.130251D+03
 0.133052D+03
 0.130450D+03
 0.129740D+03
 0.130078D+03
 0.129158D+03
 0.130076D+03
 0.129933D+03
 0.129582D+03
 0.130229D+03
 0.133086D+03
 0.130512D+03
 0.130008D+03
 0.130221D+03
 0.129166D+03
 0.130272D+03
 0.129843D+03
 0.129580D+03
 0.129938D+03
 0.132838D+03
 0.130527D+03
 0.130070D+03
 0.129867D+03
 0.129267D+03
 0.130182D+03
 0.129810D+03
 0.129708D+03
 0.129925D+03
 0.132136D+03
 0.130487D+03
 0.130079D+03
 0.129850D+03
 0.129348D+03
 0.130420D+03
 0.130030D+03
 0.129743D+03
 0.129913D+03
 0.131548D+03
 0.130511D+03
 0.130390D+03
 0.130398D+03
 0.129770D+03
 0.130922D+03
 0.130402D+03
 0.130063D+03
 0.130216D+03
 0.131296D+03
 0.131011D+03
 0.130888D+03
 0.130963D+03
 0.130197D+03
 0.131328D+03
 0.130858D+03
 0.130345D+03
 0.130507D+03
 0.131475D+03
 0.131540D+03
 0.132235D+03
 0.132022D+03
 0.130670D+03
 0.131962D+03
 0.131319D+03
 0.130746D+03
 0.130906D+03
 0.132207D+03
 0.131130D+03
 0.133501D+03
 0.133277D+03
 0.131417D+03
 0.132772D+03
 0.131685D+03
 0.131204D+03
 0.131405D+03
 0.133019D+03
 0.131923D+03
 0.133735D+03
 0.133857D+03
 0.131569D+03
 0.133197D+03
 0.132148D+03
 0.131807D+03
 0.132054D+03
 0.133576D+03
 0.132288D+03
 0.132155D+03
 0.131074D+03
 0.132909D+03
 0.131934D+03
 0.131726D+03
 0.131749D+03
 0.133572D+03
 0.132063D+03
 0.140410D+03
 0.141634D+03
 0.139785D+03
 0.140458D+03
 0.140316D+03
 0.139706D+03
 0.140410D+03
 0.141258D+03
 0.141297D+03
 0.142540D+03
 0.140357D+03
 0.140921D+03
 0.140836D+03
 0.140542D+03
 0.140928D+03
 0.141936D+03
 0.141850D+03
 0.143345D+03
 0.140569D+03
 0.141095D+03
 0.141286D+03
 0.140784D+03
 0.141149D+03
 0.141629D+03
 0.141751D+03
 0.143836D+03
 0.140972D+03
 0.141271D+03
 0.141538D+03
 0.141079D+03
 0.141655D+03
 0.143204D+03
 0.142383D+03
 0.141739D+03
 0.144077D+03
 0.141082D+03
 0.141004D+03
 0.141297D+03
 0.141014D+03
 0.141611D+03
 0.143113D+03
 0.141757D+03
 0.141146D+03
 0.144065D+03
 0.140709D+03
 0.140383D+03
 0.140866D+03
 0.140623D+03
 0.140959D+03
 0.142578D+03
 0.141266D+03
 0.140574D+03
 0.143388D+03
 0.140114D+03
 0.139681D+03
 0.140112D+03
 0.139727D+03
 0.140292D+03
 0.139988D+03
 0.140452D+03
 0.138310D+03
 0.140855D+03
 0.138977D+03
 0.137277D+03
 0.138714D+03
 0.136701D+03
 0.138938D+03
 0.138682D+03
 0.137506D+03
 0.137274D+03
 0.139102D+03
 0.135976D+03
 0.135725D+03
 0.136908D+03
 0.135424D+03
 0.137269D+03
 0.136724D+03
 0.136111D+03
 0.129253D+03
 0.129909D+03
 0.128911D+03
 0.129410D+03
 0.129455D+03
 0.129221D+03
 0.129694D+03
 0.132704D+03
 0.130155D+03
 0.129665D+03
 0.129816D+03
 0.128939D+03
 0.129731D+03
 0.129717D+03
 0.129349D+03
 0.129867D+03
 0.132541D+03
 0.130192D+03
 0.129684D+03
 0.130097D+03
 0.129160D+03
 0.129887D+03
 0.129757D+03
 0.129295D+03
 0.129704D+03
 0.131965D+03
 0.130414D+03
 0.129814D+03
 0.129989D+03
 0.129208D+03
 0.130170D+03
 0.129854D+03
 0.129389D+03
 0.129734D+03
 0.131536D+03
 0.130722D+03
 0.130410D+03
 0.130446D+03
 0.129802D+03
 0.130714D+03
 0.130392D+03
 0.129725D+03
 0.129917D+03
 0.131183D+03
 0.131267D+03
 0.130967D+03
 0.131092D+03
 0.130137D+03
 0.131344D+03
 0.130750D+03
 0.130146D+03
 0.130258D+03
 0.131650D+03
 0.131463D+03
 0.132252D+03
 0.131831D+03
 0.130805D+03
 0.131755D+03
 0.131170D+03
 0.130741D+03
 0.130729D+03
 0.132144D+03
 0.131897D+03
 0.133446D+03
 0.133038D+03
 0.131185D+03
 0.132408D+03
 0.131606D+03
 0.131071D+03
 0.131174D+03
 0.132714D+03
 0.131747D+03
 0.133159D+03
 0.133612D+03
 0.131530D+03
 0.132700D+03
 0.132020D+03
 0.131366D+03
 0.131603D+03
 0.133253D+03
 0.132092D+03
 0.142038D+03
 0.143600D+03
 0.140949D+03
 0.141185D+03
 0.141685D+03
 0.141021D+03
 0.141299D+03
 0.142115D+03
 0.142080D+03
 0.143984D+03
 0.140899D+03
 0.141195D+03
 0.141545D+03
 0.141276D+03
 0.141714D+03
 0.143039D+03
 0.142682D+03
 0.141723D+03
 0.144034D+03
 0.141084D+03
 0.140845D+03
 0.141311D+03
 0.140667D+03
 0.141381D+03
 0.141044D+03
 0.141734D+03
 0.141209D+03
 0.143825D+03
 0.140336D+03
 0.140354D+03
 0.140806D+03
 0.140336D+03
 0.140790D+03
 0.140628D+03
 0.141048D+03
 0.138748D+03
 0.141700D+03
 0.138308D+03
 0.138082D+03
 0.139708D+03
 0.137784D+03
 0.139711D+03
 0.139849D+03
 0.138573D+03
 0.129319D+03
 0.129576D+03
 0.128357D+03
 0.129244D+03
 0.129281D+03
 0.128886D+03
 0.129424D+03
 0.132121D+03
 0.129741D+03
 0.129478D+03
 0.129776D+03
 0.128747D+03
 0.129426D+03
 0.129423D+03
 0.128939D+03
 0.129470D+03
 0.131748D+03
 0.130441D+03
 0.129638D+03
 0.129745D+03
 0.128815D+03
 0.129808D+03
 0.129806D+03
 0.129223D+03
 0.129621D+03
 0.131143D+03
 0.130621D+03
 0.130095D+03
 0.130120D+03
 0.129345D+03
 0.130320D+03
 0.130056D+03
 0.129675D+03
 0.129675D+03
 0.131128D+03
 0.130766D+03
 0.130778D+03
 0.130852D+03
 0.129717D+03
 0.130886D+03
 0.130467D+03
 0.129917D+03
 0.129980D+03
 0.131197D+03
 0.131149D+03
 0.131831D+03
 0.131683D+03
 0.130211D+03
 0.131436D+03
 0.130785D+03
 0.130327D+03
 0.130464D+03
 0.131672D+03
 0.131622D+03
 0.133019D+03
 0.132648D+03
 0.130771D+03
 0.131672D+03
 0.130879D+03
 0.130676D+03
 0.130752D+03
 0.132352D+03
 0.131106D+03
 0.132251D+03
 0.133014D+03
 0.130803D+03
 0.132125D+03
 0.131152D+03
 0.130972D+03
 0.130995D+03
 0.132669D+03
 0.131208D+03
 0.142036D+03
 0.143639D+03
 0.140755D+03
 0.140985D+03
 0.141620D+03
 0.140943D+03
 0.141240D+03
 0.142148D+03
 0.141743D+03
 0.143724D+03
 0.140723D+03
 0.140756D+03
 0.141273D+03
 0.140905D+03
 0.141411D+03
 0.142408D+03
 0.141795D+03
 0.141259D+03
 0.143524D+03
 0.140410D+03
 0.140471D+03
 0.140980D+03
 0.140271D+03
 0.141238D+03
 0.141034D+03
 0.141334D+03
 0.139118D+03
 0.142091D+03
 0.138778D+03
 0.138691D+03
 0.140293D+03
 0.138268D+03
 0.140281D+03
 0.140338D+03
 0.139033D+03
 0.138243D+03
 0.141874D+03
 0.138462D+03
 0.137945D+03
 0.139126D+03
 0.138164D+03
 0.139326D+03
 0.139392D+03
 0.138612D+03
 0.129083D+03
 0.129366D+03
 0.128181D+03
 0.128892D+03
 0.128901D+03
 0.128602D+03
 0.129096D+03
 0.131807D+03
 0.129709D+03
 0.129206D+03
 0.129537D+03
 0.128250D+03
 0.129133D+03
 0.129326D+03
 0.128732D+03
 0.129202D+03
 0.131180D+03
 0.130199D+03
 0.129280D+03
 0.129462D+03
 0.128373D+03
 0.129454D+03
 0.129305D+03
 0.128986D+03
 0.129267D+03
 0.130785D+03
 0.130099D+03
 0.129578D+03
 0.129805D+03
 0.128656D+03
 0.129756D+03
 0.129775D+03
 0.129059D+03
 0.129342D+03
 0.130469D+03
 0.130235D+03
 0.130285D+03
 0.130336D+03
 0.129013D+03
 0.130442D+03
 0.129945D+03
 0.129447D+03
 0.129656D+03
 0.130660D+03
 0.130680D+03
 0.131357D+03
 0.131329D+03
 0.129570D+03
 0.130584D+03
 0.130270D+03
 0.129780D+03
 0.129933D+03
 0.130919D+03
 0.131037D+03
 0.132454D+03
 0.131761D+03
 0.130187D+03
 0.130908D+03
 0.130375D+03
 0.129937D+03
 0.130351D+03
 0.131700D+03
 0.130486D+03
 0.134662D+03
 0.134370D+03
 0.133268D+03
 0.132905D+03
 0.133014D+03
 0.131860D+03
 0.133992D+03
 0.133291D+03
 0.135690D+03
 0.135367D+03
 0.134543D+03
 0.134121D+03
 0.134417D+03
 0.132873D+03
 0.134546D+03
 0.134178D+03
 0.136698D+03
 0.136201D+03
 0.135882D+03
 0.135414D+03
 0.135472D+03
 0.133854D+03
 0.135663D+03
 0.129990D+03
 0.130626D+03
 0.131540D+03
 0.130954D+03
 0.131200D+03
 0.129844D+03
 0.132520D+03
 0.131248D+03
 0.135334D+03
 0.133054D+03
 0.132196D+03
 0.131719D+03
 0.131889D+03
 0.130562D+03
 0.132860D+03
 0.131921D+03
 0.134241D+03
 0.134044D+03
 0.133173D+03
 0.132713D+03
 0.132797D+03
 0.131599D+03
 0.133734D+03
 0.132753D+03
 0.135106D+03
 0.134863D+03
 0.134365D+03
 0.134006D+03
 0.134044D+03
 0.132700D+03
 0.134281D+03
 0.133573D+03
 0.137954D+03
 0.135805D+03
 0.135821D+03
 0.135490D+03
 0.135559D+03
 0.133522D+03
 0.135396D+03
 0.136609D+03
 0.137443D+03
 0.136972D+03
 0.137084D+03
 0.136754D+03
 0.136811D+03
 0.135187D+03
 0.137032D+03
 0.137914D+03
 0.138955D+03
 0.137852D+03
 0.138494D+03
 0.137915D+03
 0.138052D+03
 0.136496D+03
 0.138110D+03
 0.134747D+03
 0.135224D+03
 0.133036D+03
 0.134217D+03
 0.133607D+03
 0.132769D+03
 0.131589D+03
 0.131997D+03
 0.132219D+03
 0.132160D+03
 0.131658D+03
 0.130422D+03
 0.131041D+03
 0.130864D+03
 0.130508D+03
 0.130504D+03
 0.130455D+03
 0.131380D+03
 0.132168D+03
 0.132508D+03
 0.129911D+03
 0.131393D+03
 0.129601D+03
 0.129983D+03
 0.129421D+03
 0.129320D+03
 0.130282D+03
 0.130198D+03
 0.131519D+03
 0.128848D+03
 0.130358D+03
 0.128922D+03
 0.129101D+03
 0.128536D+03
 0.129031D+03
 0.129468D+03
 0.129557D+03
 0.130692D+03
 0.128196D+03
 0.129668D+03
 0.128444D+03
 0.128524D+03
 0.127872D+03
 0.129135D+03
 0.128782D+03
 0.129126D+03
 0.130164D+03
 0.127671D+03
 0.129368D+03
 0.127921D+03
 0.128235D+03
 0.127469D+03
 0.129606D+03
 0.128666D+03
 0.128834D+03
 0.129708D+03
 0.127617D+03
 0.129127D+03
 0.127716D+03
 0.127990D+03
 0.127525D+03
 0.130106D+03
 0.128313D+03
 0.129465D+03
 0.130201D+03
 0.131362D+03
 0.130853D+03
 0.131016D+03
 0.131415D+03
 0.132728D+03
 0.130762D+03
 0.133002D+03
 0.133531D+03
 0.131985D+03
 0.131600D+03
 0.131863D+03
 0.130798D+03
 0.133246D+03
 0.131812D+03
 0.134115D+03
 0.134048D+03
 0.133193D+03
 0.132817D+03
 0.132663D+03
 0.131879D+03
 0.134235D+03
 0.132742D+03
 0.135274D+03
 0.135057D+03
 0.134472D+03
 0.134129D+03
 0.134104D+03
 0.133155D+03
 0.135176D+03
 0.133842D+03
 0.136643D+03
 0.135881D+03
 0.135869D+03
 0.135454D+03
 0.135688D+03
 0.134147D+03
 0.135288D+03
 0.136361D+03
 0.137449D+03
 0.136738D+03
 0.137169D+03
 0.136968D+03
 0.136893D+03
 0.135713D+03
 0.137297D+03
 0.137760D+03
 0.138683D+03
 0.137807D+03
 0.138597D+03
 0.137974D+03
 0.138163D+03
 0.136761D+03
 0.138162D+03
 0.134015D+03
 0.134009D+03
 0.131802D+03
 0.132003D+03
 0.132058D+03
 0.131785D+03
 0.131629D+03
 0.132078D+03
 0.132665D+03
 0.132646D+03
 0.133815D+03
 0.130874D+03
 0.132444D+03
 0.130984D+03
 0.130954D+03
 0.130489D+03
 0.130652D+03
 0.131477D+03
 0.130891D+03
 0.132451D+03
 0.129690D+03
 0.131211D+03
 0.129723D+03
 0.129918D+03
 0.129713D+03
 0.129638D+03
 0.130125D+03
 0.130247D+03
 0.131654D+03
 0.128814D+03
 0.130688D+03
 0.128998D+03
 0.129222D+03
 0.129506D+03
 0.129196D+03
 0.129500D+03
 0.129488D+03
 0.130788D+03
 0.128511D+03
 0.129933D+03
 0.128631D+03
 0.128685D+03
 0.128857D+03
 0.129603D+03
 0.129251D+03
 0.128991D+03
 0.130328D+03
 0.127892D+03
 0.129724D+03
 0.128254D+03
 0.128367D+03
 0.128539D+03
 0.130193D+03
 0.128757D+03
 0.128851D+03
 0.129836D+03
 0.127889D+03
 0.129434D+03
 0.128002D+03
 0.128246D+03
 0.128385D+03
 0.130449D+03
 0.128646D+03
 0.129778D+03
 0.130275D+03
 0.131233D+03
 0.130926D+03
 0.131276D+03
 0.132953D+03
 0.131559D+03
 0.135516D+03
 0.133569D+03
 0.132038D+03
 0.131946D+03
 0.131883D+03
 0.134786D+03
 0.132587D+03
 0.134337D+03
 0.134310D+03
 0.133154D+03
 0.133329D+03
 0.132992D+03
 0.135882D+03
 0.133664D+03
 0.135414D+03
 0.135041D+03
 0.134826D+03
 0.134520D+03
 0.134499D+03
 0.136105D+03
 0.134836D+03
 0.136820D+03
 0.136200D+03
 0.135965D+03
 0.135836D+03
 0.135679D+03
 0.136351D+03
 0.136720D+03
 0.137714D+03
 0.136917D+03
 0.137277D+03
 0.137200D+03
 0.137299D+03
 0.137724D+03
 0.138672D+03
 0.138636D+03
 0.137902D+03
 0.138256D+03
 0.138353D+03
 0.138048D+03
 0.138728D+03
 0.136407D+03
 0.137974D+03
 0.134964D+03
 0.135041D+03
 0.135064D+03
 0.134955D+03
 0.136381D+03
 0.135783D+03
 0.135455D+03
 0.135798D+03
 0.133269D+03
 0.133430D+03
 0.133845D+03
 0.133556D+03
 0.135737D+03
 0.134304D+03
 0.134314D+03
 0.134649D+03
 0.132390D+03
 0.133699D+03
 0.132473D+03
 0.132440D+03
 0.134635D+03
 0.133033D+03
 0.132665D+03
 0.133911D+03
 0.130955D+03
 0.132453D+03
 0.131036D+03
 0.131245D+03
 0.131769D+03
 0.131698D+03
 0.131128D+03
 0.132640D+03
 0.130038D+03
 0.131550D+03
 0.130093D+03
 0.130114D+03
 0.130631D+03
 0.131070D+03
 0.130479D+03
 0.131948D+03
 0.129206D+03
 0.130663D+03
 0.129717D+03
 0.129602D+03
 0.131197D+03
 0.130288D+03
 0.129692D+03
 0.131294D+03
 0.128663D+03
 0.130131D+03
 0.129020D+03
 0.128907D+03
 0.130385D+03
 0.130177D+03
 0.129405D+03
 0.130589D+03
 0.128298D+03
 0.129878D+03
 0.128640D+03
 0.128674D+03
 0.130790D+03
 0.129817D+03
 0.128433D+03
 0.129398D+03
 0.127421D+03
 0.129174D+03
 0.128451D+03
 0.127614D+03
 0.130542D+03
 0.129030D+03
 0.130314D+03
 0.130712D+03
 0.131658D+03
 0.131457D+03
 0.131731D+03
 0.133210D+03
 0.133177D+03
 0.135999D+03
 0.134129D+03
 0.132384D+03
 0.132538D+03
 0.132600D+03
 0.134666D+03
 0.134250D+03
 0.134842D+03
 0.134914D+03
 0.133476D+03
 0.133638D+03
 0.133489D+03
 0.135785D+03
 0.135861D+03
 0.135746D+03
 0.134912D+03
 0.134887D+03
 0.135005D+03
 0.137331D+03
 0.137279D+03
 0.136626D+03
 0.136142D+03
 0.136503D+03
 0.136215D+03
 0.138570D+03
 0.137207D+03
 0.138439D+03
 0.135964D+03
 0.135198D+03
 0.135576D+03
 0.135453D+03
 0.137193D+03
 0.137025D+03
 0.136326D+03
 0.136853D+03
 0.134359D+03
 0.135269D+03
 0.134272D+03
 0.134309D+03
 0.135570D+03
 0.135689D+03
 0.134787D+03
 0.135108D+03
 0.132800D+03
 0.134157D+03
 0.132934D+03
 0.132748D+03
 0.134302D+03
 0.134469D+03
 0.133464D+03
 0.134299D+03
 0.131736D+03
 0.132818D+03
 0.131595D+03
 0.131708D+03
 0.132861D+03
 0.133339D+03
 0.131824D+03
 0.133268D+03
 0.130528D+03
 0.131795D+03
 0.130680D+03
 0.130775D+03
 0.132028D+03
 0.132374D+03
 0.128296D+03
 0.129241D+03
 0.127623D+03
 0.128714D+03
 0.128564D+03
 0.127813D+03
 0.131254D+03
 0.129460D+03
 0.130933D+03
 0.131487D+03
 0.132281D+03
 0.132864D+03
 0.132223D+03
 0.136645D+03
 0.134921D+03
 0.133034D+03
 0.133742D+03
 0.133213D+03
 0.135567D+03
 0.135103D+03
 0.134386D+03
 0.134907D+03
 0.134344D+03
 0.137020D+03
 0.136723D+03
 0.135667D+03
 0.136450D+03
 0.135758D+03
 0.137689D+03
 0.137357D+03
 0.136849D+03
 0.137970D+03
 0.136845D+03
 0.138638D+03
 0.140881D+03
 0.138109D+03
 0.138361D+03
 0.137425D+03
 0.137782D+03
 0.137917D+03
 0.139456D+03
 0.136845D+03
 0.137260D+03
 0.136016D+03
 0.136303D+03
 0.137110D+03
 0.137528D+03
 0.135275D+03
 0.135973D+03
 0.134464D+03
 0.134934D+03
 0.135761D+03
 0.136015D+03
 0.133783D+03
 0.134592D+03
 0.133911D+03
 0.133628D+03
 0.134255D+03
 0.135304D+03
 0.132552D+03
 0.133321D+03
 0.132937D+03
 0.132582D+03
 0.134181D+03
 0.134166D+03
 0.131313D+03
 0.132395D+03
 0.131730D+03
 0.131307D+03
 0.128765D+03
 0.129762D+03
 0.127899D+03
 0.129126D+03
 0.129041D+03
 0.128129D+03
 0.128326D+03
 0.129069D+03
 0.127824D+03
 0.128871D+03
 0.128754D+03
 0.127895D+03
 0.129449D+03
 0.130460D+03
 0.128589D+03
 0.129611D+03
 0.129264D+03
 0.128929D+03
 0.129008D+03
 0.129899D+03
 0.128350D+03
 0.129136D+03
 0.129067D+03
 0.128535D+03
 0.129245D+03
 0.130474D+03
 0.128986D+03
 0.129849D+03
 0.129151D+03
 0.129470D+03
 0.131797D+03
 0.129897D+03
 0.129142D+03
 0.129479D+03
 0.131318D+03
 0.130097D+03
 0.131562D+03
 0.130862D+03
 0.129860D+03
 0.129802D+03
 0.131947D+03
 0.130381D+03
