 0.132180D+03
 0.130817D+03
 0.128141D+03
 0.130582D+03
 0.131348D+03
 0.132076D+03
 0.130734D+03
 0.128355D+03
 0.130698D+03
 0.131732D+03
 0.129617D+03
 0.128897D+03
 0.131150D+03
 0.132335D+03
 0.129904D+03
 0.127450D+03
 0.125417D+03
 0.128201D+03
 0.129498D+03
 0.130347D+03
 0.127996D+03
 0.125855D+03
 0.128509D+03
 0.129901D+03
 0.130940D+03
 0.128693D+03
 0.126098D+03
 0.129209D+03
 0.130173D+03
 0.131597D+03
 0.129037D+03
 0.126565D+03
 0.129446D+03
 0.130656D+03
 0.132535D+03
 0.129857D+03
 0.127198D+03
 0.129904D+03
 0.131172D+03
 0.132246D+03
 0.130414D+03
 0.127769D+03
 0.130228D+03
 0.131395D+03
 0.132736D+03
 0.131425D+03
 0.129124D+03
 0.130468D+03
 0.131020D+03
 0.131840D+03
 0.132154D+03
 0.131272D+03
 0.129479D+03
 0.130941D+03
 0.131164D+03
 0.131980D+03
 0.130147D+03
 0.129982D+03
 0.131253D+03
 0.131562D+03
 0.132517D+03
 0.132214D+03
 0.129895D+03
 0.128112D+03
 0.129691D+03
 0.130047D+03
 0.131045D+03
 0.131463D+03
 0.128891D+03
 0.127340D+03
 0.129004D+03
 0.129479D+03
 0.130238D+03
 0.130871D+03
 0.128349D+03
 0.126740D+03
 0.128257D+03
 0.128800D+03
 0.129758D+03
 0.130517D+03
 0.128006D+03
 0.126523D+03
 0.128102D+03
 0.128467D+03
 0.129418D+03
 0.129957D+03
 0.127803D+03
 0.126133D+03
 0.127651D+03
 0.128151D+03
 0.129201D+03
 0.129909D+03
 0.127723D+03
 0.126210D+03
 0.127721D+03
 0.128032D+03
 0.129072D+03
 0.130063D+03
 0.127958D+03
 0.126188D+03
 0.127668D+03
 0.128270D+03
 0.129250D+03
 0.130088D+03
 0.128048D+03
 0.126253D+03
 0.127987D+03
 0.128389D+03
 0.129478D+03
 0.130429D+03
 0.128117D+03
 0.126488D+03
 0.128287D+03
 0.128688D+03
 0.129817D+03
 0.130903D+03
 0.128600D+03
 0.126930D+03
 0.128634D+03
 0.129139D+03
 0.130135D+03
 0.131480D+03
 0.129201D+03
 0.127370D+03
 0.129057D+03
 0.129555D+03
 0.130567D+03
 0.132146D+03
 0.129660D+03
 0.127902D+03
 0.129452D+03
 0.129919D+03
 0.130981D+03
 0.132878D+03
 0.130396D+03
 0.128457D+03
 0.129719D+03
 0.130295D+03
 0.131452D+03
 0.132590D+03
 0.131152D+03
 0.128620D+03
 0.130152D+03
 0.130574D+03
 0.131850D+03
 0.132734D+03
 0.131460D+03
 0.130093D+03
 0.131478D+03
 0.131199D+03
 0.131970D+03
 0.132340D+03
 0.131593D+03
 0.130188D+03
 0.131774D+03
 0.131437D+03
 0.132267D+03
 0.130483D+03
 0.130668D+03
 0.132196D+03
 0.131669D+03
 0.132686D+03
 0.142055D+03
 0.140175D+03
 0.138947D+03
 0.140362D+03
 0.140610D+03
 0.141023D+03
 0.140833D+03
 0.138757D+03
 0.137490D+03
 0.139072D+03
 0.138474D+03
 0.139580D+03
 0.138833D+03
 0.136829D+03
 0.135278D+03
 0.136499D+03
 0.136841D+03
 0.137168D+03
 0.136669D+03
 0.134841D+03
 0.133026D+03
 0.134409D+03
 0.134995D+03
 0.135275D+03
 0.135068D+03
 0.133279D+03
 0.131689D+03
 0.133355D+03
 0.132711D+03
 0.133656D+03
 0.133558D+03
 0.131624D+03
 0.130461D+03
 0.131923D+03
 0.131551D+03
 0.132197D+03
 0.132529D+03
 0.130370D+03
 0.129195D+03
 0.130790D+03
 0.130496D+03
 0.131153D+03
 0.131712D+03
 0.129486D+03
 0.128406D+03
 0.129935D+03
 0.129768D+03
 0.130636D+03
 0.131422D+03
 0.128993D+03
 0.127910D+03
 0.129373D+03
 0.129262D+03
 0.130122D+03
 0.130625D+03
 0.128413D+03
 0.127479D+03
 0.129265D+03
 0.129109D+03
 0.129855D+03
 0.130570D+03
 0.128350D+03
 0.127327D+03
 0.128816D+03
 0.128524D+03
 0.129682D+03
 0.130356D+03
 0.128409D+03
 0.127300D+03
 0.128805D+03
 0.128502D+03
 0.129644D+03
 0.130262D+03
 0.128498D+03
 0.127277D+03
 0.128828D+03
 0.128456D+03
 0.129671D+03
 0.130622D+03
 0.128661D+03
 0.127226D+03
 0.128939D+03
 0.128843D+03
 0.129805D+03
 0.130807D+03
 0.128842D+03
 0.127675D+03
 0.129246D+03
 0.128999D+03
 0.130115D+03
 0.131051D+03
 0.128908D+03
 0.127807D+03
 0.129600D+03
 0.129448D+03
 0.130404D+03
 0.131701D+03
 0.129487D+03
 0.128247D+03
 0.129862D+03
 0.129924D+03
 0.130895D+03
 0.132521D+03
 0.130029D+03
 0.128797D+03
 0.130389D+03
 0.130170D+03
 0.131061D+03
 0.133115D+03
 0.130720D+03
 0.129303D+03
 0.130689D+03
 0.130722D+03
 0.131705D+03
 0.132953D+03
 0.131175D+03
 0.129667D+03
 0.131155D+03
 0.130963D+03
 0.131782D+03
 0.133066D+03
 0.131777D+03
 0.130663D+03
 0.132031D+03
 0.131356D+03
 0.132061D+03
 0.132497D+03
 0.131690D+03
 0.131022D+03
 0.132340D+03
 0.131534D+03
 0.132362D+03
 0.130855D+03
 0.131369D+03
 0.132751D+03
 0.131890D+03
 0.132799D+03
 0.131190D+03
 0.132023D+03
 0.133435D+03
 0.132636D+03
 0.133308D+03
 0.140354D+03
 0.138411D+03
 0.137204D+03
 0.138792D+03
 0.138935D+03
 0.141177D+03
 0.139522D+03
 0.138130D+03
 0.139918D+03
 0.139974D+03
 0.141988D+03
 0.140076D+03
 0.138882D+03
 0.140754D+03
 0.140662D+03
 0.142575D+03
 0.140530D+03
 0.139408D+03
 0.141205D+03
 0.141234D+03
 0.141994D+03
 0.142853D+03
 0.141072D+03
 0.139871D+03
 0.141752D+03
 0.141639D+03
 0.142351D+03
 0.143088D+03
 0.141164D+03
 0.140235D+03
 0.141659D+03
 0.141467D+03
 0.142250D+03
 0.143026D+03
 0.141231D+03
 0.139932D+03
 0.141702D+03
 0.141480D+03
 0.142302D+03
 0.142616D+03
 0.140820D+03
 0.139842D+03
 0.141971D+03
 0.141184D+03
 0.141835D+03
 0.142096D+03
 0.140144D+03
 0.139558D+03
 0.140905D+03
 0.140459D+03
 0.140853D+03
 0.140616D+03
 0.138662D+03
 0.137681D+03
 0.139016D+03
 0.138309D+03
 0.139456D+03
 0.138761D+03
 0.136764D+03
 0.135968D+03
 0.136840D+03
 0.136940D+03
 0.137545D+03
 0.137206D+03
 0.135477D+03
 0.134104D+03
 0.135717D+03
 0.134740D+03
 0.135528D+03
 0.135325D+03
 0.133666D+03
 0.132490D+03
 0.134234D+03
 0.133018D+03
 0.133955D+03
 0.133929D+03
 0.131950D+03
 0.131211D+03
 0.132732D+03
 0.132086D+03
 0.132542D+03
 0.132792D+03
 0.130692D+03
 0.129931D+03
 0.131401D+03
 0.131164D+03
 0.131396D+03
 0.132043D+03
 0.129907D+03
 0.129267D+03
 0.130729D+03
 0.130207D+03
 0.130675D+03
 0.131587D+03
 0.129302D+03
 0.128657D+03
 0.130188D+03
 0.129659D+03
 0.130359D+03
 0.131089D+03
 0.128873D+03
 0.128385D+03
 0.129907D+03
 0.129289D+03
 0.130010D+03
 0.130808D+03
 0.128739D+03
 0.128148D+03
 0.129601D+03
 0.129120D+03
 0.130084D+03
 0.130688D+03
 0.128840D+03
 0.128071D+03
 0.129545D+03
 0.129173D+03
 0.129909D+03
 0.130629D+03
 0.128730D+03
 0.128249D+03
 0.129601D+03
 0.129173D+03
 0.129889D+03
 0.130833D+03
 0.128906D+03
 0.128062D+03
 0.129798D+03
 0.129072D+03
 0.130061D+03
 0.130956D+03
 0.129060D+03
 0.128345D+03
 0.130002D+03
 0.129561D+03
 0.130386D+03
 0.131405D+03
 0.129082D+03
 0.128629D+03
 0.130249D+03
 0.129729D+03
 0.130556D+03
 0.131729D+03
 0.129564D+03
 0.128983D+03
 0.130573D+03
 0.130191D+03
 0.131031D+03
 0.132690D+03
 0.130227D+03
 0.129532D+03
 0.131103D+03
 0.130522D+03
 0.131413D+03
 0.132320D+03
 0.130947D+03
 0.129951D+03
 0.131276D+03
 0.130805D+03
 0.131588D+03
 0.132781D+03
 0.131608D+03
 0.130516D+03
 0.131837D+03
 0.131130D+03
 0.131847D+03
 0.132902D+03
 0.131901D+03
 0.131247D+03
 0.132691D+03
 0.131676D+03
 0.131830D+03
 0.132503D+03
 0.131684D+03
 0.131397D+03
 0.132759D+03
 0.131818D+03
 0.132274D+03
 0.130614D+03
 0.132001D+03
 0.133395D+03
 0.132314D+03
 0.133150D+03
 0.130939D+03
 0.132635D+03
 0.134072D+03
 0.132955D+03
 0.133654D+03
 0.140544D+03
 0.138618D+03
 0.137938D+03
 0.139454D+03
 0.139493D+03
 0.141360D+03
 0.139415D+03
 0.138932D+03
 0.140427D+03
 0.140333D+03
 0.142047D+03
 0.140272D+03
 0.139790D+03
 0.141263D+03
 0.141154D+03
 0.142625D+03
 0.140841D+03
 0.140163D+03
 0.141729D+03
 0.141589D+03
 0.142045D+03
 0.142924D+03
 0.141020D+03
 0.140443D+03
 0.142061D+03
 0.141913D+03
 0.142295D+03
 0.142932D+03
 0.141147D+03
 0.140835D+03
 0.142245D+03
 0.141697D+03
 0.142475D+03
 0.142849D+03
 0.141195D+03
 0.140961D+03
 0.141940D+03
 0.141618D+03
 0.142384D+03
 0.142497D+03
 0.140739D+03
 0.140504D+03
 0.141817D+03
 0.141240D+03
 0.141941D+03
 0.141873D+03
 0.139884D+03
 0.139784D+03
 0.141055D+03
 0.140325D+03
 0.140936D+03
 0.140373D+03
 0.138659D+03
 0.138008D+03
 0.139216D+03
 0.138644D+03
 0.139429D+03
 0.138876D+03
 0.137047D+03
 0.136530D+03
 0.138044D+03
 0.136942D+03
 0.137506D+03
 0.137188D+03
 0.135510D+03
 0.134795D+03
 0.136027D+03
 0.135324D+03
 0.135932D+03
 0.135493D+03
 0.133722D+03
 0.133093D+03
 0.134508D+03
 0.133611D+03
 0.134315D+03
 0.134081D+03
 0.132157D+03
 0.131762D+03
 0.133181D+03
 0.132271D+03
 0.132895D+03
 0.133146D+03
 0.130989D+03
 0.130697D+03
 0.132136D+03
 0.131664D+03
 0.131904D+03
 0.132326D+03
 0.130199D+03
 0.129870D+03
 0.131295D+03
 0.130756D+03
 0.130856D+03
 0.131941D+03
 0.129561D+03
 0.129341D+03
 0.130693D+03
 0.130162D+03
 0.130418D+03
 0.131313D+03
 0.129184D+03
 0.129022D+03
 0.130503D+03
 0.129801D+03
 0.130284D+03
 0.131103D+03
 0.129110D+03
 0.128958D+03
 0.130425D+03
 0.129664D+03
 0.130406D+03
 0.130942D+03
 0.129222D+03
 0.128775D+03
 0.130238D+03
 0.129526D+03
 0.130076D+03
 0.131032D+03
 0.129364D+03
 0.128637D+03
 0.130204D+03
 0.129459D+03
 0.130230D+03
 0.131227D+03
 0.129279D+03
 0.129034D+03
 0.130455D+03
 0.129566D+03
 0.130322D+03
 0.131039D+03
 0.129230D+03
 0.129160D+03
 0.130445D+03
 0.129769D+03
 0.130422D+03
 0.131391D+03
 0.129548D+03
 0.129287D+03
 0.130871D+03
 0.129868D+03
 0.130476D+03
 0.131921D+03
 0.129695D+03
 0.129820D+03
 0.130924D+03
 0.130402D+03
 0.131090D+03
 0.132642D+03
 0.130428D+03
 0.130113D+03
 0.131442D+03
 0.130685D+03
 0.131252D+03
 0.132637D+03
 0.131030D+03
 0.130337D+03
 0.131902D+03
 0.131046D+03
 0.131624D+03
 0.132992D+03
 0.131463D+03
 0.130897D+03
 0.132239D+03
 0.131259D+03
 0.131920D+03
 0.133075D+03
 0.131784D+03
 0.131445D+03
 0.132851D+03
 0.131637D+03
 0.131951D+03
 0.132782D+03
 0.131883D+03
 0.131928D+03
 0.133202D+03
 0.132209D+03
 0.132491D+03
 0.131035D+03
 0.132357D+03
 0.133732D+03
 0.132608D+03
 0.133192D+03
 0.131150D+03
 0.133149D+03
 0.134391D+03
 0.133307D+03
 0.133802D+03
 0.139087D+03
 0.136473D+03
 0.136330D+03
 0.137562D+03
 0.136686D+03
 0.136155D+03
 0.140353D+03
 0.137581D+03
 0.137498D+03
 0.138613D+03
 0.138362D+03
 0.140667D+03
 0.138683D+03
 0.138650D+03
 0.139809D+03
 0.139801D+03
 0.141419D+03
 0.139412D+03
 0.139274D+03
 0.140694D+03
 0.140687D+03
 0.142011D+03
 0.140166D+03
 0.140125D+03
 0.141294D+03
 0.141259D+03
 0.142761D+03
 0.140561D+03
 0.140615D+03
 0.141807D+03
 0.141523D+03
 0.142018D+03
 0.142677D+03
 0.140989D+03
 0.141000D+03
 0.142312D+03
 0.141714D+03
 0.142444D+03
 0.142872D+03
 0.140926D+03
 0.141075D+03
 0.142280D+03
 0.141882D+03
 0.142150D+03
 0.142690D+03
 0.141065D+03
 0.140732D+03
 0.142164D+03
 0.141617D+03
 0.142192D+03
 0.142314D+03
 0.140667D+03
 0.140781D+03
 0.141849D+03
 0.141180D+03
 0.141722D+03
 0.141740D+03
 0.139896D+03
 0.139618D+03
 0.140845D+03
 0.140292D+03
 0.140704D+03
 0.140473D+03
 0.138527D+03
 0.138394D+03
 0.139507D+03
 0.138944D+03
 0.139489D+03
 0.138836D+03
 0.137296D+03
 0.136679D+03
 0.138009D+03
 0.137142D+03
 0.137688D+03
 0.137379D+03
 0.135728D+03
 0.135253D+03
 0.136528D+03
 0.135643D+03
 0.135821D+03
 0.135585D+03
 0.133743D+03
 0.133617D+03
 0.134784D+03
 0.134114D+03
 0.134467D+03
 0.134176D+03
 0.132517D+03
 0.132449D+03
 0.133580D+03
 0.133008D+03
 0.132979D+03
 0.133252D+03
 0.131148D+03
 0.131288D+03
 0.132425D+03
 0.131725D+03
 0.131973D+03
 0.132491D+03
 0.130186D+03
 0.130341D+03
 0.131898D+03
 0.131167D+03
 0.131302D+03
 0.131917D+03
 0.129807D+03
 0.129911D+03
 0.131088D+03
 0.130686D+03
 0.130668D+03
 0.131642D+03
 0.129733D+03
 0.129519D+03
 0.131084D+03
 0.130222D+03
 0.130792D+03
 0.131592D+03
 0.129433D+03
 0.129481D+03
 0.130762D+03
 0.130024D+03
 0.130462D+03
 0.131200D+03
 0.129384D+03
 0.129412D+03
 0.130543D+03
 0.129666D+03
 0.130308D+03
 0.131269D+03
 0.129136D+03
 0.129361D+03
 0.130488D+03
 0.129651D+03
 0.130073D+03
 0.130913D+03
 0.129458D+03
 0.129232D+03
 0.130679D+03
 0.129597D+03
 0.130450D+03
 0.131089D+03
 0.129341D+03
 0.129625D+03
 0.130814D+03
 0.129854D+03
 0.130486D+03
 0.131404D+03
 0.129287D+03
 0.129659D+03
 0.131055D+03
 0.130166D+03
 0.130782D+03
 0.132099D+03
 0.129855D+03
 0.129988D+03
 0.131297D+03
 0.130665D+03
 0.130922D+03
 0.132597D+03
 0.130306D+03
 0.130435D+03
 0.131898D+03
 0.130682D+03
 0.131237D+03
 0.132666D+03
 0.130961D+03
 0.130710D+03
 0.131895D+03
 0.130916D+03
 0.131629D+03
 0.133105D+03
 0.131448D+03
 0.131180D+03
 0.132487D+03
 0.131343D+03
 0.132040D+03
 0.133109D+03
 0.131777D+03
 0.131368D+03
 0.132717D+03
 0.131679D+03
 0.132099D+03
 0.132785D+03
 0.131904D+03
 0.131988D+03
 0.133311D+03
 0.132132D+03
 0.132740D+03
 0.131029D+03
 0.132677D+03
 0.133617D+03
 0.132730D+03
 0.133208D+03
 0.132361D+03
 0.133414D+03
 0.134711D+03
 0.133627D+03
 0.134032D+03
 0.133816D+03
 0.134301D+03
 0.135701D+03
 0.134914D+03
 0.134552D+03
 0.134260D+03
 0.135287D+03
 0.136711D+03
 0.136007D+03
 0.135038D+03
 0.139146D+03
 0.136488D+03
 0.136438D+03
 0.137819D+03
 0.137191D+03
 0.136504D+03
 0.140659D+03
 0.137652D+03
 0.137535D+03
 0.139017D+03
 0.138441D+03
 0.140673D+03
 0.138769D+03
 0.138430D+03
 0.139822D+03
 0.140049D+03
 0.141421D+03
 0.139636D+03
 0.139260D+03
 0.140840D+03
 0.140700D+03
 0.142098D+03
 0.140122D+03
 0.139874D+03
 0.141276D+03
 0.141145D+03
 0.142393D+03
 0.140512D+03
 0.140429D+03
 0.141673D+03
 0.141649D+03
 0.141969D+03
 0.142722D+03
 0.140500D+03
 0.140829D+03
 0.142189D+03
 0.141875D+03
 0.142269D+03
 0.142708D+03
 0.140805D+03
 0.140885D+03
 0.141908D+03
 0.142015D+03
 0.142125D+03
 0.142603D+03
 0.140627D+03
 0.140822D+03
 0.142072D+03
 0.141599D+03
 0.142071D+03
 0.142006D+03
 0.140327D+03
 0.140251D+03
 0.141624D+03
 0.140987D+03
 0.141563D+03
 0.141401D+03
 0.139452D+03
 0.139750D+03
 0.140799D+03
 0.140156D+03
 0.140431D+03
 0.140526D+03
 0.138727D+03
 0.138218D+03
 0.139378D+03
 0.138853D+03
 0.139486D+03
 0.138899D+03
 0.137130D+03
 0.136930D+03
 0.138078D+03
 0.137275D+03
 0.137980D+03
 0.137248D+03
 0.135762D+03
 0.135398D+03
 0.136648D+03
 0.135722D+03
 0.136026D+03
 0.135767D+03
 0.133940D+03
 0.133758D+03
 0.135067D+03
 0.134222D+03
 0.134729D+03
 0.134484D+03
 0.132463D+03
 0.132452D+03
 0.133572D+03
 0.132993D+03
 0.133105D+03
 0.133389D+03
 0.131279D+03
 0.131408D+03
 0.132561D+03
 0.132074D+03
 0.132273D+03
 0.132631D+03
 0.130379D+03
 0.130559D+03
 0.131865D+03
 0.131486D+03
 0.131527D+03
 0.132223D+03
 0.129980D+03
 0.130268D+03
 0.131386D+03
 0.130770D+03
 0.131042D+03
 0.132058D+03
 0.129876D+03
 0.129692D+03
 0.130913D+03
 0.130528D+03
 0.130741D+03
 0.131462D+03
 0.129277D+03
 0.129573D+03
 0.130769D+03
 0.130068D+03
 0.130566D+03
 0.131426D+03
 0.129184D+03
 0.129335D+03
 0.130774D+03
 0.129902D+03
 0.130493D+03
 0.131256D+03
 0.129432D+03
 0.129557D+03
 0.130798D+03
 0.129826D+03
 0.130636D+03
 0.130980D+03
 0.129406D+03
 0.129307D+03
 0.130871D+03
 0.130017D+03
 0.130247D+03
 0.131016D+03
 0.129102D+03
 0.129361D+03
 0.130843D+03
 0.130000D+03
 0.130353D+03
 0.131310D+03
 0.129422D+03
 0.129814D+03
 0.130998D+03
 0.130232D+03
 0.130558D+03
 0.131891D+03
 0.129822D+03
 0.129857D+03
 0.131512D+03
 0.130449D+03
 0.130896D+03
 0.132642D+03
 0.130311D+03
 0.130325D+03
 0.131777D+03
 0.130941D+03
 0.131411D+03
 0.132412D+03
 0.130758D+03
 0.130868D+03
 0.132009D+03
 0.131205D+03
 0.131600D+03
 0.132945D+03
 0.131420D+03
 0.131007D+03
 0.132404D+03
 0.131454D+03
 0.131929D+03
 0.132965D+03
 0.131814D+03
 0.131536D+03
 0.132939D+03
 0.132163D+03
 0.132249D+03
 0.132766D+03
 0.131780D+03
 0.131963D+03
 0.133506D+03
 0.132548D+03
 0.132853D+03
 0.130931D+03
 0.132515D+03
 0.133909D+03
 0.133027D+03
 0.133519D+03
 0.132280D+03
 0.133319D+03
 0.134645D+03
 0.134028D+03
 0.134257D+03
 0.133852D+03
 0.134583D+03
 0.135501D+03
 0.135029D+03
 0.134785D+03
 0.134508D+03
 0.135492D+03
 0.136509D+03
 0.136096D+03
 0.135129D+03
 0.140813D+03
 0.138744D+03
 0.138646D+03
 0.139727D+03
 0.140120D+03
 0.141332D+03
 0.139459D+03
 0.139229D+03
 0.140680D+03
 0.140940D+03
 0.141847D+03
 0.139956D+03
 0.139889D+03
 0.141246D+03
 0.141000D+03
 0.142502D+03
 0.140314D+03
 0.140374D+03
 0.141721D+03
 0.141633D+03
 0.141936D+03
 0.142597D+03
 0.140327D+03
 0.140486D+03
 0.141869D+03
 0.141802D+03
 0.142128D+03
 0.142650D+03
 0.140626D+03
 0.140822D+03
 0.141839D+03
 0.141809D+03
 0.142196D+03
 0.142148D+03
 0.140576D+03
 0.140549D+03
 0.141557D+03
 0.141630D+03
 0.141991D+03
 0.141900D+03
 0.139923D+03
 0.140010D+03
 0.141247D+03
 0.141033D+03
 0.141358D+03
 0.141586D+03
 0.139611D+03
 0.139337D+03
 0.140629D+03
 0.140001D+03
 0.140771D+03
 0.140138D+03
 0.138430D+03
 0.138351D+03
 0.139282D+03
 0.138820D+03
 0.139411D+03
 0.138861D+03
 0.136964D+03
 0.136759D+03
 0.137911D+03
 0.137437D+03
 0.137871D+03
 0.137641D+03
 0.135647D+03
 0.135544D+03
 0.136644D+03
 0.136080D+03
 0.136224D+03
 0.135842D+03
 0.134194D+03
 0.133910D+03
 0.135075D+03
 0.134499D+03
 0.134748D+03
 0.134541D+03
 0.132461D+03
 0.132205D+03
 0.133613D+03
 0.133259D+03
 0.133402D+03
 0.133437D+03
 0.131327D+03
 0.131537D+03
 0.132506D+03
 0.132358D+03
 0.132295D+03
 0.132708D+03
 0.130421D+03
 0.130554D+03
 0.131896D+03
 0.131445D+03
 0.131596D+03
 0.132397D+03
 0.129967D+03
 0.129948D+03
 0.131394D+03
 0.131057D+03
 0.131160D+03
 0.131765D+03
 0.129478D+03
 0.129653D+03
 0.130894D+03
 0.130552D+03
 0.130874D+03
 0.131412D+03
 0.129408D+03
 0.129455D+03
 0.130927D+03
 0.130381D+03
 0.130870D+03
 0.131128D+03
 0.129140D+03
 0.129332D+03
 0.130787D+03
 0.129998D+03
 0.130642D+03
 0.131111D+03
 0.129283D+03
 0.129268D+03
 0.130621D+03
 0.130010D+03
 0.130556D+03
 0.130976D+03
 0.129098D+03
 0.129260D+03
 0.130597D+03
 0.129676D+03
 0.130240D+03
 0.130926D+03
 0.129170D+03
 0.129329D+03
 0.130831D+03
 0.130126D+03
 0.130349D+03
 0.131288D+03
 0.129287D+03
 0.129585D+03
 0.131003D+03
 0.130273D+03
 0.130597D+03
 0.131947D+03
 0.129527D+03
 0.129774D+03
 0.131174D+03
 0.130491D+03
 0.131131D+03
 0.132700D+03
 0.130038D+03
 0.130245D+03
 0.131583D+03
 0.130932D+03
 0.131500D+03
 0.132511D+03
 0.130919D+03
 0.130632D+03
 0.131825D+03
 0.131293D+03
 0.131770D+03
 0.132844D+03
 0.131299D+03
 0.130946D+03
 0.132394D+03
 0.131784D+03
 0.132301D+03
 0.133170D+03
 0.131733D+03
 0.131452D+03
 0.133476D+03
 0.132124D+03
 0.132550D+03
 0.133101D+03
 0.131883D+03
 0.132199D+03
 0.133844D+03
 0.132676D+03
 0.133160D+03
 0.131577D+03
 0.132806D+03
 0.134677D+03
 0.133090D+03
 0.133830D+03
 0.132406D+03
 0.133667D+03
 0.135336D+03
 0.133962D+03
 0.134696D+03
 0.133917D+03
 0.134581D+03
 0.136166D+03
 0.135348D+03
 0.135080D+03
 0.140513D+03
 0.138477D+03
 0.138608D+03
 0.140245D+03
 0.139989D+03
 0.141291D+03
 0.139146D+03
 0.139197D+03
 0.140901D+03
 0.140615D+03
 0.141936D+03
 0.139701D+03
 0.139452D+03
 0.141500D+03
 0.140920D+03
 0.142446D+03
 0.140216D+03
 0.140132D+03
 0.141852D+03
 0.141408D+03
 0.141926D+03
 0.142406D+03
 0.140248D+03
 0.140315D+03
 0.142006D+03
 0.141817D+03
 0.142147D+03
 0.142421D+03
 0.140223D+03
 0.140367D+03
 0.142415D+03
 0.141638D+03
 0.142362D+03
 0.142020D+03
 0.140074D+03
 0.140034D+03
 0.141974D+03
 0.141262D+03
 0.141878D+03
 0.141911D+03
 0.139843D+03
 0.139797D+03
 0.141621D+03
 0.140885D+03
 0.141440D+03
 0.141374D+03
 0.139501D+03
 0.139082D+03
 0.140197D+03
 0.140165D+03
 0.140525D+03
 0.140410D+03
 0.138339D+03
 0.137900D+03
 0.139254D+03
 0.138869D+03
 0.139523D+03
 0.139064D+03
 0.136976D+03
 0.136867D+03
 0.137812D+03
 0.137556D+03
 0.137969D+03
 0.137440D+03
 0.135683D+03
 0.135252D+03
 0.136457D+03
 0.136038D+03
 0.136401D+03
 0.135987D+03
 0.133978D+03
 0.133525D+03
 0.134645D+03
 0.134578D+03
 0.134915D+03
 0.134532D+03
 0.132508D+03
 0.132274D+03
 0.133475D+03
 0.133046D+03
 0.133258D+03
 0.133446D+03
 0.131229D+03
 0.131123D+03
 0.132214D+03
 0.132219D+03
 0.132376D+03
 0.132780D+03
 0.130346D+03
 0.130326D+03
 0.131480D+03
 0.131662D+03
 0.131609D+03
 0.132365D+03
 0.129936D+03
 0.129774D+03
 0.131155D+03
 0.130750D+03
 0.130982D+03
 0.131871D+03
 0.129623D+03
 0.129380D+03
 0.131462D+03
 0.130452D+03
 0.130902D+03
 0.131588D+03
 0.129290D+03
 0.129381D+03
 0.131261D+03
 0.130044D+03
 0.130605D+03
 0.131332D+03
 0.129147D+03
 0.128988D+03
 0.131054D+03
 0.130113D+03
 0.130697D+03
 0.130882D+03
 0.129003D+03
 0.129215D+03
 0.130919D+03
 0.129916D+03
 0.130296D+03
 0.130833D+03
 0.128862D+03
 0.128911D+03
 0.130846D+03
 0.129691D+03
 0.130171D+03
 0.131045D+03
 0.128940D+03
 0.129036D+03
 0.130902D+03
 0.129840D+03
 0.130553D+03
 0.131476D+03
 0.129051D+03
 0.129195D+03
 0.131142D+03
 0.130167D+03
 0.130678D+03
 0.131887D+03
 0.129440D+03
 0.129571D+03
 0.131520D+03
 0.130660D+03
 0.131013D+03
 0.131953D+03
 0.130125D+03
 0.129866D+03
 0.131853D+03
 0.130848D+03
 0.131545D+03
 0.132733D+03
 0.130753D+03
 0.130583D+03
 0.132370D+03
 0.131239D+03
 0.131836D+03
 0.133171D+03
 0.131294D+03
 0.130825D+03
 0.132974D+03
 0.131713D+03
 0.132275D+03
 0.133311D+03
 0.131778D+03
 0.131614D+03
 0.133658D+03
 0.132225D+03
 0.132682D+03
 0.133048D+03
 0.132016D+03
 0.132190D+03
 0.134045D+03
 0.132610D+03
 0.133303D+03
 0.131561D+03
 0.132891D+03
 0.134476D+03
 0.133248D+03
 0.133841D+03
 0.131302D+03
 0.133357D+03
 0.135273D+03
 0.134090D+03
 0.134480D+03
 0.140351D+03
 0.138108D+03
 0.138024D+03
 0.139899D+03
 0.139808D+03
 0.141058D+03
 0.138969D+03
 0.138791D+03
 0.140718D+03
 0.140548D+03
 0.141769D+03
 0.139540D+03
 0.139352D+03
 0.141220D+03
 0.140962D+03
 0.142160D+03
 0.139675D+03
 0.139897D+03
 0.141635D+03
 0.141444D+03
 0.141619D+03
 0.142321D+03
 0.140032D+03
 0.140187D+03
 0.141882D+03
 0.141676D+03
 0.142109D+03
 0.142298D+03
 0.140217D+03
 0.140076D+03
 0.142039D+03
 0.141426D+03
 0.142052D+03
 0.142039D+03
 0.140138D+03
 0.140093D+03
 0.141863D+03
 0.141416D+03
 0.141872D+03
 0.141875D+03
 0.139795D+03
 0.139679D+03
 0.141635D+03
 0.141070D+03
 0.141349D+03
 0.141286D+03
 0.139176D+03
 0.138849D+03
 0.140703D+03
 0.140162D+03
 0.140674D+03
 0.140429D+03
 0.138299D+03
 0.137864D+03
 0.139749D+03
 0.139001D+03
 0.139697D+03
 0.139211D+03
 0.137036D+03
 0.136728D+03
 0.138645D+03
 0.137432D+03
 0.138056D+03
 0.137607D+03
 0.135492D+03
 0.135143D+03
 0.137019D+03
 0.135951D+03
 0.136419D+03
 0.135873D+03
 0.133647D+03
 0.133467D+03
 0.135418D+03
 0.134327D+03
 0.134564D+03
 0.134304D+03
 0.132134D+03
 0.131162D+03
 0.134027D+03
 0.133111D+03
 0.133218D+03
 0.133072D+03
 0.129871D+03
 0.129771D+03
 0.132593D+03
 0.131654D+03
 0.131057D+03
 0.131201D+03
 0.129044D+03
 0.128978D+03
 0.130372D+03
 0.129681D+03
 0.130456D+03
 0.131640D+03
 0.129315D+03
 0.129268D+03
 0.129882D+03
 0.129764D+03
 0.130844D+03
 0.131373D+03
 0.128972D+03
 0.129070D+03
 0.130781D+03
 0.130171D+03
 0.130653D+03
 0.131422D+03
 0.129098D+03
 0.129145D+03
 0.130793D+03
 0.129889D+03
 0.130602D+03
 0.131008D+03
 0.128906D+03
 0.128754D+03
 0.130874D+03
 0.129751D+03
 0.130463D+03
 0.130786D+03
 0.128700D+03
 0.128961D+03
 0.130605D+03
 0.129868D+03
 0.130268D+03
 0.130671D+03
 0.128615D+03
 0.128673D+03
 0.130549D+03
 0.129611D+03
 0.130174D+03
 0.130817D+03
 0.128935D+03
 0.128802D+03
 0.130765D+03
 0.129669D+03
 0.130334D+03
 0.131140D+03
 0.128986D+03
 0.129088D+03
 0.130991D+03
 0.130115D+03
 0.130499D+03
 0.131867D+03
 0.129372D+03
 0.129400D+03
 0.131312D+03
 0.130438D+03
 0.130960D+03
 0.131732D+03
 0.130072D+03
 0.129906D+03
 0.132003D+03
 0.130844D+03
 0.131423D+03
 0.132654D+03
 0.130694D+03
 0.130235D+03
 0.132172D+03
 0.131184D+03
 0.131930D+03
 0.133156D+03
 0.131639D+03
 0.131078D+03
 0.132932D+03
 0.131932D+03
 0.132302D+03
 0.133375D+03
 0.131897D+03
 0.131470D+03
 0.133537D+03
 0.132365D+03
 0.132617D+03
 0.133293D+03
 0.131886D+03
 0.131999D+03
 0.133685D+03
 0.132607D+03
 0.133183D+03
 0.131322D+03
 0.132364D+03
 0.134388D+03
 0.132943D+03
 0.133691D+03
 0.130957D+03
 0.132914D+03
 0.134851D+03
 0.133731D+03
 0.134299D+03
 0.140224D+03
 0.137695D+03
 0.137440D+03
 0.139480D+03
 0.139243D+03
 0.140807D+03
 0.138487D+03
 0.138345D+03
 0.140444D+03
 0.140158D+03
 0.141342D+03
 0.138970D+03
 0.139167D+03
 0.141134D+03
 0.140666D+03
 0.142018D+03
 0.139714D+03
 0.139620D+03
 0.141365D+03
 0.141137D+03
 0.141423D+03
 0.142284D+03
 0.139631D+03
 0.139983D+03
 0.141877D+03
 0.141190D+03
 0.141923D+03
 0.142336D+03
 0.140060D+03
 0.140097D+03
 0.142118D+03
 0.141394D+03
 0.142032D+03
 0.142032D+03
 0.139839D+03
 0.139991D+03
 0.141990D+03
 0.141005D+03
 0.141883D+03
 0.141846D+03
 0.139926D+03
 0.139560D+03
 0.141456D+03
 0.140720D+03
 0.141504D+03
 0.141302D+03
 0.139273D+03
 0.138918D+03
 0.140945D+03
 0.139957D+03
 0.140654D+03
 0.140648D+03
 0.138442D+03
 0.137954D+03
 0.139890D+03
 0.138847D+03
 0.139623D+03
 0.139228D+03
 0.137142D+03
 0.136637D+03
 0.138626D+03
 0.137507D+03
 0.138195D+03
 0.137663D+03
 0.135462D+03
 0.135058D+03
 0.136949D+03
 0.135878D+03
 0.136150D+03
 0.135672D+03
 0.132843D+03
 0.132497D+03
 0.135160D+03
 0.133941D+03
 0.133459D+03
 0.133006D+03
 0.130895D+03
 0.130555D+03
 0.131821D+03
 0.131259D+03
 0.131847D+03
 0.131897D+03
 0.129319D+03
 0.129285D+03
 0.130798D+03
 0.130060D+03
 0.130498D+03
 0.130712D+03
 0.128390D+03
 0.128421D+03
 0.129845D+03
 0.128874D+03
 0.129798D+03
 0.129940D+03
 0.127546D+03
 0.128960D+03
 0.129158D+03
 0.129045D+03
 0.128945D+03
 0.129731D+03
 0.126988D+03
 0.128158D+03
 0.128934D+03
 0.127920D+03
 0.129963D+03
 0.130949D+03
 0.128527D+03
 0.128793D+03
 0.130555D+03
 0.129650D+03
 0.130328D+03
 0.130990D+03
 0.128677D+03
 0.128524D+03
 0.130564D+03
 0.129518D+03
 0.130426D+03
 0.130531D+03
 0.128678D+03
 0.128496D+03
 0.130443D+03
 0.129471D+03
 0.130149D+03
 0.130762D+03
 0.128533D+03
 0.128584D+03
 0.130666D+03
 0.129386D+03
 0.130310D+03
 0.130762D+03
 0.128586D+03
 0.128678D+03
 0.130596D+03
 0.129713D+03
 0.130324D+03
 0.131174D+03
 0.128798D+03
 0.128947D+03
 0.131054D+03
 0.130139D+03
 0.130763D+03
 0.131723D+03
 0.129248D+03
 0.129142D+03
 0.131390D+03
 0.130339D+03
 0.130959D+03
 0.131838D+03
 0.130087D+03
 0.129913D+03
 0.131814D+03
 0.130634D+03
 0.131579D+03
 0.132821D+03
 0.130784D+03
 0.130554D+03
 0.132405D+03
 0.131127D+03
 0.131964D+03
 0.133382D+03
 0.131511D+03
 0.131005D+03
 0.132877D+03
 0.131879D+03
 0.132378D+03
 0.133441D+03
 0.131688D+03
 0.131271D+03
 0.133237D+03
 0.131981D+03
 0.132510D+03
 0.132821D+03
 0.131537D+03
 0.131676D+03
 0.133392D+03
 0.132166D+03
 0.132789D+03
 0.131016D+03
 0.131767D+03
 0.133806D+03
 0.132446D+03
 0.133157D+03
 0.139508D+03
 0.136791D+03
 0.136704D+03
 0.138795D+03
 0.138570D+03
 0.140259D+03
 0.137975D+03
 0.137774D+03
 0.139816D+03
 0.139436D+03
 0.141271D+03
 0.138763D+03
 0.138628D+03
 0.140596D+03
 0.140277D+03
 0.141977D+03
 0.139385D+03
 0.139421D+03
 0.141218D+03
 0.140942D+03
 0.141429D+03
 0.142337D+03
 0.139687D+03
 0.139747D+03
 0.141781D+03
 0.141323D+03
 0.141819D+03
 0.142180D+03
 0.139991D+03
 0.139921D+03
 0.142015D+03
 0.141452D+03
 0.142228D+03
 0.142490D+03
 0.139931D+03
 0.139844D+03
 0.141890D+03
 0.141347D+03
 0.142241D+03
 0.142045D+03
 0.139674D+03
 0.139455D+03
 0.141536D+03
 0.140924D+03
 0.141506D+03
 0.141525D+03
 0.139178D+03
 0.139029D+03
 0.140869D+03
 0.140137D+03
 0.140709D+03
 0.140497D+03
 0.138367D+03
 0.138036D+03
 0.139768D+03
 0.138901D+03
 0.139608D+03
 0.139248D+03
 0.136927D+03
 0.135787D+03
 0.138740D+03
 0.137226D+03
 0.137976D+03
 0.136519D+03
 0.134438D+03
 0.134168D+03
 0.135396D+03
 0.134579D+03
 0.135232D+03
 0.134399D+03
 0.132048D+03
 0.131783D+03
 0.133192D+03
 0.132405D+03
 0.132663D+03
 0.131052D+03
 0.128627D+03
 0.128707D+03
 0.129875D+03
 0.129342D+03
 0.129749D+03
 0.130197D+03
 0.127265D+03
 0.127961D+03
 0.128913D+03
 0.128625D+03
 0.128940D+03
 0.129283D+03
 0.126753D+03
 0.127271D+03
 0.128285D+03
 0.127656D+03
 0.128477D+03
 0.129019D+03
 0.126605D+03
 0.127707D+03
 0.127734D+03
 0.127065D+03
 0.129270D+03
 0.130533D+03
 0.128017D+03
 0.128184D+03
 0.130103D+03
 0.128918D+03
 0.129808D+03
 0.130654D+03
 0.128298D+03
 0.128276D+03
 0.130218D+03
 0.128974D+03
 0.129944D+03
 0.130540D+03
 0.128279D+03
 0.128294D+03
 0.130230D+03
 0.129161D+03
 0.129992D+03
 0.130451D+03
 0.128303D+03
 0.128262D+03
 0.130321D+03
 0.129141D+03
 0.130105D+03
 0.130821D+03
 0.128485D+03
 0.128307D+03
 0.130269D+03
 0.129478D+03
 0.130293D+03
 0.131100D+03
 0.128702D+03
 0.128744D+03
 0.130880D+03
 0.129834D+03
 0.130578D+03
 0.131995D+03
 0.129312D+03
 0.129334D+03
 0.131142D+03
 0.130440D+03
 0.131087D+03
 0.131982D+03
 0.129802D+03
 0.129917D+03
 0.131861D+03
 0.130660D+03
 0.131437D+03
 0.132826D+03
 0.130830D+03
 0.130374D+03
 0.132344D+03
 0.131219D+03
 0.131852D+03
 0.133354D+03
 0.131486D+03
 0.130839D+03
 0.132953D+03
 0.131627D+03
 0.132364D+03
 0.132697D+03
 0.131196D+03
 0.130636D+03
 0.132623D+03
 0.131350D+03
 0.131931D+03
 0.132161D+03
 0.130841D+03
 0.131108D+03
 0.132854D+03
 0.131402D+03
 0.132101D+03
 0.139139D+03
 0.136103D+03
 0.135723D+03
 0.137906D+03
 0.137479D+03
 0.139943D+03
 0.137540D+03
 0.137317D+03
 0.139333D+03
 0.138901D+03
 0.141104D+03
 0.138569D+03
 0.138289D+03
 0.140505D+03
 0.139966D+03
 0.141885D+03
 0.139396D+03
 0.139188D+03
 0.141441D+03
 0.140807D+03
 0.141378D+03
 0.142290D+03
 0.139924D+03
 0.139997D+03
 0.141792D+03
 0.141395D+03
 0.141977D+03
 0.142307D+03
 0.140110D+03
 0.139912D+03
 0.142144D+03
 0.141608D+03
 0.142315D+03
 0.142370D+03
 0.140062D+03
 0.139886D+03
 0.141915D+03
 0.141309D+03
 0.142212D+03
 0.141916D+03
 0.139833D+03
 0.139615D+03
 0.141435D+03
 0.140998D+03
 0.141464D+03
 0.141278D+03
 0.139194D+03
 0.138772D+03
 0.140851D+03
 0.139944D+03
 0.140519D+03
 0.140337D+03
 0.137551D+03
 0.137099D+03
 0.139766D+03
 0.137884D+03
 0.138528D+03
 0.138232D+03
 0.135865D+03
 0.135557D+03
 0.137203D+03
 0.136211D+03
 0.136728D+03
 0.136321D+03
 0.134583D+03
 0.134295D+03
 0.134848D+03
 0.134249D+03
 0.135080D+03
 0.129599D+03
 0.126824D+03
 0.127000D+03
 0.128717D+03
 0.127946D+03
 0.128436D+03
 0.129976D+03
 0.127368D+03
 0.127181D+03
 0.129122D+03
 0.128225D+03
 0.129025D+03
 0.130123D+03
 0.127772D+03
 0.127674D+03
 0.129817D+03
 0.128551D+03
 0.129645D+03
 0.130291D+03
 0.127764D+03
 0.127983D+03
 0.130081D+03
 0.128934D+03
 0.129660D+03
 0.130457D+03
 0.127988D+03
 0.128208D+03
 0.130053D+03
 0.128977D+03
 0.129890D+03
 0.130504D+03
 0.128313D+03
 0.128319D+03
 0.130388D+03
 0.129391D+03
 0.130140D+03
 0.131120D+03
 0.128784D+03
 0.128576D+03
 0.130554D+03
 0.129767D+03
 0.130514D+03
 0.131832D+03
 0.129109D+03
 0.129113D+03
 0.131246D+03
 0.130104D+03
 0.130936D+03
 0.131931D+03
 0.129746D+03
 0.129648D+03
 0.131773D+03
 0.130563D+03
 0.131276D+03
 0.132648D+03
 0.130414D+03
 0.130074D+03
 0.132236D+03
 0.131009D+03
 0.131690D+03
 0.132854D+03
 0.131052D+03
 0.130570D+03
 0.132515D+03
 0.131420D+03
 0.131925D+03
 0.142633D+03
 0.140082D+03
 0.139920D+03
 0.142276D+03
 0.141456D+03
 0.142301D+03
 0.142548D+03
 0.140030D+03
 0.140064D+03
 0.142282D+03
 0.141561D+03
 0.142252D+03
 0.142418D+03
 0.139931D+03
 0.139923D+03
 0.141883D+03
 0.141365D+03
 0.142043D+03
 0.141963D+03
 0.139554D+03
 0.139426D+03
 0.141324D+03
 0.140526D+03
 0.141246D+03
 0.140536D+03
 0.138114D+03
 0.137656D+03
 0.139541D+03
 0.138780D+03
 0.139650D+03
 0.130201D+03
 0.127840D+03
 0.127664D+03
 0.129604D+03
 0.128644D+03
 0.129296D+03
 0.130358D+03
 0.127997D+03
 0.127961D+03
 0.129898D+03
 0.128808D+03
 0.129740D+03
 0.130499D+03
 0.128005D+03
 0.127989D+03
 0.130325D+03
 0.129083D+03
 0.129815D+03
 0.131026D+03
 0.128560D+03
 0.128583D+03
 0.130403D+03
 0.129607D+03
 0.130113D+03
 0.131590D+03
 0.128991D+03
 0.128890D+03
 0.130877D+03
 0.129890D+03
 0.130627D+03
 0.132205D+03
 0.129323D+03
 0.129368D+03
 0.131288D+03
 0.130427D+03
 0.131028D+03
 0.132199D+03
 0.129988D+03
 0.129653D+03
 0.131771D+03
 0.130337D+03
 0.131313D+03
 0.142653D+03
 0.140100D+03
 0.139941D+03
 0.142129D+03
 0.141539D+03
 0.142630D+03
 0.142539D+03
 0.140260D+03
 0.140059D+03
 0.142001D+03
 0.141483D+03
 0.142286D+03
 0.141985D+03
 0.139602D+03
 0.139792D+03
 0.141550D+03
 0.140517D+03
 0.141868D+03
 0.140833D+03
 0.138640D+03
 0.138200D+03
 0.139933D+03
 0.139302D+03
 0.140356D+03
 0.139902D+03
 0.137346D+03
 0.137214D+03
 0.139001D+03
 0.138401D+03
 0.138926D+03
 0.130187D+03
 0.127800D+03
 0.127510D+03
 0.129788D+03
 0.128532D+03
 0.129291D+03
 0.130259D+03
 0.127696D+03
 0.127718D+03
 0.129717D+03
 0.128639D+03
 0.129484D+03
 0.130293D+03
 0.128072D+03
 0.127992D+03
 0.129805D+03
 0.128913D+03
 0.129687D+03
 0.130632D+03
 0.128185D+03
 0.128195D+03
 0.129888D+03
 0.129192D+03
 0.129733D+03
 0.131202D+03
 0.128484D+03
 0.128360D+03
 0.130461D+03
 0.129539D+03
 0.130308D+03
 0.131845D+03
 0.128854D+03
 0.128721D+03
 0.130677D+03
 0.129625D+03
 0.130366D+03
 0.131566D+03
 0.129263D+03
 0.129106D+03
 0.130999D+03
 0.129946D+03
 0.130631D+03
 0.142553D+03
 0.139797D+03
 0.140099D+03
 0.141849D+03
 0.140444D+03
 0.142333D+03
 0.141992D+03
 0.139448D+03
 0.139642D+03
 0.141447D+03
 0.140327D+03
 0.141800D+03
 0.129971D+03
 0.127561D+03
 0.127746D+03
 0.129460D+03
 0.128413D+03
 0.129357D+03
 0.130058D+03
 0.127431D+03
 0.127302D+03
 0.129403D+03
 0.128228D+03
 0.129090D+03
 0.129903D+03
 0.127572D+03
 0.127557D+03
 0.129426D+03
 0.128219D+03
 0.129178D+03
 0.130172D+03
 0.127499D+03
 0.127669D+03
 0.129420D+03
 0.128517D+03
 0.129298D+03
 0.129438D+03
 0.130983D+03
 0.132253D+03
 0.130376D+03
 0.131119D+03
 0.130486D+03
 0.131668D+03
 0.133144D+03
 0.130962D+03
 0.131688D+03
 0.131878D+03
 0.132384D+03
 0.133857D+03
 0.131172D+03
 0.132396D+03
 0.134759D+03
 0.133553D+03
 0.134861D+03
 0.132318D+03
 0.132464D+03
 0.138044D+03
 0.134936D+03
 0.134820D+03
 0.136313D+03
 0.133614D+03
 0.133954D+03
 0.139278D+03
 0.135855D+03
 0.136052D+03
 0.137409D+03
 0.135122D+03
 0.131996D+03
 0.129901D+03
 0.129952D+03
 0.131273D+03
 0.129779D+03
 0.130900D+03
 0.131361D+03
 0.129353D+03
 0.129617D+03
 0.130747D+03
 0.128459D+03
 0.129676D+03
 0.130708D+03
 0.128572D+03
 0.128558D+03
 0.129731D+03
 0.127701D+03
 0.128687D+03
 0.130205D+03
 0.127728D+03
 0.127951D+03
 0.129126D+03
 0.126937D+03
 0.128124D+03
 0.129582D+03
 0.127288D+03
 0.127528D+03
 0.128703D+03
 0.126505D+03
 0.127782D+03
 0.129327D+03
 0.127162D+03
 0.127366D+03
 0.128450D+03
 0.126974D+03
 0.127443D+03
 0.130279D+03
 0.131540D+03
 0.132969D+03
 0.130932D+03
 0.131614D+03
 0.132068D+03
 0.132443D+03
 0.133851D+03
 0.131791D+03
 0.132275D+03
 0.133625D+03
 0.133587D+03
 0.135172D+03
 0.132863D+03
 0.132717D+03
 0.137892D+03
 0.134705D+03
 0.134953D+03
 0.136175D+03
 0.134108D+03
 0.134459D+03
 0.138946D+03
 0.135984D+03
 0.136135D+03
 0.137660D+03
 0.135696D+03
 0.139520D+03
 0.137341D+03
 0.137418D+03
 0.138758D+03
 0.137371D+03
 0.133178D+03
 0.131289D+03
 0.131200D+03
 0.132252D+03
 0.130962D+03
 0.132107D+03
 0.132476D+03
 0.130230D+03
 0.130349D+03
 0.131062D+03
 0.130595D+03
 0.130897D+03
 0.131585D+03
 0.129421D+03
 0.129456D+03
 0.130016D+03
 0.129584D+03
 0.129717D+03
 0.130624D+03
 0.128336D+03
 0.128613D+03
 0.129354D+03
 0.128733D+03
 0.128963D+03
 0.130250D+03
 0.127815D+03
 0.128126D+03
 0.129366D+03
 0.128112D+03
 0.128559D+03
 0.129884D+03
 0.127593D+03
 0.127582D+03
 0.129175D+03
 0.127637D+03
 0.128271D+03
 0.129731D+03
 0.127263D+03
 0.127575D+03
 0.128943D+03
 0.127306D+03
 0.127846D+03
 0.132671D+03
 0.132893D+03
 0.134253D+03
 0.133037D+03
 0.133079D+03
 0.134068D+03
 0.134038D+03
 0.135331D+03
 0.134380D+03
 0.133611D+03
 0.138256D+03
 0.135187D+03
 0.135226D+03
 0.136748D+03
 0.135424D+03
 0.135179D+03
 0.139296D+03
 0.136282D+03
 0.136520D+03
 0.137938D+03
 0.136980D+03
 0.139735D+03
 0.137412D+03
 0.137345D+03
 0.139013D+03
 0.138522D+03
 0.140499D+03
 0.138076D+03
 0.138275D+03
 0.139837D+03
 0.138982D+03
 0.141020D+03
 0.138878D+03
 0.138904D+03
 0.140401D+03
 0.139509D+03
 0.141008D+03
 0.139121D+03
 0.139242D+03
 0.140934D+03
 0.139529D+03
 0.139872D+03
 0.141142D+03
 0.139133D+03
 0.139114D+03
 0.140888D+03
 0.139231D+03
 0.139692D+03
 0.140548D+03
 0.138820D+03
 0.138936D+03
 0.140337D+03
 0.139542D+03
 0.139994D+03
 0.138156D+03
 0.138115D+03
 0.139847D+03
 0.137687D+03
 0.138961D+03
 0.139938D+03
 0.137878D+03
 0.137550D+03
 0.139344D+03
 0.137766D+03
 0.138140D+03
 0.138081D+03
 0.136137D+03
 0.136009D+03
 0.137668D+03
 0.136187D+03
 0.136842D+03
 0.136286D+03
 0.134627D+03
 0.134130D+03
 0.135897D+03
 0.134628D+03
 0.135593D+03
 0.134841D+03
 0.132723D+03
 0.132656D+03
 0.133608D+03
 0.133501D+03
 0.133831D+03
 0.134095D+03
 0.131843D+03
 0.131919D+03
 0.132495D+03
 0.132180D+03
 0.132570D+03
 0.132754D+03
 0.130466D+03
 0.130574D+03
 0.131236D+03
 0.130912D+03
 0.131411D+03
 0.131749D+03
 0.129426D+03
 0.129401D+03
 0.130164D+03
 0.130004D+03
 0.130234D+03
 0.131180D+03
 0.128751D+03
 0.128904D+03
 0.130341D+03
 0.129389D+03
 0.129677D+03
 0.130509D+03
 0.127990D+03
 0.128287D+03
 0.129844D+03
 0.128764D+03
 0.129397D+03
 0.130136D+03
 0.127882D+03
 0.128052D+03
 0.129376D+03
 0.128445D+03
 0.128962D+03
 0.138567D+03
 0.135606D+03
 0.135442D+03
 0.137365D+03
 0.136234D+03
 0.139454D+03
 0.136367D+03
 0.136622D+03
 0.138478D+03
 0.139796D+03
 0.137640D+03
 0.137655D+03
 0.139253D+03
 0.140433D+03
 0.138347D+03
 0.138318D+03
 0.139841D+03
 0.141016D+03
 0.138736D+03
 0.138803D+03
 0.140131D+03
 0.141061D+03
 0.138529D+03
 0.138738D+03
 0.140759D+03
 0.140310D+03
 0.140616D+03
 0.138477D+03
 0.138537D+03
 0.140660D+03
 0.140084D+03
 0.140402D+03
 0.138561D+03
 0.138502D+03
 0.140474D+03
 0.139977D+03
 0.140199D+03
 0.138245D+03
 0.138298D+03
 0.140087D+03
 0.139688D+03
 0.139640D+03
 0.137555D+03
 0.137352D+03
 0.139114D+03
 0.139560D+03
 0.138302D+03
 0.136273D+03
 0.135893D+03
 0.137365D+03
 0.138097D+03
 0.137349D+03
 0.135170D+03
 0.135092D+03
 0.135715D+03
 0.136598D+03
 0.135852D+03
 0.133766D+03
 0.133638D+03
 0.134251D+03
 0.135291D+03
 0.134414D+03
 0.132292D+03
 0.132174D+03
 0.132820D+03
 0.133719D+03
 0.133204D+03
 0.130892D+03
 0.130897D+03
 0.131718D+03
 0.132340D+03
 0.132332D+03
 0.129938D+03
 0.130018D+03
 0.131673D+03
 0.131497D+03
 0.140587D+03
 0.136902D+03
 0.136893D+03
 0.138804D+03
 0.140474D+03
 0.138056D+03
 0.137909D+03
 0.139805D+03
 0.141132D+03
 0.138847D+03
 0.138620D+03
 0.140298D+03
 0.141339D+03
 0.139027D+03
 0.138717D+03
 0.140698D+03
 0.141574D+03
 0.139061D+03
 0.138908D+03
 0.140551D+03
 0.142640D+03
 0.141481D+03
 0.138555D+03
 0.138490D+03
 0.140539D+03
 0.142676D+03
 0.140725D+03
 0.138584D+03
 0.138774D+03
 0.140478D+03
 0.142335D+03
 0.140858D+03
 0.138844D+03
 0.138511D+03
 0.140105D+03
 0.141872D+03
 0.140624D+03
 0.138445D+03
 0.138323D+03
 0.139686D+03
 0.141715D+03
 0.140260D+03
 0.138289D+03
 0.137487D+03
 0.139221D+03
 0.140604D+03
 0.139319D+03
 0.137218D+03
 0.136930D+03
 0.137892D+03
 0.139401D+03
 0.138015D+03
 0.136077D+03
 0.135614D+03
 0.136400D+03
 0.138057D+03
 0.136651D+03
 0.134402D+03
 0.134035D+03
 0.134819D+03
 0.136381D+03
 0.135168D+03
 0.132950D+03
 0.132856D+03
 0.134157D+03
 0.135152D+03
 0.133958D+03
 0.131515D+03
 0.131256D+03
 0.133069D+03
 0.133984D+03
 0.132719D+03
 0.130327D+03
 0.130372D+03
 0.132151D+03
 0.132978D+03
 0.142128D+03
 0.139500D+03
 0.139421D+03
 0.141450D+03
 0.142218D+03
 0.139372D+03
 0.139490D+03
 0.141488D+03
 0.142385D+03
 0.139360D+03
 0.139266D+03
 0.141774D+03
 0.142347D+03
 0.139675D+03
 0.139883D+03
 0.141812D+03
 0.142734D+03
 0.139618D+03
 0.139953D+03
 0.142091D+03
 0.142538D+03
 0.139757D+03
 0.140105D+03
 0.142058D+03
 0.129852D+03
 0.132492D+03
 0.129962D+03
 0.132357D+03
 0.130276D+03
 0.132943D+03
 0.126870D+03
 0.130044D+03
 0.127229D+03
 0.130394D+03
 0.127466D+03
 0.130798D+03
 0.128036D+03
 0.131265D+03
 0.128818D+03
 0.131643D+03
 0.129492D+03
 0.132155D+03
 0.130422D+03
 0.132587D+03
 0.130298D+03
 0.132771D+03
 0.130593D+03
 0.133119D+03
 0.128997D+03
 0.131223D+03
 0.128177D+03
 0.130789D+03
 0.127437D+03
 0.130270D+03
 0.127259D+03
 0.130089D+03
 0.127080D+03
 0.130079D+03
 0.127017D+03
 0.130158D+03
 0.127098D+03
 0.130066D+03
 0.127253D+03
 0.130247D+03
 0.127561D+03
 0.130533D+03
 0.127630D+03
 0.130587D+03
 0.128069D+03
 0.131281D+03
 0.128777D+03
 0.131528D+03
 0.129475D+03
 0.132103D+03
 0.130074D+03
 0.132609D+03
 0.130786D+03
 0.131041D+03
 0.132818D+03
 0.130812D+03
 0.131358D+03
 0.132789D+03
 0.130857D+03
 0.131743D+03
 0.133371D+03
 0.139206D+03
 0.139759D+03
 0.141623D+03
 0.137848D+03
 0.138466D+03
 0.140248D+03
 0.135855D+03
 0.135931D+03
 0.137819D+03
 0.134016D+03
 0.133885D+03
 0.135940D+03
 0.132346D+03
 0.132670D+03
 0.134184D+03
 0.130782D+03
 0.131419D+03
 0.132688D+03
 0.129609D+03
 0.130419D+03
 0.131645D+03
 0.128834D+03
 0.129549D+03
 0.130898D+03
 0.128168D+03
 0.129004D+03
 0.130465D+03
 0.127737D+03
 0.128615D+03
 0.130230D+03
 0.127681D+03
 0.128328D+03
 0.130498D+03
 0.127629D+03
 0.128425D+03
 0.130533D+03
 0.127680D+03
 0.128362D+03
 0.130310D+03
 0.127832D+03
 0.128442D+03
 0.130745D+03
 0.127957D+03
 0.128762D+03
 0.130762D+03
 0.128147D+03
 0.129150D+03
 0.131216D+03
 0.128743D+03
 0.129429D+03
 0.131537D+03
 0.128979D+03
 0.129967D+03
 0.131993D+03
 0.129644D+03
 0.130326D+03
 0.132312D+03
 0.130420D+03
 0.130641D+03
 0.132684D+03
 0.130825D+03
 0.131546D+03
 0.132748D+03
 0.130901D+03
 0.131831D+03
 0.132955D+03
 0.131326D+03
 0.132506D+03
 0.133497D+03
 0.132049D+03
 0.133118D+03
 0.134081D+03
 0.137593D+03
 0.138557D+03
 0.138437D+03
 0.139340D+03
 0.139333D+03
 0.140353D+03
 0.139708D+03
 0.140895D+03
 0.139821D+03
 0.141019D+03
 0.142463D+03
 0.140139D+03
 0.141462D+03
 0.142953D+03
 0.140124D+03
 0.141089D+03
 0.142808D+03
 0.140119D+03
 0.141422D+03
 0.142476D+03
 0.139369D+03
 0.140476D+03
 0.141652D+03
 0.137832D+03
 0.138601D+03
 0.140380D+03
 0.135961D+03
 0.136028D+03
 0.138014D+03
 0.134561D+03
 0.135235D+03
 0.136155D+03
 0.132571D+03
 0.133615D+03
 0.134285D+03
 0.131193D+03
 0.132204D+03
 0.132781D+03
 0.130006D+03
 0.131206D+03
 0.131835D+03
 0.129195D+03
 0.130308D+03
 0.130976D+03
 0.128792D+03
 0.129645D+03
 0.130897D+03
 0.128162D+03
 0.129529D+03
 0.130753D+03
 0.128160D+03
 0.129354D+03
 0.130771D+03
 0.128145D+03
 0.129302D+03
 0.130621D+03
 0.128055D+03
 0.129448D+03
 0.130918D+03
 0.128034D+03
 0.129442D+03
 0.130922D+03
 0.128157D+03
 0.129450D+03
 0.130978D+03
 0.128695D+03
 0.129717D+03
 0.131273D+03
 0.128808D+03
 0.130230D+03
 0.131538D+03
 0.129264D+03
 0.130470D+03
 0.131878D+03
 0.129965D+03
 0.131021D+03
 0.132347D+03
 0.130503D+03
 0.131181D+03
 0.132457D+03
 0.131036D+03
 0.132251D+03
 0.132759D+03
 0.131030D+03
 0.132407D+03
 0.132956D+03
 0.131399D+03
 0.133103D+03
 0.133485D+03
 0.132091D+03
 0.133780D+03
 0.134133D+03
 0.137782D+03
 0.139228D+03
 0.138602D+03
 0.140213D+03
 0.139204D+03
 0.140775D+03
 0.139803D+03
 0.141463D+03
 0.140090D+03
 0.141731D+03
 0.142524D+03
 0.140406D+03
 0.141720D+03
 0.142789D+03
 0.140260D+03
 0.141740D+03
 0.142959D+03
 0.139865D+03
 0.141671D+03
 0.142403D+03
 0.139115D+03
 0.140830D+03
 0.141519D+03
 0.137773D+03
 0.138930D+03
 0.139890D+03
 0.136369D+03
 0.137572D+03
 0.138285D+03
 0.134613D+03
 0.135925D+03
 0.136366D+03
 0.132869D+03
 0.134126D+03
 0.134596D+03
 0.131508D+03
 0.132927D+03
 0.133342D+03
 0.130491D+03
 0.131771D+03
 0.131964D+03
 0.129541D+03
 0.131016D+03
 0.131301D+03
 0.128866D+03
 0.130342D+03
 0.131173D+03
 0.128469D+03
 0.130262D+03
 0.131034D+03
 0.128372D+03
 0.130252D+03
 0.130906D+03
 0.128382D+03
 0.130077D+03
 0.131061D+03
 0.128292D+03
 0.129880D+03
 0.131040D+03
 0.128426D+03
 0.129983D+03
 0.130923D+03
 0.128541D+03
 0.130125D+03
 0.131058D+03
 0.128530D+03
 0.130461D+03
 0.131340D+03
 0.128914D+03
 0.130876D+03
 0.131874D+03
 0.129483D+03
 0.131177D+03
 0.131965D+03
 0.130141D+03
 0.131581D+03
 0.132253D+03
 0.130572D+03
 0.131986D+03
 0.132593D+03
 0.130918D+03
 0.132554D+03
 0.132745D+03
 0.131155D+03
 0.132940D+03
 0.133135D+03
 0.131409D+03
 0.133444D+03
 0.133619D+03
 0.132314D+03
 0.134087D+03
 0.134410D+03
 0.134743D+03
 0.137484D+03
 0.136739D+03
 0.138518D+03
 0.137825D+03
 0.139574D+03
 0.138642D+03
 0.140632D+03
 0.139191D+03
 0.141198D+03
 0.139814D+03
 0.141655D+03
 0.140190D+03
 0.141716D+03
 0.142456D+03
 0.140259D+03
 0.141926D+03
 0.142686D+03
 0.140057D+03
 0.142040D+03
 0.142935D+03
 0.139959D+03
 0.141608D+03
 0.142546D+03
 0.139017D+03
 0.140770D+03
 0.141471D+03
 0.137793D+03
 0.139509D+03
 0.139917D+03
 0.136235D+03
 0.137730D+03
 0.138098D+03
 0.134509D+03
 0.136110D+03
 0.136413D+03
 0.133002D+03
 0.134502D+03
 0.134749D+03
 0.131562D+03
 0.133248D+03
 0.133520D+03
 0.130469D+03
 0.132321D+03
 0.132484D+03
 0.129865D+03
 0.131615D+03
 0.131543D+03
 0.129089D+03
 0.130928D+03
 0.131200D+03
 0.128800D+03
 0.130616D+03
 0.131176D+03
 0.128605D+03
 0.130556D+03
 0.131335D+03
 0.128774D+03
 0.130281D+03
 0.131271D+03
 0.128721D+03
 0.130314D+03
 0.130880D+03
 0.128484D+03
 0.130477D+03
 0.130962D+03
 0.128479D+03
 0.130280D+03
 0.131237D+03
 0.128665D+03
 0.130855D+03
 0.131323D+03
 0.128896D+03
 0.131161D+03
 0.131583D+03
 0.129428D+03
 0.131472D+03
 0.131854D+03
 0.130044D+03
 0.131886D+03
 0.132186D+03
 0.130596D+03
 0.132025D+03
 0.132439D+03
 0.130832D+03
 0.132420D+03
 0.132937D+03
 0.131287D+03
 0.133138D+03
 0.133206D+03
 0.131688D+03
 0.133468D+03
 0.133970D+03
 0.132315D+03
 0.134524D+03
 0.134775D+03
 0.134652D+03
 0.135273D+03
 0.135403D+03
 0.134553D+03
 0.136549D+03
 0.135964D+03
 0.134820D+03
 0.137733D+03
 0.136708D+03
 0.138800D+03
 0.137703D+03
 0.139826D+03
 0.138905D+03
 0.140610D+03
 0.139427D+03
 0.141201D+03
 0.139755D+03
 0.141509D+03
 0.139942D+03
 0.141862D+03
 0.142365D+03
 0.140206D+03
 0.141980D+03
 0.142725D+03
 0.139886D+03
 0.141883D+03
 0.142514D+03
 0.139673D+03
 0.141192D+03
 0.142218D+03
 0.138640D+03
 0.140308D+03
 0.141147D+03
 0.137798D+03
 0.139403D+03
 0.139800D+03
 0.136423D+03
 0.137746D+03
 0.138456D+03
 0.134825D+03
 0.136124D+03
 0.136691D+03
 0.133006D+03
 0.134744D+03
 0.134948D+03
 0.131661D+03
 0.133319D+03
 0.133463D+03
 0.130635D+03
 0.132288D+03
 0.132605D+03
 0.129556D+03
 0.131730D+03
 0.131763D+03
 0.129319D+03
 0.131204D+03
 0.131601D+03
 0.128951D+03
 0.130796D+03
 0.131538D+03
 0.128713D+03
 0.130715D+03
 0.131183D+03
 0.128682D+03
 0.130562D+03
 0.131325D+03
 0.128553D+03
 0.130507D+03
 0.131299D+03
 0.128516D+03
 0.130494D+03
 0.131014D+03
 0.128367D+03
 0.130739D+03
 0.131103D+03
 0.128577D+03
 0.130746D+03
 0.131325D+03
 0.128836D+03
 0.130852D+03
 0.131616D+03
 0.129269D+03
 0.131396D+03
 0.131702D+03
 0.129790D+03
 0.131744D+03
 0.132164D+03
 0.130480D+03
 0.132204D+03
 0.132513D+03
 0.130910D+03
 0.132570D+03
 0.133174D+03
 0.131273D+03
 0.133015D+03
 0.133391D+03
 0.131373D+03
 0.133588D+03
 0.134219D+03
 0.132334D+03
 0.134422D+03
 0.134941D+03
 0.134738D+03
 0.135643D+03
 0.135570D+03
 0.134538D+03
 0.136551D+03
 0.136211D+03
 0.137663D+03
 0.139630D+03
 0.138652D+03
 0.140529D+03
 0.139169D+03
 0.141137D+03
 0.139442D+03
 0.141456D+03
 0.139652D+03
 0.141634D+03
 0.142113D+03
 0.139862D+03
 0.141732D+03
 0.142481D+03
 0.139558D+03
 0.141722D+03
 0.142612D+03
 0.139310D+03
 0.141171D+03
 0.142117D+03
 0.138736D+03
 0.140448D+03
 0.141209D+03
 0.137636D+03
 0.139035D+03
 0.139854D+03
 0.136221D+03
 0.137798D+03
 0.138355D+03
 0.134488D+03
 0.136451D+03
 0.136742D+03
 0.133115D+03
 0.134945D+03
 0.135110D+03
 0.131792D+03
 0.133691D+03
 0.133534D+03
 0.130585D+03
 0.132511D+03
 0.132799D+03
 0.129643D+03
 0.131604D+03
 0.131970D+03
 0.129362D+03
 0.131312D+03
 0.131665D+03
 0.128811D+03
 0.130965D+03
 0.131447D+03
 0.128698D+03
 0.130985D+03
 0.131684D+03
 0.128562D+03
 0.130675D+03
 0.131480D+03
 0.128485D+03
 0.130481D+03
 0.131251D+03
 0.128320D+03
 0.130543D+03
 0.131060D+03
 0.128480D+03
 0.130760D+03
 0.131260D+03
 0.128354D+03
 0.130800D+03
 0.131201D+03
 0.128779D+03
 0.131090D+03
 0.131503D+03
 0.129243D+03
 0.131488D+03
 0.131880D+03
 0.129894D+03
 0.131959D+03
 0.132127D+03
 0.130574D+03
 0.132228D+03
 0.132651D+03
 0.130942D+03
 0.132809D+03
 0.133209D+03
 0.131260D+03
 0.133005D+03
 0.133816D+03
 0.131695D+03
 0.133542D+03
 0.134531D+03
 0.132662D+03
 0.134434D+03
 0.135258D+03
 0.134859D+03
 0.135617D+03
 0.135828D+03
 0.137535D+03
 0.139421D+03
 0.138467D+03
 0.140504D+03
 0.138784D+03
 0.140706D+03
 0.139478D+03
 0.141227D+03
 0.139457D+03
 0.141667D+03
 0.142158D+03
 0.139572D+03
 0.141704D+03
 0.142434D+03
 0.139289D+03
 0.141483D+03
 0.142488D+03
 0.139094D+03
 0.140840D+03
 0.141990D+03
 0.138469D+03
 0.140067D+03
 0.140923D+03
 0.137541D+03
 0.139039D+03
 0.139750D+03
 0.136333D+03
 0.137846D+03
 0.138420D+03
 0.134772D+03
 0.136302D+03
 0.136844D+03
 0.133132D+03
 0.134640D+03
 0.135004D+03
 0.131477D+03
 0.133448D+03
 0.133540D+03
 0.130358D+03
 0.132326D+03
 0.132601D+03
 0.129505D+03
 0.131664D+03
 0.131919D+03
 0.129130D+03
 0.131011D+03
 0.131546D+03
 0.128855D+03
 0.130984D+03
 0.131406D+03
 0.128438D+03
 0.130770D+03
 0.131592D+03
 0.128581D+03
 0.130303D+03
 0.131453D+03
 0.128152D+03
 0.130270D+03
 0.131372D+03
 0.128120D+03
 0.130278D+03
 0.131036D+03
 0.127918D+03
 0.130397D+03
 0.130993D+03
 0.128359D+03
 0.130566D+03
 0.131357D+03
 0.128591D+03
 0.130863D+03
 0.131657D+03
 0.128974D+03
 0.131411D+03
 0.132173D+03
 0.129866D+03
 0.131645D+03
 0.132436D+03
 0.130312D+03
 0.132226D+03
 0.132697D+03
 0.130861D+03
 0.133172D+03
 0.133515D+03
 0.131372D+03
 0.133514D+03
 0.133784D+03
 0.131791D+03
 0.134352D+03
 0.134414D+03
 0.132715D+03
 0.135111D+03
 0.135371D+03
 0.137281D+03
 0.139994D+03
 0.138057D+03
 0.140508D+03
 0.138451D+03
 0.141214D+03
 0.138958D+03
 0.141335D+03
 0.139241D+03
 0.141660D+03
 0.141969D+03
 0.139197D+03
 0.141798D+03
 0.142372D+03
 0.139087D+03
 0.141005D+03
 0.142457D+03
 0.138846D+03
 0.140546D+03
 0.141925D+03
 0.138366D+03
 0.139999D+03
 0.141128D+03
 0.137607D+03
 0.138943D+03
 0.140108D+03
 0.136264D+03
 0.137589D+03
 0.138591D+03
 0.134515D+03
 0.136227D+03
 0.136855D+03
 0.133076D+03
 0.134488D+03
 0.135155D+03
 0.131210D+03
 0.132896D+03
 0.133369D+03
 0.129160D+03
 0.131920D+03
 0.131344D+03
 0.128290D+03
 0.131455D+03
 0.130705D+03
 0.128332D+03
 0.129662D+03
 0.131122D+03
 0.128117D+03
 0.130575D+03
 0.131425D+03
 0.128315D+03
 0.130775D+03
 0.131295D+03
 0.128071D+03
 0.130610D+03
 0.131450D+03
 0.127899D+03
 0.130354D+03
 0.131129D+03
 0.127919D+03
 0.130482D+03
 0.130938D+03
 0.127825D+03
 0.130450D+03
 0.131102D+03
 0.128155D+03
 0.130780D+03
 0.131323D+03
 0.128417D+03
 0.131130D+03
 0.131690D+03
 0.129016D+03
 0.131601D+03
 0.132075D+03
 0.129703D+03
 0.131950D+03
 0.132535D+03
 0.130496D+03
 0.132643D+03
 0.132845D+03
 0.131011D+03
 0.133094D+03
 0.133417D+03
 0.131177D+03
 0.133497D+03
 0.133807D+03
 0.131318D+03
 0.134104D+03
 0.134152D+03
 0.132111D+03
 0.134541D+03
 0.134854D+03
 0.136567D+03
 0.139288D+03
 0.137524D+03
 0.140137D+03
 0.138023D+03
 0.140850D+03
 0.138767D+03
 0.140994D+03
 0.138815D+03
 0.141758D+03
 0.141839D+03
 0.139032D+03
 0.141666D+03
 0.142415D+03
 0.139011D+03
 0.141504D+03
 0.142457D+03
 0.138903D+03
 0.141370D+03
 0.142072D+03
 0.138250D+03
 0.140753D+03
 0.141058D+03
 0.137552D+03
 0.139596D+03
 0.140125D+03
 0.136324D+03
 0.138171D+03
 0.138473D+03
 0.134271D+03
 0.136732D+03
 0.136813D+03
 0.131764D+03
 0.134878D+03
 0.134048D+03
 0.129887D+03
 0.131628D+03
 0.132117D+03
 0.128483D+03
 0.130241D+03
 0.130896D+03
 0.127611D+03
 0.129418D+03
 0.130073D+03
 0.126773D+03
 0.129133D+03
 0.129435D+03
 0.126398D+03
 0.128667D+03
 0.130508D+03
 0.128094D+03
 0.130144D+03
 0.131152D+03
 0.127868D+03
 0.130402D+03
 0.130988D+03
 0.127768D+03
 0.130390D+03
 0.130891D+03
 0.127670D+03
 0.130203D+03
 0.130964D+03
 0.127656D+03
 0.130343D+03
 0.130899D+03
 0.127913D+03
 0.130745D+03
 0.131090D+03
 0.128201D+03
 0.131159D+03
 0.131580D+03
 0.128844D+03
 0.131674D+03
 0.131933D+03
 0.129676D+03
 0.132191D+03
 0.132409D+03
 0.130455D+03
 0.132603D+03
 0.133240D+03
 0.130769D+03
 0.132931D+03
 0.133268D+03
 0.130861D+03
 0.133112D+03
 0.133377D+03
 0.130799D+03
 0.133406D+03
 0.133685D+03
 0.135920D+03
 0.138450D+03
 0.137006D+03
 0.139648D+03
 0.137579D+03
 0.140298D+03
 0.138585D+03
 0.141138D+03
 0.138985D+03
 0.141573D+03
 0.141969D+03
 0.139238D+03
 0.141850D+03
 0.142655D+03
 0.139117D+03
 0.141711D+03
 0.142395D+03
 0.138980D+03
 0.141228D+03
 0.142417D+03
 0.138434D+03
 0.140686D+03
 0.141333D+03
 0.137494D+03
 0.139578D+03
 0.140227D+03
 0.136059D+03
 0.138145D+03
 0.138391D+03
 0.133596D+03
 0.135221D+03
 0.135596D+03
 0.131180D+03
 0.132991D+03
 0.133371D+03
 0.127878D+03
 0.129836D+03
 0.130263D+03
 0.127049D+03
 0.128641D+03
 0.129476D+03
 0.126021D+03
 0.128019D+03
 0.128981D+03
 0.126914D+03
 0.127547D+03
 0.129985D+03
 0.127204D+03
 0.129754D+03
 0.130657D+03
 0.127427D+03
 0.129935D+03
 0.130752D+03
 0.127490D+03
 0.129942D+03
 0.131005D+03
 0.127513D+03
 0.129828D+03
 0.130766D+03
 0.127532D+03
 0.130293D+03
 0.131051D+03
 0.127587D+03
 0.130531D+03
 0.131160D+03
 0.128213D+03
 0.131143D+03
 0.131690D+03
 0.128948D+03
 0.131511D+03
 0.131913D+03
 0.129631D+03
 0.132106D+03
 0.132527D+03
 0.130358D+03
 0.132379D+03
 0.132952D+03
 0.130159D+03
 0.132442D+03
 0.132613D+03
 0.130194D+03
 0.132346D+03
 0.132694D+03
 0.135030D+03
 0.137690D+03
 0.136563D+03
 0.138868D+03
 0.137700D+03
 0.140186D+03
 0.138583D+03
 0.141009D+03
 0.139067D+03
 0.141461D+03
 0.142095D+03
 0.139170D+03
 0.141672D+03
 0.142849D+03
 0.139041D+03
 0.141675D+03
 0.142747D+03
 0.139093D+03
 0.141278D+03
 0.142289D+03
 0.138188D+03
 0.140653D+03
 0.141076D+03
 0.136476D+03
 0.139160D+03
 0.139851D+03
 0.134962D+03
 0.136827D+03
 0.137532D+03
 0.133477D+03
 0.134685D+03
 0.135730D+03
 0.126257D+03
 0.128534D+03
 0.129172D+03
 0.126541D+03
 0.128882D+03
 0.129887D+03
 0.127139D+03
 0.129382D+03
 0.130490D+03
 0.127099D+03
 0.129534D+03
 0.130616D+03
 0.127407D+03
 0.129904D+03
 0.130791D+03
 0.127482D+03
 0.130092D+03
 0.130778D+03
 0.127716D+03
 0.130342D+03
 0.131090D+03
 0.128090D+03
 0.130811D+03
 0.131700D+03
 0.128740D+03
 0.131272D+03
 0.131960D+03
 0.129472D+03
 0.131923D+03
 0.132181D+03
 0.129914D+03
 0.132152D+03
 0.132692D+03
 0.139105D+03
 0.141658D+03
 0.142489D+03
 0.139305D+03
 0.142037D+03
 0.142894D+03
 0.139079D+03
 0.141779D+03
 0.142808D+03
 0.138804D+03
 0.141121D+03
 0.142009D+03
 0.137082D+03
 0.139118D+03
 0.140611D+03
 0.126908D+03
 0.129539D+03
 0.130475D+03
 0.127059D+03
 0.129477D+03
 0.130586D+03
 0.127302D+03
 0.129835D+03
 0.130748D+03
 0.127592D+03
 0.130235D+03
 0.130980D+03
 0.127957D+03
 0.130726D+03
 0.131299D+03
 0.128381D+03
 0.131003D+03
 0.131523D+03
 0.129159D+03
 0.131194D+03
 0.131932D+03
 0.139204D+03
 0.141619D+03
 0.142447D+03
 0.139180D+03
 0.141634D+03
 0.142961D+03
 0.138739D+03
 0.141226D+03
 0.142272D+03
 0.137506D+03
 0.139788D+03
 0.141474D+03
 0.136375D+03
 0.138796D+03
 0.139456D+03
 0.126782D+03
 0.129461D+03
 0.130172D+03
 0.126853D+03
 0.129640D+03
 0.130584D+03
 0.126948D+03
 0.129641D+03
 0.130440D+03
 0.127089D+03
 0.129821D+03
 0.130805D+03
 0.127648D+03
 0.130070D+03
 0.130970D+03
 0.127954D+03
 0.130365D+03
 0.130945D+03
 0.128369D+03
 0.130728D+03
 0.131239D+03
 0.139167D+03
 0.141479D+03
 0.142269D+03
 0.138646D+03
 0.141333D+03
 0.142533D+03
 0.126803D+03
 0.129182D+03
 0.130257D+03
 0.126885D+03
 0.128994D+03
 0.129970D+03
 0.126562D+03
 0.129112D+03
 0.130057D+03
 0.126690D+03
 0.129250D+03
 0.129941D+03
 0.129867D+03
 0.131941D+03
 0.131646D+03
 0.131029D+03
 0.132859D+03
 0.132282D+03
 0.133059D+03
 0.133649D+03
 0.132926D+03
 0.132462D+03
 0.134442D+03
 0.133640D+03
 0.133406D+03
 0.135304D+03
 0.135131D+03
 0.136642D+03
 0.129010D+03
 0.131008D+03
 0.131109D+03
 0.128564D+03
 0.129896D+03
 0.129840D+03
 0.127728D+03
 0.128903D+03
 0.129159D+03
 0.127081D+03
 0.128427D+03
 0.128539D+03
 0.126551D+03
 0.127838D+03
 0.128298D+03
 0.126553D+03
 0.128335D+03
 0.128463D+03
 0.130633D+03
 0.131859D+03
 0.132368D+03
 0.132841D+03
 0.133085D+03
 0.132981D+03
 0.132828D+03
 0.134439D+03
 0.133793D+03
 0.135188D+03
 0.135445D+03
 0.135260D+03
 0.136643D+03
 0.136673D+03
 0.138064D+03
 0.130434D+03
 0.132175D+03
 0.132510D+03
 0.129610D+03
 0.130916D+03
 0.131222D+03
 0.128625D+03
 0.129738D+03
 0.130119D+03
 0.127591D+03
 0.129146D+03
 0.129588D+03
 0.127161D+03
 0.128602D+03
 0.129010D+03
 0.126961D+03
 0.128481D+03
 0.128817D+03
 0.126598D+03
 0.128668D+03
 0.128751D+03
 0.133077D+03
 0.133324D+03
 0.133968D+03
 0.132991D+03
 0.134683D+03
 0.134409D+03
 0.133574D+03
 0.135986D+03
 0.135444D+03
 0.136933D+03
 0.136761D+03
 0.138172D+03
 0.137344D+03
 0.138980D+03
 0.137877D+03
 0.139983D+03
 0.138443D+03
 0.140800D+03
 0.138424D+03
 0.140539D+03
 0.140564D+03
 0.138115D+03
 0.140131D+03
 0.139941D+03
 0.137431D+03
 0.139366D+03
 0.139480D+03
 0.137052D+03
 0.139130D+03
 0.138648D+03
 0.135091D+03
 0.137356D+03
 0.136912D+03
 0.133570D+03
 0.135480D+03
 0.135998D+03
 0.132065D+03
 0.133766D+03
 0.134444D+03
 0.130964D+03
 0.132241D+03
 0.133052D+03
 0.129725D+03
 0.131114D+03
 0.131816D+03
 0.128759D+03
 0.130127D+03
 0.130718D+03
 0.127817D+03
 0.129543D+03
 0.130184D+03
 0.127279D+03
 0.128888D+03
 0.129819D+03
 0.127191D+03
 0.128682D+03
 0.129586D+03
 0.134759D+03
 0.136310D+03
 0.135863D+03
 0.137321D+03
 0.136924D+03
 0.138254D+03
 0.137293D+03
 0.138968D+03
 0.137982D+03
 0.139297D+03
 0.137827D+03
 0.140113D+03
 0.140743D+03
 0.137746D+03
 0.140365D+03
 0.140968D+03
 0.137788D+03
 0.139973D+03
 0.140644D+03
 0.137382D+03
 0.139642D+03
 0.139922D+03
 0.136865D+03
 0.138869D+03
 0.139346D+03
 0.135578D+03
 0.137256D+03
 0.138118D+03
 0.134458D+03
 0.135860D+03
 0.136482D+03
 0.133214D+03
 0.134111D+03
 0.134765D+03
 0.131495D+03
 0.132592D+03
 0.133542D+03
 0.130144D+03
 0.131622D+03
 0.132107D+03
 0.129300D+03
 0.130533D+03
 0.131419D+03
 0.136062D+03
 0.138068D+03
 0.137404D+03
 0.138820D+03
 0.137879D+03
 0.139292D+03
 0.138333D+03
 0.139809D+03
 0.138210D+03
 0.139915D+03
 0.137847D+03
 0.140072D+03
 0.142098D+03
 0.138071D+03
 0.140078D+03
 0.142922D+03
 0.137846D+03
 0.139908D+03
 0.142008D+03
 0.137697D+03
 0.139529D+03
 0.141846D+03
 0.137523D+03
 0.138875D+03
 0.140964D+03
 0.136360D+03
 0.137549D+03
 0.139742D+03
 0.135032D+03
 0.136317D+03
 0.138249D+03
 0.133655D+03
 0.134793D+03
 0.136634D+03
 0.132119D+03
 0.133328D+03
 0.135219D+03
 0.130690D+03
 0.132109D+03
 0.133806D+03
 0.129730D+03
 0.131167D+03
 0.132938D+03
 0.138622D+03
 0.140359D+03
 0.138668D+03
 0.140555D+03
 0.138780D+03
 0.140673D+03
 0.138653D+03
 0.141504D+03
 0.138846D+03
 0.141684D+03
 0.138993D+03
 0.141407D+03
