 0.127424D+03
 0.127594D+03
 0.127193D+03
 0.126471D+03
 0.127000D+03
 0.127394D+03
 0.126344D+03
 0.128188D+03
 0.127783D+03
 0.127943D+03
 0.126800D+03
 0.127289D+03
 0.127858D+03
 0.126647D+03
 0.128809D+03
 0.128253D+03
 0.128318D+03
 0.127383D+03
 0.127741D+03
 0.128182D+03
 0.127436D+03
 0.127267D+03
 0.127586D+03
 0.127111D+03
 0.126192D+03
 0.125615D+03
 0.126878D+03
 0.127556D+03
 0.126213D+03
 0.128021D+03
 0.128204D+03
 0.127686D+03
 0.126786D+03
 0.125919D+03
 0.127240D+03
 0.127736D+03
 0.126771D+03
 0.128574D+03
 0.128462D+03
 0.128439D+03
 0.127448D+03
 0.126794D+03
 0.127790D+03
 0.128019D+03
 0.127136D+03
 0.129180D+03
 0.128977D+03
 0.128986D+03
 0.127706D+03
 0.127459D+03
 0.127965D+03
 0.128436D+03
 0.127562D+03
 0.129053D+03
 0.129118D+03
 0.128414D+03
 0.128899D+03
 0.129104D+03
 0.130035D+03
 0.128918D+03
 0.138893D+03
 0.139551D+03
 0.139322D+03
 0.137753D+03
 0.137677D+03
 0.138340D+03
 0.139226D+03
 0.138099D+03
 0.137952D+03
 0.138819D+03
 0.138661D+03
 0.137293D+03
 0.137309D+03
 0.137789D+03
 0.138574D+03
 0.137446D+03
 0.136541D+03
 0.137483D+03
 0.137228D+03
 0.136134D+03
 0.136336D+03
 0.136688D+03
 0.137302D+03
 0.136168D+03
 0.134411D+03
 0.135840D+03
 0.135905D+03
 0.134484D+03
 0.134962D+03
 0.134939D+03
 0.135698D+03
 0.134539D+03
 0.134017D+03
 0.133805D+03
 0.132653D+03
 0.133060D+03
 0.133333D+03
 0.133718D+03
 0.132807D+03
 0.132304D+03
 0.132080D+03
 0.130917D+03
 0.131069D+03
 0.131645D+03
 0.131873D+03
 0.131154D+03
 0.130432D+03
 0.130506D+03
 0.129347D+03
 0.129821D+03
 0.130306D+03
 0.130350D+03
 0.129715D+03
 0.129533D+03
 0.129260D+03
 0.128323D+03
 0.128651D+03
 0.129346D+03
 0.129238D+03
 0.128660D+03
 0.126767D+03
 0.127288D+03
 0.126578D+03
 0.126093D+03
 0.125576D+03
 0.127083D+03
 0.128059D+03
 0.126775D+03
 0.126886D+03
 0.127420D+03
 0.126982D+03
 0.126037D+03
 0.125722D+03
 0.127147D+03
 0.128158D+03
 0.126548D+03
 0.127383D+03
 0.127649D+03
 0.127167D+03
 0.126187D+03
 0.126107D+03
 0.127179D+03
 0.128019D+03
 0.126715D+03
 0.127859D+03
 0.128124D+03
 0.127609D+03
 0.126613D+03
 0.126474D+03
 0.127686D+03
 0.128096D+03
 0.127146D+03
 0.128505D+03
 0.128299D+03
 0.128203D+03
 0.127237D+03
 0.127063D+03
 0.128013D+03
 0.128417D+03
 0.127665D+03
 0.129226D+03
 0.128930D+03
 0.128788D+03
 0.127731D+03
 0.127873D+03
 0.128355D+03
 0.128683D+03
 0.127949D+03
 0.129485D+03
 0.129207D+03
 0.129093D+03
 0.128121D+03
 0.128168D+03
 0.128836D+03
 0.129182D+03
 0.128206D+03
 0.129502D+03
 0.129616D+03
 0.128372D+03
 0.128888D+03
 0.128923D+03
 0.129607D+03
 0.128553D+03
 0.128943D+03
 0.129616D+03
 0.128984D+03
 0.129775D+03
 0.129724D+03
 0.130216D+03
 0.130832D+03
 0.129743D+03
 0.139658D+03
 0.140053D+03
 0.139288D+03
 0.138348D+03
 0.138968D+03
 0.138333D+03
 0.139488D+03
 0.139215D+03
 0.139754D+03
 0.140080D+03
 0.139671D+03
 0.138740D+03
 0.139271D+03
 0.138633D+03
 0.139629D+03
 0.140486D+03
 0.139331D+03
 0.139613D+03
 0.140098D+03
 0.139835D+03
 0.138669D+03
 0.138819D+03
 0.138743D+03
 0.139378D+03
 0.140165D+03
 0.139266D+03
 0.139075D+03
 0.139643D+03
 0.139676D+03
 0.138515D+03
 0.138712D+03
 0.138751D+03
 0.139214D+03
 0.140053D+03
 0.139052D+03
 0.138028D+03
 0.139003D+03
 0.138885D+03
 0.137911D+03
 0.138899D+03
 0.138101D+03
 0.138248D+03
 0.139503D+03
 0.138268D+03
 0.136782D+03
 0.137777D+03
 0.137551D+03
 0.136723D+03
 0.137616D+03
 0.137161D+03
 0.137247D+03
 0.138318D+03
 0.136936D+03
 0.134767D+03
 0.136049D+03
 0.136064D+03
 0.135108D+03
 0.135782D+03
 0.135742D+03
 0.135768D+03
 0.136407D+03
 0.135367D+03
 0.134202D+03
 0.134071D+03
 0.133299D+03
 0.134085D+03
 0.133949D+03
 0.133964D+03
 0.134475D+03
 0.133506D+03
 0.132642D+03
 0.132505D+03
 0.131632D+03
 0.132313D+03
 0.132213D+03
 0.132115D+03
 0.132601D+03
 0.132128D+03
 0.131151D+03
 0.130811D+03
 0.130016D+03
 0.130846D+03
 0.130769D+03
 0.131023D+03
 0.131273D+03
 0.130810D+03
 0.130006D+03
 0.129627D+03
 0.129076D+03
 0.129838D+03
 0.129466D+03
 0.129909D+03
 0.130247D+03
 0.129737D+03
 0.129198D+03
 0.128867D+03
 0.128323D+03
 0.128975D+03
 0.128939D+03
 0.129174D+03
 0.129395D+03
 0.128910D+03
 0.129060D+03
 0.128700D+03
 0.128096D+03
 0.127681D+03
 0.128520D+03
 0.128034D+03
 0.128616D+03
 0.128931D+03
 0.128562D+03
 0.127070D+03
 0.127565D+03
 0.126975D+03
 0.126623D+03
 0.127115D+03
 0.126523D+03
 0.127742D+03
 0.129222D+03
 0.127661D+03
 0.127223D+03
 0.127679D+03
 0.127334D+03
 0.126685D+03
 0.127223D+03
 0.126913D+03
 0.127763D+03
 0.129165D+03
 0.127555D+03
 0.127773D+03
 0.127978D+03
 0.127507D+03
 0.127198D+03
 0.127448D+03
 0.126972D+03
 0.128028D+03
 0.129069D+03
 0.127591D+03
 0.128228D+03
 0.128538D+03
 0.127922D+03
 0.127320D+03
 0.127969D+03
 0.127604D+03
 0.128161D+03
 0.128808D+03
 0.128143D+03
 0.128796D+03
 0.128788D+03
 0.128658D+03
 0.127859D+03
 0.128543D+03
 0.127876D+03
 0.128528D+03
 0.128986D+03
 0.128523D+03
 0.129532D+03
 0.129158D+03
 0.129064D+03
 0.128228D+03
 0.128661D+03
 0.128717D+03
 0.128926D+03
 0.129642D+03
 0.128752D+03
 0.130083D+03
 0.129510D+03
 0.129519D+03
 0.128810D+03
 0.129432D+03
 0.129182D+03
 0.129571D+03
 0.129995D+03
 0.129147D+03
 0.129658D+03
 0.129684D+03
 0.129059D+03
 0.129830D+03
 0.129605D+03
 0.129803D+03
 0.130322D+03
 0.129613D+03
 0.129561D+03
 0.129548D+03
 0.129899D+03
 0.130236D+03
 0.130118D+03
 0.130324D+03
 0.131189D+03
 0.130549D+03
 0.129578D+03
 0.129527D+03
 0.130610D+03
 0.130458D+03
 0.130861D+03
 0.130659D+03
 0.131697D+03
 0.130783D+03
 0.129834D+03
 0.129827D+03
 0.129370D+03
 0.130100D+03
 0.131243D+03
 0.132428D+03
 0.131348D+03
 0.130304D+03
 0.133243D+03
 0.131150D+03
 0.132249D+03
 0.131925D+03
 0.133278D+03
 0.131904D+03
 0.134042D+03
 0.133806D+03
 0.131987D+03
 0.133150D+03
 0.132604D+03
 0.132979D+03
 0.133618D+03
 0.132888D+03
 0.134857D+03
 0.134701D+03
 0.133571D+03
 0.134009D+03
 0.133712D+03
 0.133998D+03
 0.134602D+03
 0.134052D+03
 0.135047D+03
 0.134709D+03
 0.135010D+03
 0.135256D+03
 0.134854D+03
 0.134296D+03
 0.134456D+03
 0.138145D+03
 0.138729D+03
 0.138404D+03
 0.138356D+03
 0.138426D+03
 0.138316D+03
 0.138971D+03
 0.139203D+03
 0.139140D+03
 0.139587D+03
 0.139205D+03
 0.138951D+03
 0.139082D+03
 0.138683D+03
 0.139377D+03
 0.139362D+03
 0.139837D+03
 0.140066D+03
 0.139465D+03
 0.139221D+03
 0.139287D+03
 0.139253D+03
 0.139588D+03
 0.139937D+03
 0.139876D+03
 0.140353D+03
 0.139895D+03
 0.139342D+03
 0.139741D+03
 0.139278D+03
 0.139738D+03
 0.141013D+03
 0.140074D+03
 0.139818D+03
 0.140214D+03
 0.139974D+03
 0.139360D+03
 0.139600D+03
 0.139363D+03
 0.139475D+03
 0.140700D+03
 0.140212D+03
 0.139323D+03
 0.140002D+03
 0.139454D+03
 0.139307D+03
 0.139736D+03
 0.139113D+03
 0.139144D+03
 0.140180D+03
 0.139614D+03
 0.138358D+03
 0.139272D+03
 0.138881D+03
 0.138549D+03
 0.139052D+03
 0.138804D+03
 0.138472D+03
 0.139743D+03
 0.138782D+03
 0.136861D+03
 0.137807D+03
 0.137726D+03
 0.137334D+03
 0.137670D+03
 0.137763D+03
 0.137310D+03
 0.138631D+03
 0.137440D+03
 0.134811D+03
 0.136340D+03
 0.136355D+03
 0.135827D+03
 0.136290D+03
 0.136249D+03
 0.135949D+03
 0.137115D+03
 0.136021D+03
 0.134404D+03
 0.134298D+03
 0.134143D+03
 0.134519D+03
 0.134339D+03
 0.134342D+03
 0.135091D+03
 0.134380D+03
 0.132701D+03
 0.132874D+03
 0.132401D+03
 0.132866D+03
 0.132958D+03
 0.132890D+03
 0.133354D+03
 0.132722D+03
 0.131414D+03
 0.131211D+03
 0.130969D+03
 0.131376D+03
 0.131574D+03
 0.131517D+03
 0.131824D+03
 0.131515D+03
 0.130228D+03
 0.130047D+03
 0.129867D+03
 0.130459D+03
 0.130271D+03
 0.130466D+03
 0.130704D+03
 0.130313D+03
 0.129570D+03
 0.129416D+03
 0.129183D+03
 0.129619D+03
 0.129591D+03
 0.129627D+03
 0.130409D+03
 0.129646D+03
 0.129472D+03
 0.129164D+03
 0.128646D+03
 0.128753D+03
 0.129240D+03
 0.128860D+03
 0.129077D+03
 0.129701D+03
 0.129183D+03
 0.128511D+03
 0.128743D+03
 0.127971D+03
 0.128142D+03
 0.128417D+03
 0.128002D+03
 0.128673D+03
 0.129402D+03
 0.128859D+03
 0.128108D+03
 0.128299D+03
 0.127886D+03
 0.128063D+03
 0.128228D+03
 0.127731D+03
 0.128370D+03
 0.129439D+03
 0.128573D+03
 0.127855D+03
 0.128487D+03
 0.127962D+03
 0.127765D+03
 0.127965D+03
 0.127401D+03
 0.128243D+03
 0.129483D+03
 0.128612D+03
 0.127729D+03
 0.128359D+03
 0.127641D+03
 0.127579D+03
 0.127927D+03
 0.127589D+03
 0.128107D+03
 0.129723D+03
 0.128477D+03
 0.127606D+03
 0.127980D+03
 0.127872D+03
 0.127706D+03
 0.127907D+03
 0.127678D+03
 0.128070D+03
 0.129754D+03
 0.128457D+03
 0.128172D+03
 0.128433D+03
 0.127847D+03
 0.127865D+03
 0.128077D+03
 0.127707D+03
 0.128177D+03
 0.129441D+03
 0.128670D+03
 0.128469D+03
 0.128570D+03
 0.128475D+03
 0.128274D+03
 0.128310D+03
 0.128150D+03
 0.128354D+03
 0.129772D+03
 0.128754D+03
 0.128932D+03
 0.129107D+03
 0.128956D+03
 0.128537D+03
 0.128792D+03
 0.128415D+03
 0.128713D+03
 0.129528D+03
 0.129131D+03
 0.129562D+03
 0.129274D+03
 0.129371D+03
 0.129124D+03
 0.129244D+03
 0.129311D+03
 0.129125D+03
 0.130234D+03
 0.129366D+03
 0.130289D+03
 0.129715D+03
 0.129765D+03
 0.129370D+03
 0.129721D+03
 0.129549D+03
 0.129524D+03
 0.130622D+03
 0.129795D+03
 0.129980D+03
 0.130055D+03
 0.129805D+03
 0.130220D+03
 0.130307D+03
 0.129917D+03
 0.130829D+03
 0.130146D+03
 0.129671D+03
 0.129918D+03
 0.130615D+03
 0.130598D+03
 0.130614D+03
 0.130360D+03
 0.131679D+03
 0.130802D+03
 0.129669D+03
 0.129826D+03
 0.130484D+03
 0.131005D+03
 0.131099D+03
 0.130650D+03
 0.132119D+03
 0.131153D+03
 0.130349D+03
 0.130221D+03
 0.130391D+03
 0.130335D+03
 0.130296D+03
 0.131326D+03
 0.132739D+03
 0.131743D+03
 0.130482D+03
 0.133500D+03
 0.131383D+03
 0.132065D+03
 0.132136D+03
 0.133762D+03
 0.132628D+03
 0.134247D+03
 0.134396D+03
 0.133856D+03
 0.133393D+03
 0.133098D+03
 0.133134D+03
 0.135107D+03
 0.133545D+03
 0.135280D+03
 0.135008D+03
 0.134162D+03
 0.134483D+03
 0.134250D+03
 0.133998D+03
 0.135449D+03
 0.134517D+03
 0.138417D+03
 0.138984D+03
 0.138969D+03
 0.139383D+03
 0.139131D+03
 0.138577D+03
 0.138880D+03
 0.139422D+03
 0.139481D+03
 0.139657D+03
 0.139471D+03
 0.139931D+03
 0.139351D+03
 0.139013D+03
 0.139167D+03
 0.139733D+03
 0.140067D+03
 0.140050D+03
 0.139938D+03
 0.140070D+03
 0.139801D+03
 0.139275D+03
 0.139669D+03
 0.140226D+03
 0.140267D+03
 0.140400D+03
 0.140235D+03
 0.139993D+03
 0.139856D+03
 0.139429D+03
 0.139862D+03
 0.140944D+03
 0.140402D+03
 0.139847D+03
 0.140201D+03
 0.140001D+03
 0.140058D+03
 0.139861D+03
 0.139431D+03
 0.139584D+03
 0.140255D+03
 0.140086D+03
 0.139187D+03
 0.139754D+03
 0.139637D+03
 0.139816D+03
 0.139710D+03
 0.139515D+03
 0.139397D+03
 0.140691D+03
 0.139891D+03
 0.138297D+03
 0.139099D+03
 0.139069D+03
 0.139255D+03
 0.138920D+03
 0.138850D+03
 0.138514D+03
 0.139914D+03
 0.139097D+03
 0.136833D+03
 0.137787D+03
 0.137792D+03
 0.137860D+03
 0.138068D+03
 0.137700D+03
 0.137378D+03
 0.138802D+03
 0.137980D+03
 0.135139D+03
 0.136174D+03
 0.136341D+03
 0.136635D+03
 0.136304D+03
 0.136488D+03
 0.135634D+03
 0.137040D+03
 0.136386D+03
 0.134697D+03
 0.134687D+03
 0.134969D+03
 0.135013D+03
 0.134871D+03
 0.134195D+03
 0.135556D+03
 0.134784D+03
 0.132989D+03
 0.133143D+03
 0.133139D+03
 0.133358D+03
 0.133394D+03
 0.132675D+03
 0.133895D+03
 0.133308D+03
 0.131933D+03
 0.131550D+03
 0.131842D+03
 0.131907D+03
 0.131670D+03
 0.131483D+03
 0.132342D+03
 0.131955D+03
 0.130780D+03
 0.130704D+03
 0.130830D+03
 0.130882D+03
 0.130961D+03
 0.130584D+03
 0.131329D+03
 0.131039D+03
 0.129840D+03
 0.129791D+03
 0.130194D+03
 0.130277D+03
 0.129994D+03
 0.129785D+03
 0.130439D+03
 0.130310D+03
 0.129692D+03
 0.129492D+03
 0.129007D+03
 0.129763D+03
 0.129560D+03
 0.129381D+03
 0.129284D+03
 0.130316D+03
 0.129707D+03
 0.129056D+03
 0.128910D+03
 0.128694D+03
 0.129316D+03
 0.129233D+03
 0.128482D+03
 0.129143D+03
 0.129827D+03
 0.129519D+03
 0.128495D+03
 0.128912D+03
 0.128328D+03
 0.128811D+03
 0.128302D+03
 0.128015D+03
 0.128850D+03
 0.129886D+03
 0.128998D+03
 0.128092D+03
 0.128707D+03
 0.128239D+03
 0.128603D+03
 0.128412D+03
 0.127856D+03
 0.128525D+03
 0.130148D+03
 0.128958D+03
 0.128074D+03
 0.128707D+03
 0.128235D+03
 0.128471D+03
 0.128308D+03
 0.127869D+03
 0.128378D+03
 0.130094D+03
 0.128804D+03
 0.127861D+03
 0.128321D+03
 0.127988D+03
 0.128459D+03
 0.128538D+03
 0.127718D+03
 0.128403D+03
 0.130103D+03
 0.128849D+03
 0.128221D+03
 0.128457D+03
 0.128221D+03
 0.128616D+03
 0.128573D+03
 0.128224D+03
 0.128327D+03
 0.129857D+03
 0.129007D+03
 0.128728D+03
 0.128777D+03
 0.128501D+03
 0.128825D+03
 0.128858D+03
 0.128365D+03
 0.128605D+03
 0.129880D+03
 0.129318D+03
 0.129081D+03
 0.129172D+03
 0.129014D+03
 0.129333D+03
 0.129114D+03
 0.128611D+03
 0.128880D+03
 0.129854D+03
 0.129438D+03
 0.129836D+03
 0.129490D+03
 0.129532D+03
 0.129706D+03
 0.129495D+03
 0.129522D+03
 0.129218D+03
 0.130486D+03
 0.130046D+03
 0.130167D+03
 0.129659D+03
 0.129928D+03
 0.130031D+03
 0.130060D+03
 0.130156D+03
 0.129687D+03
 0.130843D+03
 0.130209D+03
 0.129899D+03
 0.130205D+03
 0.130416D+03
 0.130524D+03
 0.130624D+03
 0.129995D+03
 0.131248D+03
 0.130580D+03
 0.129539D+03
 0.130091D+03
 0.130945D+03
 0.130717D+03
 0.130615D+03
 0.130157D+03
 0.131678D+03
 0.131009D+03
 0.129788D+03
 0.130052D+03
 0.130838D+03
 0.131260D+03
 0.131388D+03
 0.130585D+03
 0.132331D+03
 0.131300D+03
 0.130316D+03
 0.130624D+03
 0.130846D+03
 0.130727D+03
 0.130561D+03
 0.131220D+03
 0.133087D+03
 0.132126D+03
 0.136186D+03
 0.137280D+03
 0.137018D+03
 0.138824D+03
 0.138480D+03
 0.136885D+03
 0.136833D+03
 0.137616D+03
 0.137319D+03
 0.138285D+03
 0.138106D+03
 0.139181D+03
 0.138718D+03
 0.137969D+03
 0.138427D+03
 0.139297D+03
 0.138581D+03
 0.139261D+03
 0.139038D+03
 0.139688D+03
 0.139024D+03
 0.138399D+03
 0.138690D+03
 0.139669D+03
 0.139517D+03
 0.139873D+03
 0.139545D+03
 0.140144D+03
 0.139528D+03
 0.138923D+03
 0.139115D+03
 0.139903D+03
 0.140018D+03
 0.140250D+03
 0.139979D+03
 0.140464D+03
 0.139710D+03
 0.139225D+03
 0.139338D+03
 0.140153D+03
 0.140080D+03
 0.140573D+03
 0.140266D+03
 0.140221D+03
 0.139800D+03
 0.139505D+03
 0.139846D+03
 0.141439D+03
 0.140322D+03
 0.139785D+03
 0.140302D+03
 0.139987D+03
 0.140223D+03
 0.139716D+03
 0.139456D+03
 0.139677D+03
 0.140952D+03
 0.140363D+03
 0.139184D+03
 0.139700D+03
 0.139818D+03
 0.140128D+03
 0.139530D+03
 0.139394D+03
 0.139159D+03
 0.140796D+03
 0.139804D+03
 0.138275D+03
 0.139042D+03
 0.138970D+03
 0.139625D+03
 0.139090D+03
 0.138877D+03
 0.138331D+03
 0.139717D+03
 0.138943D+03
 0.137030D+03
 0.137960D+03
 0.137862D+03
 0.138178D+03
 0.137939D+03
 0.137614D+03
 0.136902D+03
 0.138716D+03
 0.138025D+03
 0.135243D+03
 0.136258D+03
 0.136458D+03
 0.136858D+03
 0.136539D+03
 0.136620D+03
 0.135610D+03
 0.137086D+03
 0.136731D+03
 0.134849D+03
 0.134962D+03
 0.135370D+03
 0.135054D+03
 0.135041D+03
 0.134117D+03
 0.135622D+03
 0.134978D+03
 0.133308D+03
 0.133503D+03
 0.133855D+03
 0.133569D+03
 0.133284D+03
 0.132739D+03
 0.134068D+03
 0.133607D+03
 0.131830D+03
 0.132005D+03
 0.132505D+03
 0.132146D+03
 0.132172D+03
 0.131461D+03
 0.132456D+03
 0.132333D+03
 0.130719D+03
 0.130806D+03
 0.131480D+03
 0.131116D+03
 0.130906D+03
 0.130465D+03
 0.131626D+03
 0.131329D+03
 0.129999D+03
 0.130011D+03
 0.130589D+03
 0.130341D+03
 0.130181D+03
 0.129687D+03
 0.130807D+03
 0.130506D+03
 0.129984D+03
 0.129448D+03
 0.129407D+03
 0.130080D+03
 0.129747D+03
 0.129502D+03
 0.129120D+03
 0.130310D+03
 0.129924D+03
 0.129226D+03
 0.129179D+03
 0.129047D+03
 0.129838D+03
 0.129375D+03
 0.128805D+03
 0.128870D+03
 0.130254D+03
 0.129942D+03
 0.128404D+03
 0.128810D+03
 0.128653D+03
 0.129204D+03
 0.128756D+03
 0.128177D+03
 0.128460D+03
 0.130370D+03
 0.129563D+03
 0.128387D+03
 0.128952D+03
 0.128464D+03
 0.128842D+03
 0.128569D+03
 0.128018D+03
 0.128408D+03
 0.130209D+03
 0.129193D+03
 0.128285D+03
 0.128898D+03
 0.128639D+03
 0.128860D+03
 0.128358D+03
 0.127816D+03
 0.128078D+03
 0.130264D+03
 0.129020D+03
 0.128225D+03
 0.128666D+03
 0.128152D+03
 0.128941D+03
 0.128367D+03
 0.127863D+03
 0.128025D+03
 0.130126D+03
 0.128943D+03
 0.128492D+03
 0.128670D+03
 0.128396D+03
 0.129031D+03
 0.128403D+03
 0.128109D+03
 0.128046D+03
 0.129891D+03
 0.129387D+03
 0.128820D+03
 0.128829D+03
 0.128787D+03
 0.129293D+03
 0.128787D+03
 0.128424D+03
 0.128270D+03
 0.130172D+03
 0.129340D+03
 0.129327D+03
 0.129036D+03
 0.129094D+03
 0.129586D+03
 0.129069D+03
 0.128789D+03
 0.128469D+03
 0.130017D+03
 0.129659D+03
 0.129814D+03
 0.129477D+03
 0.129595D+03
 0.130179D+03
 0.129532D+03
 0.129353D+03
 0.128827D+03
 0.130359D+03
 0.129839D+03
 0.130246D+03
 0.129741D+03
 0.129898D+03
 0.130533D+03
 0.130222D+03
 0.130026D+03
 0.129228D+03
 0.130892D+03
 0.130203D+03
 0.130081D+03
 0.130257D+03
 0.130922D+03
 0.130648D+03
 0.130398D+03
 0.129712D+03
 0.131376D+03
 0.130550D+03
 0.129825D+03
 0.130242D+03
 0.130996D+03
 0.130711D+03
 0.130773D+03
 0.130131D+03
 0.131869D+03
 0.131198D+03
 0.129958D+03
 0.130300D+03
 0.131730D+03
 0.131106D+03
 0.131490D+03
 0.130694D+03
 0.132342D+03
 0.131828D+03
 0.130822D+03
 0.130990D+03
 0.131061D+03
 0.131631D+03
 0.130768D+03
 0.131361D+03
 0.133151D+03
 0.132242D+03
 0.138790D+03
 0.139253D+03
 0.139180D+03
 0.139759D+03
 0.138971D+03
 0.138576D+03
 0.138435D+03
 0.139626D+03
 0.139449D+03
 0.139906D+03
 0.139487D+03
 0.140171D+03
 0.139310D+03
 0.138994D+03
 0.138958D+03
 0.140031D+03
 0.140079D+03
 0.140262D+03
 0.140039D+03
 0.140182D+03
 0.139461D+03
 0.139181D+03
 0.139084D+03
 0.140229D+03
 0.140103D+03
 0.140490D+03
 0.140255D+03
 0.140429D+03
 0.139544D+03
 0.139339D+03
 0.139068D+03
 0.141128D+03
 0.140149D+03
 0.139911D+03
 0.140193D+03
 0.139818D+03
 0.140416D+03
 0.139511D+03
 0.139210D+03
 0.138721D+03
 0.140568D+03
 0.140213D+03
 0.139195D+03
 0.139602D+03
 0.139726D+03
 0.139819D+03
 0.139193D+03
 0.139031D+03
 0.138393D+03
 0.140676D+03
 0.139779D+03
 0.138119D+03
 0.138710D+03
 0.139133D+03
 0.139441D+03
 0.138617D+03
 0.138759D+03
 0.137709D+03
 0.139798D+03
 0.139258D+03
 0.136836D+03
 0.137861D+03
 0.138064D+03
 0.138359D+03
 0.137850D+03
 0.137872D+03
 0.136588D+03
 0.138733D+03
 0.137994D+03
 0.135296D+03
 0.136514D+03
 0.136663D+03
 0.137135D+03
 0.136495D+03
 0.136464D+03
 0.135411D+03
 0.137335D+03
 0.136478D+03
 0.134948D+03
 0.135159D+03
 0.135650D+03
 0.135096D+03
 0.135268D+03
 0.134041D+03
 0.135452D+03
 0.135059D+03
 0.133280D+03
 0.133548D+03
 0.133943D+03
 0.133546D+03
 0.133532D+03
 0.132664D+03
 0.134114D+03
 0.133516D+03
 0.132093D+03
 0.132312D+03
 0.132515D+03
 0.132337D+03
 0.132312D+03
 0.131408D+03
 0.132818D+03
 0.132604D+03
 0.131088D+03
 0.131075D+03
 0.131513D+03
 0.130928D+03
 0.131132D+03
 0.130423D+03
 0.131537D+03
 0.131421D+03
 0.130257D+03
 0.129960D+03
 0.130801D+03
 0.130331D+03
 0.130327D+03
 0.129753D+03
 0.130854D+03
 0.130761D+03
 0.130309D+03
 0.129562D+03
 0.129541D+03
 0.130314D+03
 0.129745D+03
 0.129490D+03
 0.129181D+03
 0.130378D+03
 0.130257D+03
 0.129309D+03
 0.129287D+03
 0.129163D+03
 0.129884D+03
 0.129265D+03
 0.128880D+03
 0.128723D+03
 0.130192D+03
 0.129920D+03
 0.128902D+03
 0.129039D+03
 0.128937D+03
 0.129427D+03
 0.128831D+03
 0.128380D+03
 0.128334D+03
 0.130229D+03
 0.129486D+03
 0.128376D+03
 0.129099D+03
 0.128632D+03
 0.129123D+03
 0.128326D+03
 0.128277D+03
 0.128049D+03
 0.130253D+03
 0.129073D+03
 0.128070D+03
 0.128669D+03
 0.128473D+03
 0.128846D+03
 0.128211D+03
 0.127734D+03
 0.127933D+03
 0.130308D+03
 0.129151D+03
 0.128298D+03
 0.128634D+03
 0.128258D+03
 0.129039D+03
 0.128133D+03
 0.127811D+03
 0.127806D+03
 0.130300D+03
 0.129110D+03
 0.128526D+03
 0.128686D+03
 0.128518D+03
 0.129172D+03
 0.128404D+03
 0.128099D+03
 0.127847D+03
 0.129925D+03
 0.129043D+03
 0.128857D+03
 0.128936D+03
 0.128809D+03
 0.129147D+03
 0.128646D+03
 0.128410D+03
 0.128030D+03
 0.129905D+03
 0.129404D+03
 0.129379D+03
 0.129136D+03
 0.129360D+03
 0.129599D+03
 0.128891D+03
 0.128778D+03
 0.128288D+03
 0.129938D+03
 0.129528D+03
 0.129834D+03
 0.129450D+03
 0.129754D+03
 0.130260D+03
 0.129508D+03
 0.129270D+03
 0.128679D+03
 0.130316D+03
 0.129970D+03
 0.130252D+03
 0.129911D+03
 0.130157D+03
 0.130704D+03
 0.130127D+03
 0.129811D+03
 0.129124D+03
 0.130836D+03
 0.130454D+03
 0.130175D+03
 0.130620D+03
 0.130951D+03
 0.130407D+03
 0.130439D+03
 0.129541D+03
 0.131237D+03
 0.130733D+03
 0.129997D+03
 0.130520D+03
 0.131131D+03
 0.130831D+03
 0.130640D+03
 0.130072D+03
 0.131893D+03
 0.131275D+03
 0.130087D+03
 0.130481D+03
 0.131905D+03
 0.130928D+03
 0.131606D+03
 0.130795D+03
 0.132733D+03
 0.131830D+03
 0.131042D+03
 0.131210D+03
 0.130900D+03
 0.131688D+03
 0.130976D+03
 0.131384D+03
 0.133170D+03
 0.132262D+03
 0.135990D+03
 0.135952D+03
 0.136585D+03
 0.136027D+03
 0.135683D+03
 0.135264D+03
 0.135626D+03
 0.136299D+03
 0.136122D+03
 0.137843D+03
 0.137338D+03
 0.136880D+03
 0.136258D+03
 0.136575D+03
 0.136140D+03
 0.137305D+03
 0.137245D+03
 0.138730D+03
 0.138195D+03
 0.136858D+03
 0.137169D+03
 0.137603D+03
 0.137528D+03
 0.138426D+03
 0.138295D+03
 0.138946D+03
 0.138461D+03
 0.137653D+03
 0.137848D+03
 0.139324D+03
 0.138694D+03
 0.139232D+03
 0.138972D+03
 0.139586D+03
 0.138805D+03
 0.138389D+03
 0.138359D+03
 0.139491D+03
 0.139716D+03
 0.139838D+03
 0.139468D+03
 0.139995D+03
 0.138854D+03
 0.138623D+03
 0.138740D+03
 0.139725D+03
 0.139913D+03
 0.140184D+03
 0.139954D+03
 0.139908D+03
 0.139217D+03
 0.139072D+03
 0.138772D+03
 0.140096D+03
 0.139975D+03
 0.140338D+03
 0.140268D+03
 0.140187D+03
 0.139416D+03
 0.139097D+03
 0.138767D+03
 0.140809D+03
 0.139960D+03
 0.139643D+03
 0.139971D+03
 0.139850D+03
 0.140308D+03
 0.139399D+03
 0.139046D+03
 0.138622D+03
 0.140672D+03
 0.139995D+03
 0.139350D+03
 0.139747D+03
 0.139820D+03
 0.139767D+03
 0.139079D+03
 0.139002D+03
 0.138134D+03
 0.140511D+03
 0.139573D+03
 0.138081D+03
 0.138885D+03
 0.139053D+03
 0.139176D+03
 0.138692D+03
 0.138588D+03
 0.137453D+03
 0.139718D+03
 0.138848D+03
 0.137013D+03
 0.137850D+03
 0.137817D+03
 0.138417D+03
 0.137548D+03
 0.137710D+03
 0.136498D+03
 0.138460D+03
 0.137852D+03
 0.135513D+03
 0.136526D+03
 0.136553D+03
 0.136888D+03
 0.136386D+03
 0.136579D+03
 0.135277D+03
 0.137058D+03
 0.136507D+03
 0.134970D+03
 0.135173D+03
 0.135516D+03
 0.135056D+03
 0.134958D+03
 0.133875D+03
 0.135717D+03
 0.135067D+03
 0.133464D+03
 0.133701D+03
 0.133869D+03
 0.133532D+03
 0.133625D+03
 0.132499D+03
 0.134014D+03
 0.133575D+03
 0.132017D+03
 0.132187D+03
 0.132459D+03
 0.132124D+03
 0.132131D+03
 0.131329D+03
 0.132565D+03
 0.132278D+03
 0.130993D+03
 0.131005D+03
 0.131615D+03
 0.130841D+03
 0.131167D+03
 0.130191D+03
 0.131368D+03
 0.131169D+03
 0.130289D+03
 0.129904D+03
 0.130543D+03
 0.130171D+03
 0.130286D+03
 0.129460D+03
 0.130761D+03
 0.130673D+03
 0.130112D+03
 0.129556D+03
 0.129540D+03
 0.130083D+03
 0.129552D+03
 0.129606D+03
 0.128911D+03
 0.130359D+03
 0.129947D+03
 0.129155D+03
 0.129256D+03
 0.129185D+03
 0.129753D+03
 0.129047D+03
 0.128769D+03
 0.128425D+03
 0.130138D+03
 0.129858D+03
 0.128594D+03
 0.129229D+03
 0.128830D+03
 0.129172D+03
 0.128671D+03
 0.128111D+03
 0.128134D+03
 0.130383D+03
 0.129500D+03
 0.128582D+03
 0.129013D+03
 0.128760D+03
 0.128975D+03
 0.128224D+03
 0.127876D+03
 0.127826D+03
 0.130294D+03
 0.129177D+03
 0.128216D+03
 0.128657D+03
 0.128363D+03
 0.128854D+03
 0.127965D+03
 0.127737D+03
 0.127692D+03
 0.130278D+03
 0.129022D+03
 0.128171D+03
 0.128580D+03
 0.128410D+03
 0.128502D+03
 0.128164D+03
 0.127830D+03
 0.127566D+03
 0.130043D+03
 0.128984D+03
 0.128526D+03
 0.128749D+03
 0.128513D+03
 0.128787D+03
 0.128035D+03
 0.127885D+03
 0.127593D+03
 0.129673D+03
 0.129026D+03
 0.128918D+03
 0.128877D+03
 0.128886D+03
 0.129138D+03
 0.128610D+03
 0.128132D+03
 0.127797D+03
 0.129890D+03
 0.129111D+03
 0.129456D+03
 0.129118D+03
 0.129096D+03
 0.129430D+03
 0.128803D+03
 0.128604D+03
 0.128093D+03
 0.130230D+03
 0.129304D+03
 0.129920D+03
 0.129365D+03
 0.129623D+03
 0.130007D+03
 0.129521D+03
 0.129320D+03
 0.128569D+03
 0.130449D+03
 0.129848D+03
 0.130604D+03
 0.129997D+03
 0.130202D+03
 0.130443D+03
 0.130076D+03
 0.130058D+03
 0.128922D+03
 0.130787D+03
 0.130315D+03
 0.130376D+03
 0.130553D+03
 0.131020D+03
 0.130413D+03
 0.130595D+03
 0.129492D+03
 0.131307D+03
 0.130913D+03
 0.129954D+03
 0.130629D+03
 0.131210D+03
 0.130700D+03
 0.131123D+03
 0.129817D+03
 0.131986D+03
 0.131426D+03
 0.130204D+03
 0.130741D+03
 0.131788D+03
 0.131364D+03
 0.131642D+03
 0.130350D+03
 0.132503D+03
 0.131732D+03
 0.135710D+03
 0.135748D+03
 0.136253D+03
 0.135667D+03
 0.135703D+03
 0.133852D+03
 0.135572D+03
 0.136100D+03
 0.135962D+03
 0.137396D+03
 0.136967D+03
 0.136495D+03
 0.135035D+03
 0.136354D+03
 0.135767D+03
 0.136919D+03
 0.136844D+03
 0.138375D+03
 0.137594D+03
 0.136508D+03
 0.136147D+03
 0.137398D+03
 0.137363D+03
 0.137848D+03
 0.137821D+03
 0.138833D+03
 0.138227D+03
 0.137388D+03
 0.137356D+03
 0.138902D+03
 0.138214D+03
 0.138911D+03
 0.138741D+03
 0.139429D+03
 0.138267D+03
 0.138132D+03
 0.137694D+03
 0.139319D+03
 0.139303D+03
 0.139604D+03
 0.139405D+03
 0.139613D+03
 0.138673D+03
 0.138474D+03
 0.137961D+03
 0.139424D+03
 0.139897D+03
 0.140032D+03
 0.139849D+03
 0.139749D+03
 0.138953D+03
 0.138772D+03
 0.138213D+03
 0.139744D+03
 0.139788D+03
 0.139866D+03
 0.139950D+03
 0.139833D+03
 0.138985D+03
 0.138727D+03
 0.138113D+03
 0.140843D+03
 0.139739D+03
 0.139424D+03
 0.139870D+03
 0.139828D+03
 0.139898D+03
 0.139002D+03
 0.138781D+03
 0.137971D+03
 0.140612D+03
 0.139790D+03
 0.139438D+03
 0.139492D+03
 0.139640D+03
 0.139700D+03
 0.138941D+03
 0.138647D+03
 0.137750D+03
 0.140319D+03
 0.139330D+03
 0.138078D+03
 0.138806D+03
 0.139025D+03
 0.139010D+03
 0.138588D+03
 0.138520D+03
 0.137384D+03
 0.139712D+03
 0.138823D+03
 0.137017D+03
 0.137841D+03
 0.137997D+03
 0.138207D+03
 0.137834D+03
 0.137651D+03
 0.136274D+03
 0.138365D+03
 0.137789D+03
 0.135525D+03
 0.136484D+03
 0.136799D+03
 0.137075D+03
 0.136510D+03
 0.136511D+03
 0.134969D+03
 0.137142D+03
 0.136588D+03
 0.135091D+03
 0.135143D+03
 0.135530D+03
 0.135088D+03
 0.135255D+03
 0.133571D+03
 0.135621D+03
 0.135219D+03
 0.133351D+03
 0.133692D+03
 0.133887D+03
 0.133366D+03
 0.133688D+03
 0.132143D+03
 0.133840D+03
 0.133496D+03
 0.129091D+03
 0.128219D+03
 0.128392D+03
 0.128589D+03
 0.128195D+03
 0.128424D+03
 0.128362D+03
 0.128682D+03
 0.128535D+03
 0.128242D+03
 0.127499D+03
 0.127701D+03
 0.128235D+03
 0.127850D+03
 0.127758D+03
 0.128171D+03
 0.128055D+03
 0.128384D+03
 0.128909D+03
 0.129046D+03
 0.128681D+03
 0.129429D+03
 0.128687D+03
 0.128162D+03
 0.127891D+03
 0.129693D+03
 0.129445D+03
 0.128335D+03
 0.129152D+03
 0.128826D+03
 0.129009D+03
 0.128472D+03
 0.127826D+03
 0.128038D+03
 0.130095D+03
 0.129250D+03
 0.128254D+03
 0.128754D+03
 0.128391D+03
 0.128615D+03
 0.127917D+03
 0.127602D+03
 0.127310D+03
 0.130213D+03
 0.128982D+03
 0.127929D+03
 0.128472D+03
 0.128214D+03
 0.128484D+03
 0.127810D+03
 0.127561D+03
 0.127129D+03
 0.130201D+03
 0.128900D+03
 0.128210D+03
 0.128592D+03
 0.128528D+03
 0.128653D+03
 0.127907D+03
 0.127544D+03
 0.127038D+03
 0.129663D+03
 0.128738D+03
 0.128165D+03
 0.128670D+03
 0.128311D+03
 0.128731D+03
 0.128023D+03
 0.127581D+03
 0.127252D+03
 0.129554D+03
 0.128683D+03
 0.128699D+03
 0.128760D+03
 0.128689D+03
 0.128794D+03
 0.128114D+03
 0.127936D+03
 0.127285D+03
 0.129954D+03
 0.128884D+03
 0.129243D+03
 0.128947D+03
 0.129163D+03
 0.129331D+03
 0.128801D+03
 0.128544D+03
 0.127541D+03
 0.129849D+03
 0.129209D+03
 0.129941D+03
 0.129311D+03
 0.129651D+03
 0.129919D+03
 0.129376D+03
 0.129305D+03
 0.127924D+03
 0.130393D+03
 0.129707D+03
 0.130831D+03
 0.130127D+03
 0.130240D+03
 0.130633D+03
 0.129928D+03
 0.129983D+03
 0.128501D+03
 0.130928D+03
 0.130280D+03
 0.130347D+03
 0.130703D+03
 0.130922D+03
 0.130684D+03
 0.130503D+03
 0.128980D+03
 0.131352D+03
 0.130799D+03
 0.129863D+03
 0.130665D+03
 0.131148D+03
 0.130843D+03
 0.131058D+03
 0.129875D+03
 0.132030D+03
 0.131153D+03
 0.130160D+03
 0.130805D+03
 0.131140D+03
 0.131419D+03
 0.131605D+03
 0.130059D+03
 0.132278D+03
 0.131608D+03
 0.130637D+03
 0.131099D+03
 0.131037D+03
 0.130679D+03
 0.130797D+03
 0.130710D+03
 0.133006D+03
 0.132270D+03
 0.135080D+03
 0.135372D+03
 0.135440D+03
 0.134810D+03
 0.134798D+03
 0.133403D+03
 0.134530D+03
 0.136014D+03
 0.135392D+03
 0.136819D+03
 0.136378D+03
 0.135839D+03
 0.134365D+03
 0.136092D+03
 0.137876D+03
 0.138619D+03
 0.138331D+03
 0.138996D+03
 0.137966D+03
 0.137578D+03
 0.137341D+03
 0.138830D+03
 0.138936D+03
 0.139561D+03
 0.139159D+03
 0.139122D+03
 0.138343D+03
 0.138215D+03
 0.137777D+03
 0.139268D+03
 0.139726D+03
 0.140049D+03
 0.139765D+03
 0.139281D+03
 0.138821D+03
 0.138616D+03
 0.138302D+03
 0.139756D+03
 0.139783D+03
 0.140049D+03
 0.139606D+03
 0.139689D+03
 0.138792D+03
 0.138676D+03
 0.138134D+03
 0.140569D+03
 0.139598D+03
 0.139578D+03
 0.139769D+03
 0.139873D+03
 0.139828D+03
 0.138883D+03
 0.138866D+03
 0.138028D+03
 0.140194D+03
 0.139849D+03
 0.139087D+03
 0.139518D+03
 0.139468D+03
 0.139466D+03
 0.138773D+03
 0.138692D+03
 0.137767D+03
 0.140165D+03
 0.139415D+03
 0.138360D+03
 0.138792D+03
 0.139061D+03
 0.138874D+03
 0.138508D+03
 0.138345D+03
 0.137172D+03
 0.139478D+03
 0.138528D+03
 0.136818D+03
 0.137705D+03
 0.138043D+03
 0.138191D+03
 0.137695D+03
 0.137671D+03
 0.136425D+03
 0.138615D+03
 0.137826D+03
 0.135432D+03
 0.136615D+03
 0.136800D+03
 0.136828D+03
 0.136545D+03
 0.136610D+03
 0.135158D+03
 0.137310D+03
 0.136581D+03
 0.134710D+03
 0.135086D+03
 0.135342D+03
 0.134787D+03
 0.135103D+03
 0.133438D+03
 0.135199D+03
 0.134863D+03
 0.131470D+03
 0.131706D+03
 0.131916D+03
 0.131464D+03
 0.131634D+03
 0.131853D+03
 0.131815D+03
 0.131520D+03
 0.127298D+03
 0.126984D+03
 0.126760D+03
 0.127121D+03
 0.126908D+03
 0.126679D+03
 0.127340D+03
 0.127317D+03
 0.127183D+03
 0.126538D+03
 0.126607D+03
 0.126265D+03
 0.126674D+03
 0.126007D+03
 0.125639D+03
 0.126148D+03
 0.127239D+03
 0.126868D+03
 0.127771D+03
 0.128686D+03
 0.128101D+03
 0.128676D+03
 0.128050D+03
 0.127450D+03
 0.127115D+03
 0.129691D+03
 0.128909D+03
 0.127695D+03
 0.128357D+03
 0.128035D+03
 0.128408D+03
 0.127663D+03
 0.127363D+03
 0.127044D+03
 0.129704D+03
 0.128684D+03
 0.127817D+03
 0.128237D+03
 0.128111D+03
 0.128470D+03
 0.127497D+03
 0.127333D+03
 0.127086D+03
 0.129879D+03
 0.128754D+03
 0.127942D+03
 0.128455D+03
 0.128035D+03
 0.128341D+03
 0.127617D+03
 0.127399D+03
 0.127121D+03
 0.129671D+03
 0.128676D+03
 0.128179D+03
 0.128177D+03
 0.128242D+03
 0.128433D+03
 0.127800D+03
 0.127540D+03
 0.126910D+03
 0.129680D+03
 0.128606D+03
 0.128682D+03
 0.128686D+03
 0.128612D+03
 0.128702D+03
 0.127975D+03
 0.127837D+03
 0.127434D+03
 0.129489D+03
 0.128760D+03
 0.129042D+03
 0.129039D+03
 0.129100D+03
 0.129183D+03
 0.128633D+03
 0.128393D+03
 0.127671D+03
 0.129865D+03
 0.129286D+03
 0.129824D+03
 0.129311D+03
 0.129599D+03
 0.129958D+03
 0.129156D+03
 0.129282D+03
 0.128303D+03
 0.130484D+03
 0.129855D+03
 0.130747D+03
 0.129972D+03
 0.130343D+03
 0.130436D+03
 0.129954D+03
 0.129874D+03
 0.128749D+03
 0.130870D+03
 0.130265D+03
 0.130093D+03
 0.130584D+03
 0.130869D+03
 0.130499D+03
 0.130552D+03
 0.129051D+03
 0.131223D+03
 0.130664D+03
 0.129796D+03
 0.130531D+03
 0.130756D+03
 0.130265D+03
 0.130696D+03
 0.129797D+03
 0.131351D+03
 0.130792D+03
 0.129755D+03
 0.130464D+03
 0.130775D+03
 0.130970D+03
 0.131110D+03
 0.130361D+03
 0.132013D+03
 0.131338D+03
 0.130100D+03
 0.130388D+03
 0.130292D+03
 0.129797D+03
 0.130143D+03
 0.130562D+03
 0.132184D+03
 0.131438D+03
 0.138649D+03
 0.139002D+03
 0.138703D+03
 0.139223D+03
 0.137952D+03
 0.137913D+03
 0.138054D+03
 0.139119D+03
 0.139630D+03
 0.139750D+03
 0.139478D+03
 0.139366D+03
 0.138627D+03
 0.138157D+03
 0.138191D+03
 0.139385D+03
 0.139575D+03
 0.139883D+03
 0.139653D+03
 0.139579D+03
 0.138705D+03
 0.138696D+03
 0.138374D+03
 0.140781D+03
 0.139726D+03
 0.139672D+03
 0.139992D+03
 0.139763D+03
 0.139567D+03
 0.138824D+03
 0.138539D+03
 0.138053D+03
 0.140205D+03
 0.139671D+03
 0.139249D+03
 0.139446D+03
 0.139329D+03
 0.139454D+03
 0.138654D+03
 0.138597D+03
 0.137761D+03
 0.140277D+03
 0.139440D+03
 0.137942D+03
 0.138887D+03
 0.139045D+03
 0.138969D+03
 0.138169D+03
 0.138284D+03
 0.137029D+03
 0.139582D+03
 0.138842D+03
 0.136852D+03
 0.137832D+03
 0.137998D+03
 0.138064D+03
 0.137402D+03
 0.137394D+03
 0.136015D+03
 0.138425D+03
 0.137462D+03
 0.135106D+03
 0.136210D+03
 0.136386D+03
 0.136726D+03
 0.136152D+03
 0.136373D+03
 0.134790D+03
 0.136653D+03
 0.136189D+03
 0.133085D+03
 0.133397D+03
 0.133522D+03
 0.133125D+03
 0.133256D+03
 0.133271D+03
 0.133448D+03
 0.133007D+03
 0.125885D+03
 0.125921D+03
 0.125584D+03
 0.125775D+03
 0.125381D+03
 0.125123D+03
 0.126878D+03
 0.126471D+03
 0.125974D+03
 0.127285D+03
 0.128185D+03
 0.127587D+03
 0.128074D+03
 0.127201D+03
 0.127133D+03
 0.126782D+03
 0.129136D+03
 0.128460D+03
 0.127455D+03
 0.128021D+03
 0.127693D+03
 0.128134D+03
 0.127336D+03
 0.127083D+03
 0.126822D+03
 0.129445D+03
 0.128277D+03
 0.127567D+03
 0.128050D+03
 0.127508D+03
 0.127887D+03
 0.127063D+03
 0.126865D+03
 0.126803D+03
 0.129530D+03
 0.128195D+03
 0.127707D+03
 0.127965D+03
 0.127690D+03
 0.128059D+03
 0.127309D+03
 0.127184D+03
 0.126903D+03
 0.129186D+03
 0.128441D+03
 0.128122D+03
 0.128322D+03
 0.127937D+03
 0.128396D+03
 0.127302D+03
 0.127229D+03
 0.126951D+03
 0.129263D+03
 0.128545D+03
 0.128220D+03
 0.128467D+03
 0.128431D+03
 0.128711D+03
 0.127845D+03
 0.127597D+03
 0.127269D+03
 0.129554D+03
 0.128699D+03
 0.128923D+03
 0.129104D+03
 0.128821D+03
 0.129168D+03
 0.128282D+03
 0.128319D+03
 0.127856D+03
 0.129607D+03
 0.129160D+03
 0.129544D+03
 0.129256D+03
 0.129520D+03
 0.129888D+03
 0.129025D+03
 0.129140D+03
 0.128133D+03
 0.129870D+03
 0.129640D+03
 0.130345D+03
 0.129952D+03
 0.130173D+03
 0.130375D+03
 0.129669D+03
 0.129855D+03
 0.128834D+03
 0.130668D+03
 0.129976D+03
 0.130236D+03
 0.130716D+03
 0.130740D+03
 0.130234D+03
 0.130437D+03
 0.129304D+03
 0.131142D+03
 0.130533D+03
 0.129598D+03
 0.129834D+03
 0.130127D+03
 0.129795D+03
 0.130171D+03
 0.129207D+03
 0.130779D+03
 0.130208D+03
 0.129296D+03
 0.129655D+03
 0.130283D+03
 0.129615D+03
 0.130563D+03
 0.129368D+03
 0.131017D+03
 0.130443D+03
 0.138622D+03
 0.138950D+03
 0.138694D+03
 0.139033D+03
 0.138058D+03
 0.137695D+03
 0.137789D+03
 0.138953D+03
 0.139411D+03
 0.139526D+03
 0.139204D+03
 0.139276D+03
 0.138542D+03
 0.138126D+03
 0.138145D+03
 0.139364D+03
 0.139711D+03
 0.139835D+03
 0.139527D+03
 0.139625D+03
 0.138995D+03
 0.138349D+03
 0.138292D+03
 0.140399D+03
 0.139631D+03
 0.139511D+03
 0.139909D+03
 0.139733D+03
 0.139594D+03
 0.138948D+03
 0.138576D+03
 0.138207D+03
 0.140071D+03
 0.139644D+03
 0.139002D+03
 0.139384D+03
 0.139635D+03
 0.139376D+03
 0.138789D+03
 0.138337D+03
 0.137864D+03
 0.140057D+03
 0.139265D+03
 0.137787D+03
 0.138642D+03
 0.138560D+03
 0.138731D+03
 0.137479D+03
 0.137938D+03
 0.137116D+03
 0.139111D+03
 0.138435D+03
 0.135115D+03
 0.136283D+03
 0.136347D+03
 0.136286D+03
 0.137183D+03
 0.135860D+03
 0.135956D+03
 0.136664D+03
 0.135784D+03
 0.133455D+03
 0.134754D+03
 0.135037D+03
 0.134938D+03
 0.135435D+03
 0.134548D+03
 0.134445D+03
 0.135111D+03
 0.134375D+03
 0.126430D+03
 0.127202D+03
 0.126598D+03
 0.127330D+03
 0.126379D+03
 0.126089D+03
 0.126251D+03
 0.128193D+03
 0.127274D+03
 0.126990D+03
 0.127339D+03
 0.126989D+03
 0.127471D+03
 0.126650D+03
 0.126362D+03
 0.126310D+03
 0.128939D+03
 0.127660D+03
 0.127115D+03
 0.127591D+03
 0.127233D+03
 0.127665D+03
 0.126736D+03
 0.126561D+03
 0.126470D+03
 0.129092D+03
 0.128081D+03
 0.127479D+03
 0.127744D+03
 0.127393D+03
 0.127989D+03
 0.126854D+03
 0.126751D+03
 0.126694D+03
 0.128957D+03
 0.127898D+03
 0.127897D+03
 0.127911D+03
 0.127511D+03
 0.127945D+03
 0.127032D+03
 0.127019D+03
 0.126892D+03
 0.128941D+03
 0.128355D+03
 0.128315D+03
 0.128458D+03
 0.128041D+03
 0.128342D+03
 0.127253D+03
 0.127292D+03
 0.127211D+03
 0.129052D+03
 0.128423D+03
 0.128724D+03
 0.128974D+03
 0.128877D+03
 0.129038D+03
 0.128143D+03
 0.127987D+03
 0.127527D+03
 0.129399D+03
 0.128753D+03
 0.129398D+03
 0.129343D+03
 0.129457D+03
 0.129704D+03
 0.128694D+03
 0.128872D+03
 0.128091D+03
 0.129989D+03
 0.129198D+03
 0.129851D+03
 0.129601D+03
 0.129651D+03
 0.129903D+03
 0.129445D+03
 0.129509D+03
 0.128404D+03
 0.130331D+03
 0.129775D+03
 0.129762D+03
 0.130141D+03
 0.130339D+03
 0.130042D+03
 0.129785D+03
 0.129138D+03
 0.130617D+03
 0.129966D+03
 0.139241D+03
 0.139527D+03
 0.139215D+03
 0.139309D+03
 0.138947D+03
 0.138230D+03
 0.138239D+03
 0.139497D+03
 0.139554D+03
 0.139919D+03
 0.139584D+03
 0.139524D+03
 0.139145D+03
 0.138388D+03
 0.138602D+03
 0.140494D+03
 0.139604D+03
 0.139262D+03
 0.139642D+03
 0.139376D+03
 0.139332D+03
 0.139005D+03
 0.138163D+03
 0.138133D+03
 0.140204D+03
 0.139337D+03
 0.138450D+03
 0.139093D+03
 0.139020D+03
 0.138918D+03
 0.138667D+03
 0.138018D+03
 0.137694D+03
 0.139406D+03
 0.138681D+03
 0.136374D+03
 0.137174D+03
 0.136936D+03
 0.137098D+03
 0.137796D+03
 0.136097D+03
 0.136851D+03
 0.137420D+03
 0.136673D+03
 0.135458D+03
 0.136455D+03
 0.136701D+03
 0.136635D+03
 0.136317D+03
 0.136380D+03
 0.135744D+03
 0.136921D+03
 0.136097D+03
 0.126801D+03
 0.127360D+03
 0.126852D+03
 0.127290D+03
 0.126363D+03
 0.126041D+03
 0.126327D+03
 0.128642D+03
 0.127428D+03
 0.127097D+03
 0.127302D+03
 0.127061D+03
 0.127417D+03
 0.126543D+03
 0.126222D+03
 0.126370D+03
 0.128779D+03
 0.127837D+03
 0.127556D+03
 0.127705D+03
 0.127233D+03
 0.127616D+03
 0.127088D+03
 0.126750D+03
 0.126560D+03
 0.128670D+03
 0.127891D+03
 0.127920D+03
 0.127794D+03
 0.127760D+03
 0.128164D+03
 0.127491D+03
 0.127156D+03
 0.127149D+03
 0.128821D+03
 0.128182D+03
 0.128430D+03
 0.128313D+03
 0.128192D+03
 0.128558D+03
 0.128299D+03
 0.127888D+03
 0.127489D+03
 0.128843D+03
 0.128652D+03
 0.128839D+03
 0.128703D+03
 0.128814D+03
 0.128946D+03
 0.128926D+03
 0.128340D+03
 0.127887D+03
 0.129589D+03
 0.128867D+03
 0.129172D+03
 0.128951D+03
 0.129095D+03
 0.129579D+03
 0.129184D+03
 0.128833D+03
 0.128243D+03
 0.129908D+03
 0.129201D+03
 0.138989D+03
 0.139351D+03
 0.139011D+03
 0.139154D+03
 0.138044D+03
 0.138124D+03
 0.138449D+03
 0.139093D+03
 0.139367D+03
 0.139569D+03
 0.138932D+03
 0.139050D+03
 0.138068D+03
 0.137983D+03
 0.138515D+03
 0.139883D+03
 0.139318D+03
 0.138510D+03
 0.139072D+03
 0.138636D+03
 0.138954D+03
 0.137658D+03
 0.137706D+03
 0.138079D+03
 0.139231D+03
 0.138808D+03
 0.136829D+03
 0.137855D+03
 0.137535D+03
 0.137277D+03
 0.137353D+03
 0.136319D+03
 0.137464D+03
 0.137905D+03
 0.137231D+03
 0.135932D+03
 0.136964D+03
 0.136728D+03
 0.136980D+03
 0.136315D+03
 0.136117D+03
 0.135963D+03
 0.137260D+03
 0.136475D+03
 0.126213D+03
 0.126742D+03
 0.126183D+03
 0.126769D+03
 0.125854D+03
 0.125692D+03
 0.126256D+03
 0.128330D+03
 0.127076D+03
 0.126469D+03
 0.126860D+03
 0.126449D+03
 0.126999D+03
 0.126215D+03
 0.125842D+03
 0.126373D+03
 0.128229D+03
 0.127208D+03
 0.126991D+03
 0.127410D+03
 0.126730D+03
 0.126967D+03
 0.126304D+03
 0.126172D+03
 0.126416D+03
 0.128262D+03
 0.127363D+03
 0.127401D+03
 0.127501D+03
 0.127128D+03
 0.127711D+03
 0.126715D+03
 0.126530D+03
 0.126758D+03
 0.128106D+03
 0.127625D+03
 0.127718D+03
 0.127790D+03
 0.127712D+03
 0.127865D+03
 0.127148D+03
 0.126975D+03
 0.127285D+03
 0.128477D+03
 0.127846D+03
 0.128239D+03
 0.128215D+03
 0.128088D+03
 0.128345D+03
 0.127760D+03
 0.127628D+03
 0.127472D+03
 0.128703D+03
 0.128145D+03
 0.128824D+03
 0.128366D+03
 0.128503D+03
 0.128864D+03
 0.128328D+03
 0.128245D+03
 0.127615D+03
 0.129161D+03
 0.128480D+03
 0.127297D+03
 0.127151D+03
 0.127113D+03
 0.127257D+03
 0.126320D+03
 0.126540D+03
 0.126754D+03
 0.127908D+03
 0.127240D+03
 0.127294D+03
 0.127093D+03
 0.126543D+03
 0.127673D+03
 0.126677D+03
 0.126988D+03
 0.127035D+03
 0.127021D+03
 0.127135D+03
 0.127805D+03
 0.127813D+03
 0.129105D+03
 0.128605D+03
 0.128795D+03
 0.128596D+03
 0.129470D+03
 0.128748D+03
 0.127868D+03
 0.127783D+03
 0.129515D+03
 0.129108D+03
 0.129183D+03
 0.128901D+03
 0.130185D+03
 0.129228D+03
 0.128169D+03
 0.127947D+03
 0.128854D+03
 0.128397D+03
 0.128411D+03
 0.129182D+03
 0.130516D+03
 0.129686D+03
 0.128741D+03
 0.131125D+03
 0.129567D+03
 0.130014D+03
 0.129894D+03
 0.131411D+03
 0.130159D+03
 0.134051D+03
 0.133331D+03
 0.134102D+03
 0.133780D+03
 0.133479D+03
 0.133149D+03
 0.132982D+03
 0.128295D+03
 0.128017D+03
 0.128830D+03
 0.128418D+03
 0.128631D+03
 0.128634D+03
 0.128922D+03
 0.128602D+03
 0.127436D+03
 0.127078D+03
 0.128048D+03
 0.127520D+03
 0.127889D+03
 0.127871D+03
 0.127895D+03
 0.127588D+03
 0.127242D+03
 0.126715D+03
 0.126306D+03
 0.127455D+03
 0.126864D+03
 0.127018D+03
 0.127299D+03
 0.127322D+03
 0.126914D+03
 0.126023D+03
 0.126379D+03
 0.125855D+03
 0.127185D+03
 0.126518D+03
 0.126108D+03
 0.126797D+03
 0.126803D+03
 0.126697D+03
 0.125495D+03
 0.126009D+03
 0.125546D+03
 0.126735D+03
 0.126235D+03
 0.125694D+03
 0.126432D+03
 0.126145D+03
 0.125241D+03
 0.125804D+03
 0.125404D+03
 0.126691D+03
 0.126150D+03
 0.125847D+03
 0.126284D+03
 0.126087D+03
 0.125484D+03
 0.126109D+03
 0.125515D+03
 0.126805D+03
 0.126266D+03
 0.125844D+03
 0.126208D+03
 0.126213D+03
 0.126286D+03
 0.126549D+03
 0.126265D+03
 0.126963D+03
 0.126328D+03
 0.126139D+03
 0.126122D+03
 0.126886D+03
 0.126659D+03
 0.126983D+03
 0.126679D+03
 0.127688D+03
 0.126671D+03
 0.126671D+03
 0.127577D+03
 0.127310D+03
 0.127623D+03
 0.127661D+03
 0.127243D+03
 0.128273D+03
 0.127396D+03
 0.127473D+03
 0.129071D+03
 0.127755D+03
 0.128125D+03
 0.128221D+03
 0.127677D+03
 0.128797D+03
 0.128084D+03
 0.128021D+03
 0.129100D+03
 0.128361D+03
 0.128573D+03
 0.128355D+03
 0.127980D+03
 0.129065D+03
 0.128507D+03
 0.128672D+03
 0.129196D+03
 0.128513D+03
 0.128378D+03
 0.128215D+03
 0.129240D+03
 0.128593D+03
 0.128785D+03
 0.129169D+03
 0.128445D+03
 0.128187D+03
 0.128017D+03
 0.129111D+03
 0.128631D+03
 0.128927D+03
 0.129283D+03
 0.128633D+03
 0.127205D+03
 0.127371D+03
 0.128885D+03
 0.128200D+03
 0.128450D+03
 0.128692D+03
 0.128304D+03
 0.127322D+03
 0.127357D+03
 0.129023D+03
 0.128890D+03
 0.129166D+03
 0.129267D+03
 0.128819D+03
 0.127773D+03
 0.127629D+03
 0.128552D+03
 0.128647D+03
 0.128146D+03
 0.130214D+03
 0.129235D+03
 0.128789D+03
 0.130689D+03
 0.129618D+03
 0.129903D+03
 0.130276D+03
 0.131538D+03
 0.130116D+03
 0.131870D+03
 0.131706D+03
 0.132134D+03
 0.130915D+03
 0.131153D+03
 0.132525D+03
 0.131008D+03
 0.132939D+03
 0.132826D+03
 0.132376D+03
 0.132455D+03
 0.132343D+03
 0.132235D+03
 0.134881D+03
 0.133575D+03
 0.134367D+03
 0.133730D+03
 0.133490D+03
 0.133403D+03
 0.134222D+03
 0.133870D+03
 0.135928D+03
 0.135358D+03
 0.134780D+03
 0.134177D+03
 0.134539D+03
 0.135209D+03
 0.134496D+03
 0.136985D+03
 0.136412D+03
 0.135409D+03
 0.135547D+03
 0.136535D+03
 0.136090D+03
 0.136454D+03
 0.136510D+03
 0.136436D+03
 0.135714D+03
 0.134239D+03
 0.134934D+03
 0.134674D+03
 0.135714D+03
 0.135214D+03
 0.135182D+03
 0.135838D+03
 0.134988D+03
 0.132998D+03
 0.132826D+03
 0.134449D+03
 0.133902D+03
 0.134004D+03
 0.134082D+03
 0.132867D+03
 0.131391D+03
 0.131087D+03
 0.132674D+03
 0.132337D+03
 0.132537D+03
 0.132490D+03
 0.131487D+03
 0.130122D+03
 0.129873D+03
 0.130546D+03
 0.130202D+03
 0.130276D+03
 0.130685D+03
 0.129986D+03
 0.129159D+03
 0.129129D+03
 0.129737D+03
 0.129237D+03
 0.129752D+03
 0.130147D+03
 0.129504D+03
 0.128091D+03
 0.127983D+03
 0.128722D+03
 0.128272D+03
 0.128719D+03
 0.129042D+03
 0.128588D+03
 0.127510D+03
 0.126918D+03
 0.128012D+03
 0.127786D+03
 0.127749D+03
 0.128200D+03
 0.127692D+03
 0.127630D+03
 0.127116D+03
 0.126533D+03
 0.127730D+03
 0.126998D+03
 0.127330D+03
 0.127768D+03
 0.127138D+03
 0.126554D+03
 0.126637D+03
 0.126244D+03
 0.127269D+03
 0.126754D+03
 0.126382D+03
 0.126786D+03
 0.125623D+03
 0.126235D+03
 0.125611D+03
 0.126981D+03
 0.126426D+03
 0.125926D+03
 0.126546D+03
 0.125295D+03
 0.125932D+03
 0.125392D+03
 0.126687D+03
 0.125981D+03
 0.125709D+03
 0.126179D+03
 0.124947D+03
 0.125819D+03
 0.125299D+03
 0.126779D+03
 0.125795D+03
 0.125827D+03
 0.126184D+03
 0.125304D+03
 0.125985D+03
 0.125463D+03
 0.126885D+03
 0.126031D+03
 0.125679D+03
 0.126302D+03
 0.125932D+03
 0.126238D+03
 0.125899D+03
 0.126896D+03
 0.126006D+03
 0.126116D+03
 0.127342D+03
 0.126605D+03
 0.126784D+03
 0.126647D+03
 0.126301D+03
 0.127346D+03
 0.126333D+03
 0.126316D+03
 0.127431D+03
 0.126952D+03
 0.127325D+03
 0.127222D+03
 0.126542D+03
 0.127479D+03
 0.126854D+03
 0.126890D+03
 0.128028D+03
 0.127149D+03
 0.127480D+03
 0.127230D+03
 0.127010D+03
 0.127979D+03
 0.127380D+03
 0.127214D+03
 0.127922D+03
 0.127501D+03
 0.127697D+03
 0.127333D+03
 0.127153D+03
 0.128638D+03
 0.127535D+03
 0.127880D+03
 0.128483D+03
 0.127809D+03
 0.127419D+03
 0.127369D+03
 0.128638D+03
 0.128052D+03
 0.128147D+03
 0.128580D+03
 0.127972D+03
 0.127093D+03
 0.127440D+03
 0.128672D+03
 0.128159D+03
 0.128430D+03
 0.129055D+03
 0.128405D+03
 0.127808D+03
 0.127646D+03
 0.128884D+03
 0.129082D+03
 0.129277D+03
 0.129946D+03
 0.129287D+03
 0.128294D+03
 0.128181D+03
 0.128561D+03
 0.128992D+03
 0.128634D+03
 0.130862D+03
 0.129834D+03
 0.129038D+03
 0.131364D+03
 0.129775D+03
 0.130084D+03
 0.130479D+03
 0.132099D+03
 0.130886D+03
 0.132547D+03
 0.132412D+03
 0.132190D+03
 0.131278D+03
 0.131581D+03
 0.133226D+03
 0.132006D+03
 0.133810D+03
 0.133424D+03
 0.133408D+03
 0.132432D+03
 0.132604D+03
 0.133039D+03
 0.135010D+03
 0.134136D+03
 0.134736D+03
 0.134017D+03
 0.133772D+03
 0.133588D+03
 0.135497D+03
 0.134303D+03
 0.136003D+03
 0.135488D+03
 0.134805D+03
 0.134877D+03
 0.135774D+03
 0.135283D+03
 0.136955D+03
 0.136443D+03
 0.135432D+03
 0.135898D+03
 0.136183D+03
 0.136961D+03
 0.136581D+03
 0.137738D+03
 0.136776D+03
 0.136270D+03
 0.137528D+03
 0.137045D+03
 0.137451D+03
 0.137096D+03
 0.137947D+03
 0.137138D+03
 0.136891D+03
 0.137952D+03
 0.137928D+03
 0.137863D+03
 0.137515D+03
 0.138284D+03
 0.137647D+03
 0.137401D+03
 0.137976D+03
 0.137974D+03
 0.137767D+03
 0.138182D+03
 0.137332D+03
 0.137546D+03
 0.137920D+03
 0.138023D+03
 0.137585D+03
 0.138207D+03
 0.137502D+03
 0.137567D+03
 0.138055D+03
 0.137058D+03
 0.137283D+03
 0.138053D+03
 0.137286D+03
 0.137356D+03
 0.137193D+03
 0.136527D+03
 0.136711D+03
 0.137314D+03
 0.136537D+03
 0.136779D+03
 0.137021D+03
 0.135936D+03
 0.136035D+03
 0.137254D+03
 0.136306D+03
 0.136604D+03
 0.137265D+03
 0.136070D+03
 0.133872D+03
 0.134341D+03
 0.134238D+03
 0.135597D+03
 0.135184D+03
 0.134970D+03
 0.135987D+03
 0.134826D+03
 0.133006D+03
 0.132910D+03
 0.133851D+03
 0.133414D+03
 0.133677D+03
 0.134545D+03
 0.133474D+03
 0.132361D+03
 0.131954D+03
 0.132395D+03
 0.131873D+03
 0.131954D+03
 0.132569D+03
 0.132602D+03
 0.131075D+03
 0.130535D+03
 0.131247D+03
 0.130798D+03
 0.131128D+03
 0.131688D+03
 0.131409D+03
 0.129640D+03
 0.129380D+03
 0.129980D+03
 0.129524D+03
 0.129987D+03
 0.130660D+03
 0.130121D+03
 0.128657D+03
 0.128534D+03
 0.129136D+03
 0.128537D+03
 0.128859D+03
 0.129508D+03
 0.129044D+03
 0.128038D+03
 0.127638D+03
 0.128328D+03
 0.127933D+03
 0.128279D+03
 0.129150D+03
 0.128426D+03
 0.128430D+03
 0.127608D+03
 0.127268D+03
 0.127733D+03
 0.127311D+03
 0.127449D+03
 0.128539D+03
 0.127917D+03
 0.127346D+03
 0.127043D+03
 0.126739D+03
 0.127388D+03
 0.126687D+03
 0.126688D+03
 0.127521D+03
 0.126365D+03
 0.126641D+03
 0.126230D+03
 0.127038D+03
 0.126294D+03
 0.125969D+03
 0.127125D+03
 0.125999D+03
 0.126573D+03
 0.125954D+03
 0.126525D+03
 0.125803D+03
 0.125761D+03
 0.126800D+03
 0.125677D+03
 0.126198D+03
 0.125815D+03
 0.126559D+03
 0.125640D+03
 0.125325D+03
 0.126663D+03
 0.125493D+03
 0.125860D+03
 0.125704D+03
 0.126262D+03
 0.125615D+03
 0.125560D+03
 0.126514D+03
 0.125807D+03
 0.125997D+03
 0.125417D+03
 0.126437D+03
 0.125789D+03
 0.125275D+03
 0.126625D+03
 0.125942D+03
 0.126005D+03
 0.125698D+03
 0.126760D+03
 0.126003D+03
 0.125867D+03
 0.127415D+03
 0.126370D+03
 0.126402D+03
 0.125959D+03
 0.125728D+03
 0.126978D+03
 0.126338D+03
 0.126223D+03
 0.127171D+03
 0.126583D+03
 0.126822D+03
 0.126413D+03
 0.126066D+03
 0.127610D+03
 0.126879D+03
 0.126955D+03
 0.127402D+03
 0.127086D+03
 0.126658D+03
 0.126816D+03
 0.128015D+03
 0.127298D+03
 0.127488D+03
 0.128150D+03
 0.127442D+03
 0.126751D+03
 0.127073D+03
 0.128505D+03
 0.127748D+03
 0.128034D+03
 0.128636D+03
 0.128105D+03
 0.138187D+03
 0.136158D+03
 0.137297D+03
 0.136713D+03
 0.135724D+03
 0.137249D+03
 0.137446D+03
 0.136988D+03
 0.137785D+03
 0.136987D+03
 0.136376D+03
 0.138489D+03
 0.137941D+03
 0.138255D+03
 0.137965D+03
 0.137856D+03
 0.137249D+03
 0.137003D+03
 0.138910D+03
 0.138219D+03
 0.138346D+03
 0.137871D+03
 0.138154D+03
 0.137332D+03
 0.137202D+03
 0.138598D+03
 0.138261D+03
 0.137220D+03
 0.137340D+03
 0.137973D+03
 0.137877D+03
 0.138115D+03
 0.137261D+03
 0.137199D+03
 0.137137D+03
 0.137197D+03
 0.138260D+03
 0.137342D+03
 0.137359D+03
 0.136986D+03
 0.137213D+03
 0.137071D+03
 0.137721D+03
 0.136880D+03
 0.137020D+03
 0.137379D+03
 0.136083D+03
 0.136870D+03
 0.136455D+03
 0.136903D+03
 0.136334D+03
 0.136412D+03
 0.137875D+03
 0.137128D+03
 0.135465D+03
 0.135406D+03
 0.135635D+03
 0.135237D+03
 0.135110D+03
 0.136913D+03
 0.136114D+03
 0.134453D+03
 0.134313D+03
 0.134087D+03
 0.134181D+03
 0.134004D+03
 0.135583D+03
 0.135064D+03
 0.133193D+03
 0.132835D+03
 0.133135D+03
 0.132576D+03
 0.132809D+03
 0.133989D+03
 0.133766D+03
 0.132007D+03
 0.131615D+03
 0.131740D+03
 0.131348D+03
 0.131509D+03
 0.132731D+03
 0.132378D+03
 0.130549D+03
 0.130317D+03
 0.130522D+03
 0.129968D+03
 0.130338D+03
 0.131433D+03
 0.131156D+03
 0.129626D+03
 0.129445D+03
 0.129523D+03
 0.129054D+03
 0.129466D+03
 0.130420D+03
 0.130178D+03
 0.129158D+03
 0.128759D+03
 0.128973D+03
 0.128245D+03
 0.128703D+03
 0.129696D+03
 0.128730D+03
 0.128174D+03
 0.128074D+03
 0.127743D+03
 0.127809D+03
 0.128957D+03
 0.128130D+03
 0.127985D+03
 0.127539D+03
 0.127800D+03
 0.127301D+03
 0.126888D+03
 0.128565D+03
 0.127298D+03
 0.127683D+03
 0.127010D+03
 0.127268D+03
 0.126457D+03
 0.126126D+03
 0.128312D+03
 0.126707D+03
 0.127024D+03
 0.126842D+03
 0.126928D+03
 0.126011D+03
 0.125580D+03
 0.127706D+03
 0.126291D+03
 0.126766D+03
 0.126532D+03
 0.126419D+03
 0.125661D+03
 0.125285D+03
 0.127577D+03
 0.126147D+03
 0.126517D+03
 0.126188D+03
 0.126268D+03
 0.125226D+03
 0.125188D+03
 0.127315D+03
 0.126224D+03
 0.126495D+03
 0.125973D+03
 0.126154D+03
 0.125519D+03
 0.125109D+03
 0.126629D+03
 0.126665D+03
 0.126349D+03
 0.126174D+03
 0.126496D+03
 0.125520D+03
 0.125437D+03
 0.127498D+03
 0.126768D+03
 0.126787D+03
 0.126415D+03
 0.126859D+03
 0.126346D+03
 0.126038D+03
 0.126913D+03
 0.127442D+03
 0.126897D+03
 0.126839D+03
 0.127471D+03
 0.126690D+03
 0.126814D+03
 0.128292D+03
 0.127836D+03
 0.127018D+03
 0.127342D+03
 0.128221D+03
 0.127491D+03
 0.127411D+03
 0.128793D+03
 0.128395D+03
 0.138051D+03
 0.137038D+03
 0.137262D+03
 0.138625D+03
 0.138384D+03
 0.138265D+03
 0.137560D+03
 0.137300D+03
 0.138665D+03
 0.138267D+03
 0.138269D+03
 0.137500D+03
 0.137307D+03
 0.138054D+03
 0.137818D+03
 0.138094D+03
 0.137480D+03
 0.137337D+03
 0.137369D+03
 0.137198D+03
 0.137398D+03
 0.137002D+03
 0.136833D+03
 0.136231D+03
 0.136124D+03
 0.136919D+03
 0.136297D+03
 0.136430D+03
 0.135046D+03
 0.135490D+03
 0.135003D+03
 0.135303D+03
 0.133680D+03
 0.134014D+03
 0.133491D+03
 0.133664D+03
 0.132497D+03
 0.131808D+03
 0.132320D+03
 0.131305D+03
 0.130675D+03
 0.130949D+03
 0.130524D+03
 0.130124D+03
 0.129781D+03
 0.130141D+03
 0.129723D+03
 0.129426D+03
 0.128849D+03
 0.129304D+03
 0.129247D+03
 0.129014D+03
 0.128160D+03
 0.128365D+03
 0.128712D+03
 0.128269D+03
 0.127667D+03
 0.127481D+03
 0.128141D+03
 0.127789D+03
 0.126871D+03
 0.126486D+03
 0.127676D+03
 0.127329D+03
 0.126358D+03
 0.126167D+03
 0.127247D+03
 0.126958D+03
 0.126136D+03
 0.125616D+03
