 0.123614D+03
 0.128331D+03
 0.128118D+03
 0.123925D+03
 0.128856D+03
 0.128356D+03
 0.124185D+03
 0.129048D+03
 0.128825D+03
 0.124662D+03
 0.129487D+03
 0.129205D+03
 0.125110D+03
 0.129915D+03
 0.129804D+03
 0.125595D+03
 0.130755D+03
 0.130417D+03
 0.125850D+03
 0.130925D+03
 0.130731D+03
 0.124321D+03
 0.128941D+03
 0.128554D+03
 0.124283D+03
 0.129106D+03
 0.128718D+03
 0.124474D+03
 0.129471D+03
 0.129179D+03
 0.124804D+03
 0.129769D+03
 0.129507D+03
 0.125360D+03
 0.130162D+03
 0.129931D+03
 0.125874D+03
 0.130713D+03
 0.130564D+03
 0.126322D+03
 0.131131D+03
 0.130981D+03
 0.126565D+03
 0.131627D+03
 0.131477D+03
 0.128678D+03
 0.127412D+03
 0.132360D+03
 0.132042D+03
 0.137072D+03
 0.135949D+03
 0.140515D+03
 0.137657D+03
 0.136384D+03
 0.141323D+03
 0.137804D+03
 0.136564D+03
 0.141511D+03
 0.141580D+03
 0.126589D+03
 0.125538D+03
 0.129671D+03
 0.130038D+03
 0.126424D+03
 0.125267D+03
 0.129425D+03
 0.129576D+03
 0.126222D+03
 0.124982D+03
 0.129207D+03
 0.129387D+03
 0.126201D+03
 0.124997D+03
 0.129284D+03
 0.129375D+03
 0.126070D+03
 0.124999D+03
 0.129462D+03
 0.129324D+03
 0.126117D+03
 0.125238D+03
 0.129499D+03
 0.129445D+03
 0.126413D+03
 0.125281D+03
 0.129865D+03
 0.129697D+03
 0.126600D+03
 0.125526D+03
 0.130062D+03
 0.130158D+03
 0.127174D+03
 0.126049D+03
 0.130549D+03
 0.130374D+03
 0.127549D+03
 0.126543D+03
 0.131215D+03
 0.130901D+03
 0.127913D+03
 0.126881D+03
 0.131588D+03
 0.131288D+03
 0.128401D+03
 0.127195D+03
 0.131930D+03
 0.131680D+03
 0.129195D+03
 0.128163D+03
 0.132559D+03
 0.132119D+03
 0.137568D+03
 0.136784D+03
 0.140947D+03
 0.138187D+03
 0.137118D+03
 0.141227D+03
 0.138320D+03
 0.137283D+03
 0.141880D+03
 0.141736D+03
 0.138589D+03
 0.137462D+03
 0.141689D+03
 0.141858D+03
 0.128642D+03
 0.127694D+03
 0.131613D+03
 0.131907D+03
 0.127952D+03
 0.127301D+03
 0.130741D+03
 0.131157D+03
 0.127434D+03
 0.126582D+03
 0.130050D+03
 0.130427D+03
 0.127058D+03
 0.126162D+03
 0.129693D+03
 0.130089D+03
 0.126860D+03
 0.125892D+03
 0.129632D+03
 0.130028D+03
 0.126731D+03
 0.126060D+03
 0.129670D+03
 0.129340D+03
 0.126756D+03
 0.125965D+03
 0.129721D+03
 0.129428D+03
 0.126813D+03
 0.125837D+03
 0.130005D+03
 0.129613D+03
 0.127012D+03
 0.126099D+03
 0.130050D+03
 0.129959D+03
 0.127191D+03
 0.126350D+03
 0.130426D+03
 0.130200D+03
 0.127716D+03
 0.126723D+03
 0.130858D+03
 0.130466D+03
 0.127926D+03
 0.127010D+03
 0.131426D+03
 0.130987D+03
 0.128200D+03
 0.127429D+03
 0.131740D+03
 0.131573D+03
 0.128872D+03
 0.127842D+03
 0.132243D+03
 0.131869D+03
 0.129532D+03
 0.128900D+03
 0.132589D+03
 0.132201D+03
 0.129978D+03
 0.129242D+03
 0.133174D+03
 0.132475D+03
 0.130499D+03
 0.129574D+03
 0.133620D+03
 0.133038D+03
 0.131113D+03
 0.130472D+03
 0.134496D+03
 0.133803D+03
 0.131908D+03
 0.131246D+03
 0.134809D+03
 0.134695D+03
 0.133177D+03
 0.132479D+03
 0.135495D+03
 0.135772D+03
 0.134492D+03
 0.133668D+03
 0.136167D+03
 0.135394D+03
 0.134939D+03
 0.137483D+03
 0.136621D+03
 0.136225D+03
 0.139040D+03
 0.137296D+03
 0.136915D+03
 0.140502D+03
 0.138142D+03
 0.137374D+03
 0.141019D+03
 0.138647D+03
 0.137990D+03
 0.141462D+03
 0.138680D+03
 0.138365D+03
 0.142122D+03
 0.141950D+03
 0.139131D+03
 0.138222D+03
 0.141831D+03
 0.142064D+03
 0.138839D+03
 0.138179D+03
 0.142566D+03
 0.141757D+03
 0.138518D+03
 0.137890D+03
 0.142097D+03
 0.141518D+03
 0.137760D+03
 0.136972D+03
 0.141223D+03
 0.140884D+03
 0.136481D+03
 0.135917D+03
 0.140126D+03
 0.139438D+03
 0.134824D+03
 0.134314D+03
 0.138101D+03
 0.137978D+03
 0.133263D+03
 0.132393D+03
 0.136360D+03
 0.136159D+03
 0.131675D+03
 0.131038D+03
 0.134762D+03
 0.134560D+03
 0.130386D+03
 0.129753D+03
 0.133198D+03
 0.133261D+03
 0.129190D+03
 0.128624D+03
 0.131983D+03
 0.132206D+03
 0.128479D+03
 0.127849D+03
 0.131106D+03
 0.131191D+03
 0.128002D+03
 0.127506D+03
 0.130391D+03
 0.130852D+03
 0.127830D+03
 0.127196D+03
 0.130203D+03
 0.130612D+03
 0.127656D+03
 0.126956D+03
 0.130050D+03
 0.129993D+03
 0.127478D+03
 0.126827D+03
 0.129974D+03
 0.129833D+03
 0.127467D+03
 0.126938D+03
 0.130188D+03
 0.129738D+03
 0.127481D+03
 0.127046D+03
 0.130264D+03
 0.129823D+03
 0.127598D+03
 0.127131D+03
 0.130399D+03
 0.129895D+03
 0.127903D+03
 0.127023D+03
 0.130684D+03
 0.130226D+03
 0.128348D+03
 0.127580D+03
 0.131062D+03
 0.130784D+03
 0.128567D+03
 0.127792D+03
 0.131575D+03
 0.131197D+03
 0.129004D+03
 0.128179D+03
 0.132137D+03
 0.131690D+03
 0.129281D+03
 0.128604D+03
 0.132505D+03
 0.132037D+03
 0.129853D+03
 0.129549D+03
 0.132938D+03
 0.132252D+03
 0.130223D+03
 0.130113D+03
 0.133259D+03
 0.132843D+03
 0.130679D+03
 0.130397D+03
 0.134063D+03
 0.133252D+03
 0.131538D+03
 0.131220D+03
 0.134763D+03
 0.134052D+03
 0.132396D+03
 0.132109D+03
 0.135329D+03
 0.134888D+03
 0.133677D+03
 0.133295D+03
 0.135859D+03
 0.136026D+03
 0.134809D+03
 0.134569D+03
 0.136365D+03
 0.135988D+03
 0.135530D+03
 0.137640D+03
 0.136883D+03
 0.136807D+03
 0.138910D+03
 0.137639D+03
 0.137582D+03
 0.140490D+03
 0.138712D+03
 0.137912D+03
 0.141053D+03
 0.138820D+03
 0.138508D+03
 0.141307D+03
 0.139226D+03
 0.138995D+03
 0.142273D+03
 0.141662D+03
 0.139012D+03
 0.138745D+03
 0.142042D+03
 0.141756D+03
 0.139106D+03
 0.138551D+03
 0.142496D+03
 0.141589D+03
 0.138502D+03
 0.138227D+03
 0.141948D+03
 0.141169D+03
 0.137584D+03
 0.137361D+03
 0.141190D+03
 0.140700D+03
 0.136654D+03
 0.136461D+03
 0.140016D+03
 0.139436D+03
 0.135166D+03
 0.134652D+03
 0.138398D+03
 0.137792D+03
 0.133411D+03
 0.133150D+03
 0.136592D+03
 0.135955D+03
 0.132064D+03
 0.131764D+03
 0.134940D+03
 0.134846D+03
 0.130710D+03
 0.130341D+03
 0.133568D+03
 0.133384D+03
 0.129652D+03
 0.129401D+03
 0.132416D+03
 0.132293D+03
 0.128874D+03
 0.128514D+03
 0.131473D+03
 0.131648D+03
 0.128372D+03
 0.128174D+03
 0.130910D+03
 0.131097D+03
 0.128249D+03
 0.127899D+03
 0.130388D+03
 0.130644D+03
 0.127823D+03
 0.127789D+03
 0.130530D+03
 0.130258D+03
 0.127714D+03
 0.127480D+03
 0.130457D+03
 0.130086D+03
 0.127829D+03
 0.127418D+03
 0.130511D+03
 0.129890D+03
 0.127754D+03
 0.127462D+03
 0.130532D+03
 0.129879D+03
 0.127907D+03
 0.127869D+03
 0.130641D+03
 0.129954D+03
 0.128047D+03
 0.127873D+03
 0.131023D+03
 0.130210D+03
 0.128570D+03
 0.128020D+03
 0.131111D+03
 0.130835D+03
 0.128721D+03
 0.128496D+03
 0.131704D+03
 0.131148D+03
 0.129023D+03
 0.128856D+03
 0.132040D+03
 0.131528D+03
 0.129538D+03
 0.129099D+03
 0.132460D+03
 0.132017D+03
 0.129894D+03
 0.129880D+03
 0.133065D+03
 0.132205D+03
 0.130261D+03
 0.130084D+03
 0.133524D+03
 0.132746D+03
 0.130992D+03
 0.130681D+03
 0.134363D+03
 0.133415D+03
 0.131715D+03
 0.131619D+03
 0.135008D+03
 0.134146D+03
 0.132730D+03
 0.132518D+03
 0.135524D+03
 0.135101D+03
 0.133758D+03
 0.133593D+03
 0.136121D+03
 0.135696D+03
 0.134912D+03
 0.135075D+03
 0.137339D+03
 0.136155D+03
 0.135883D+03
 0.138423D+03
 0.137134D+03
 0.137011D+03
 0.139951D+03
 0.137865D+03
 0.137942D+03
 0.140197D+03
 0.138281D+03
 0.138248D+03
 0.140867D+03
 0.138908D+03
 0.138493D+03
 0.141521D+03
 0.138936D+03
 0.138797D+03
 0.142300D+03
 0.141373D+03
 0.139147D+03
 0.138963D+03
 0.142167D+03
 0.141575D+03
 0.138942D+03
 0.138724D+03
 0.142433D+03
 0.141387D+03
 0.138375D+03
 0.138117D+03
 0.141933D+03
 0.140998D+03
 0.137702D+03
 0.137455D+03
 0.141325D+03
 0.140239D+03
 0.136529D+03
 0.136253D+03
 0.139980D+03
 0.139158D+03
 0.135120D+03
 0.134891D+03
 0.138542D+03
 0.137784D+03
 0.133647D+03
 0.133438D+03
 0.136887D+03
 0.136255D+03
 0.132279D+03
 0.132065D+03
 0.135225D+03
 0.134862D+03
 0.130845D+03
 0.130873D+03
 0.133686D+03
 0.133570D+03
 0.129837D+03
 0.129599D+03
 0.132644D+03
 0.132521D+03
 0.129170D+03
 0.128985D+03
 0.131778D+03
 0.131719D+03
 0.128556D+03
 0.128539D+03
 0.131152D+03
 0.131178D+03
 0.128306D+03
 0.128291D+03
 0.130693D+03
 0.130640D+03
 0.128118D+03
 0.127950D+03
 0.130834D+03
 0.130252D+03
 0.127828D+03
 0.127841D+03
 0.130612D+03
 0.129945D+03
 0.127921D+03
 0.127566D+03
 0.130558D+03
 0.129798D+03
 0.128057D+03
 0.127676D+03
 0.130702D+03
 0.129833D+03
 0.127851D+03
 0.127736D+03
 0.130769D+03
 0.129866D+03
 0.127847D+03
 0.127974D+03
 0.130977D+03
 0.130219D+03
 0.128410D+03
 0.128077D+03
 0.131396D+03
 0.130550D+03
 0.128654D+03
 0.128734D+03
 0.131693D+03
 0.130946D+03
 0.129113D+03
 0.128838D+03
 0.132184D+03
 0.131454D+03
 0.129496D+03
 0.129209D+03
 0.132659D+03
 0.131760D+03
 0.130015D+03
 0.129863D+03
 0.133117D+03
 0.132311D+03
 0.130536D+03
 0.130475D+03
 0.133610D+03
 0.132767D+03
 0.131045D+03
 0.130956D+03
 0.134482D+03
 0.133503D+03
 0.131836D+03
 0.131721D+03
 0.135466D+03
 0.134287D+03
 0.132732D+03
 0.132688D+03
 0.135621D+03
 0.135244D+03
 0.133880D+03
 0.134046D+03
 0.136513D+03
 0.136392D+03
 0.135055D+03
 0.134950D+03
 0.137889D+03
 0.136177D+03
 0.136229D+03
 0.138585D+03
 0.137138D+03
 0.137139D+03
 0.139717D+03
 0.137880D+03
 0.137666D+03
 0.140070D+03
 0.138486D+03
 0.138069D+03
 0.140934D+03
 0.138545D+03
 0.138703D+03
 0.141284D+03
 0.139062D+03
 0.138634D+03
 0.142322D+03
 0.141228D+03
 0.138807D+03
 0.138751D+03
 0.142207D+03
 0.141252D+03
 0.138630D+03
 0.138471D+03
 0.142226D+03
 0.141005D+03
 0.138244D+03
 0.137924D+03
 0.141971D+03
 0.140596D+03
 0.137460D+03
 0.137261D+03
 0.141163D+03
 0.139958D+03
 0.136310D+03
 0.136289D+03
 0.140060D+03
 0.138977D+03
 0.135066D+03
 0.135011D+03
 0.138420D+03
 0.137589D+03
 0.133606D+03
 0.133639D+03
 0.136907D+03
 0.136223D+03
 0.132005D+03
 0.131972D+03
 0.135141D+03
 0.134890D+03
 0.130832D+03
 0.130535D+03
 0.134055D+03
 0.133614D+03
 0.129750D+03
 0.129651D+03
 0.132686D+03
 0.132512D+03
 0.129082D+03
 0.129194D+03
 0.131831D+03
 0.131744D+03
 0.128640D+03
 0.128543D+03
 0.131338D+03
 0.131035D+03
 0.128283D+03
 0.128309D+03
 0.130986D+03
 0.130583D+03
 0.128139D+03
 0.127981D+03
 0.130756D+03
 0.130330D+03
 0.127924D+03
 0.127796D+03
 0.130859D+03
 0.129904D+03
 0.127970D+03
 0.127592D+03
 0.130765D+03
 0.129753D+03
 0.127773D+03
 0.127518D+03
 0.130708D+03
 0.129675D+03
 0.127962D+03
 0.127674D+03
 0.130786D+03
 0.129786D+03
 0.128089D+03
 0.127784D+03
 0.131138D+03
 0.129916D+03
 0.128208D+03
 0.128094D+03
 0.131287D+03
 0.130253D+03
 0.128624D+03
 0.128425D+03
 0.131795D+03
 0.130770D+03
 0.129024D+03
 0.128959D+03
 0.132081D+03
 0.131250D+03
 0.129517D+03
 0.129316D+03
 0.132678D+03
 0.131710D+03
 0.130088D+03
 0.129687D+03
 0.133206D+03
 0.132396D+03
 0.130713D+03
 0.130353D+03
 0.134065D+03
 0.132963D+03
 0.131370D+03
 0.131043D+03
 0.134471D+03
 0.133670D+03
 0.131948D+03
 0.131687D+03
 0.135413D+03
 0.134437D+03
 0.132916D+03
 0.132769D+03
 0.135602D+03
 0.135283D+03
 0.134152D+03
 0.133672D+03
 0.136551D+03
 0.136376D+03
 0.135096D+03
 0.134863D+03
 0.137629D+03
 0.136242D+03
 0.135885D+03
 0.138402D+03
 0.136987D+03
 0.136743D+03
 0.139409D+03
 0.137650D+03
 0.137462D+03
 0.139917D+03
 0.138223D+03
 0.137909D+03
 0.140449D+03
 0.138506D+03
 0.138496D+03
 0.140983D+03
 0.138628D+03
 0.138275D+03
 0.142161D+03
 0.141108D+03
 0.138628D+03
 0.138523D+03
 0.142249D+03
 0.141157D+03
 0.138473D+03
 0.138194D+03
 0.142262D+03
 0.140995D+03
 0.138121D+03
 0.137603D+03
 0.141878D+03
 0.140540D+03
 0.137350D+03
 0.137245D+03
 0.141140D+03
 0.139813D+03
 0.136466D+03
 0.136254D+03
 0.140103D+03
 0.138808D+03
 0.135136D+03
 0.134797D+03
 0.138704D+03
 0.137745D+03
 0.133637D+03
 0.133639D+03
 0.137183D+03
 0.136189D+03
 0.132237D+03
 0.131860D+03
 0.135552D+03
 0.134757D+03
 0.130769D+03
 0.130624D+03
 0.134026D+03
 0.133430D+03
 0.129816D+03
 0.129420D+03
 0.132725D+03
 0.132418D+03
 0.128895D+03
 0.128766D+03
 0.131622D+03
 0.131570D+03
 0.128503D+03
 0.128340D+03
 0.131235D+03
 0.130962D+03
 0.128114D+03
 0.128002D+03
 0.130850D+03
 0.130395D+03
 0.127790D+03
 0.127869D+03
 0.130572D+03
 0.130071D+03
 0.127813D+03
 0.127493D+03
 0.130848D+03
 0.129758D+03
 0.127564D+03
 0.127353D+03
 0.130611D+03
 0.129471D+03
 0.127470D+03
 0.127436D+03
 0.130787D+03
 0.129550D+03
 0.127602D+03
 0.127334D+03
 0.130842D+03
 0.129641D+03
 0.127980D+03
 0.127783D+03
 0.131037D+03
 0.129853D+03
 0.128090D+03
 0.127980D+03
 0.131248D+03
 0.130219D+03
 0.128565D+03
 0.128159D+03
 0.131863D+03
 0.130698D+03
 0.129124D+03
 0.128934D+03
 0.132176D+03
 0.131257D+03
 0.129468D+03
 0.129416D+03
 0.132866D+03
 0.131755D+03
 0.130309D+03
 0.130040D+03
 0.133429D+03
 0.132306D+03
 0.130651D+03
 0.130486D+03
 0.134217D+03
 0.132943D+03
 0.131176D+03
 0.130953D+03
 0.134688D+03
 0.133490D+03
 0.131977D+03
 0.131712D+03
 0.135483D+03
 0.134275D+03
 0.132980D+03
 0.132539D+03
 0.135771D+03
 0.135183D+03
 0.133770D+03
 0.133542D+03
 0.136646D+03
 0.136167D+03
 0.134782D+03
 0.134483D+03
 0.137250D+03
 0.138013D+03
 0.137707D+03
 0.140109D+03
 0.138349D+03
 0.138027D+03
 0.140731D+03
 0.138513D+03
 0.138133D+03
 0.141840D+03
 0.140880D+03
 0.138466D+03
 0.138011D+03
 0.141810D+03
 0.140783D+03
 0.138223D+03
 0.138034D+03
 0.142098D+03
 0.140727D+03
 0.137910D+03
 0.137665D+03
 0.141526D+03
 0.140299D+03
 0.137476D+03
 0.137082D+03
 0.141059D+03
 0.139583D+03
 0.136353D+03
 0.136077D+03
 0.140036D+03
 0.138692D+03
 0.135015D+03
 0.134777D+03
 0.138733D+03
 0.137413D+03
 0.133802D+03
 0.133368D+03
 0.136937D+03
 0.136120D+03
 0.132201D+03
 0.131927D+03
 0.135242D+03
 0.134649D+03
 0.130638D+03
 0.130256D+03
 0.133710D+03
 0.133194D+03
 0.127636D+03
 0.127239D+03
 0.130539D+03
 0.132110D+03
 0.126678D+03
 0.126403D+03
 0.129333D+03
 0.131244D+03
 0.126243D+03
 0.126276D+03
 0.128676D+03
 0.130560D+03
 0.127634D+03
 0.127552D+03
 0.130446D+03
 0.130157D+03
 0.127664D+03
 0.127447D+03
 0.130626D+03
 0.129814D+03
 0.127395D+03
 0.127266D+03
 0.130458D+03
 0.129514D+03
 0.127547D+03
 0.127417D+03
 0.130577D+03
 0.129278D+03
 0.127446D+03
 0.127088D+03
 0.130784D+03
 0.129162D+03
 0.127513D+03
 0.127352D+03
 0.130798D+03
 0.129307D+03
 0.127683D+03
 0.127533D+03
 0.131016D+03
 0.129561D+03
 0.128082D+03
 0.127769D+03
 0.131072D+03
 0.130052D+03
 0.128570D+03
 0.128315D+03
 0.131852D+03
 0.130547D+03
 0.128984D+03
 0.128699D+03
 0.132383D+03
 0.131107D+03
 0.129697D+03
 0.129323D+03
 0.132871D+03
 0.131757D+03
 0.129975D+03
 0.129849D+03
 0.133509D+03
 0.132264D+03
 0.130797D+03
 0.130265D+03
 0.133690D+03
 0.132908D+03
 0.131006D+03
 0.130544D+03
 0.134500D+03
 0.133052D+03
 0.131703D+03
 0.131071D+03
 0.135010D+03
 0.133888D+03
 0.137625D+03
 0.137428D+03
 0.139888D+03
 0.138067D+03
 0.137827D+03
 0.140380D+03
 0.138475D+03
 0.137774D+03
 0.141525D+03
 0.140705D+03
 0.138232D+03
 0.137969D+03
 0.141784D+03
 0.140642D+03
 0.138370D+03
 0.138057D+03
 0.142023D+03
 0.140711D+03
 0.137944D+03
 0.137646D+03
 0.141683D+03
 0.140217D+03
 0.137407D+03
 0.136964D+03
 0.141040D+03
 0.139896D+03
 0.136251D+03
 0.135950D+03
 0.139965D+03
 0.139052D+03
 0.134934D+03
 0.134638D+03
 0.138488D+03
 0.137753D+03
 0.133532D+03
 0.133091D+03
 0.136787D+03
 0.136165D+03
 0.129961D+03
 0.129698D+03
 0.133122D+03
 0.134075D+03
 0.128416D+03
 0.128021D+03
 0.131298D+03
 0.132735D+03
 0.127043D+03
 0.126856D+03
 0.130137D+03
 0.131153D+03
 0.126072D+03
 0.126022D+03
 0.129007D+03
 0.130381D+03
 0.125602D+03
 0.125288D+03
 0.128240D+03
 0.129938D+03
 0.125267D+03
 0.124765D+03
 0.128076D+03
 0.129543D+03
 0.127317D+03
 0.127147D+03
 0.130176D+03
 0.129334D+03
 0.127171D+03
 0.126898D+03
 0.130139D+03
 0.129522D+03
 0.127323D+03
 0.127197D+03
 0.130363D+03
 0.129227D+03
 0.127276D+03
 0.126725D+03
 0.130436D+03
 0.129082D+03
 0.127227D+03
 0.127062D+03
 0.130533D+03
 0.129159D+03
 0.127543D+03
 0.127400D+03
 0.130815D+03
 0.129412D+03
 0.127887D+03
 0.127537D+03
 0.131106D+03
 0.130138D+03
 0.128485D+03
 0.128357D+03
 0.131666D+03
 0.130745D+03
 0.129019D+03
 0.128713D+03
 0.132259D+03
 0.131163D+03
 0.129761D+03
 0.129087D+03
 0.132876D+03
 0.131565D+03
 0.129698D+03
 0.129493D+03
 0.133035D+03
 0.132180D+03
 0.130003D+03
 0.129751D+03
 0.133421D+03
 0.132426D+03
 0.137116D+03
 0.136868D+03
 0.139919D+03
 0.137746D+03
 0.137388D+03
 0.140391D+03
 0.137878D+03
 0.137651D+03
 0.141363D+03
 0.140648D+03
 0.138243D+03
 0.137941D+03
 0.141616D+03
 0.140773D+03
 0.138066D+03
 0.137887D+03
 0.142128D+03
 0.141008D+03
 0.137976D+03
 0.137529D+03
 0.141712D+03
 0.140478D+03
 0.137407D+03
 0.136849D+03
 0.141116D+03
 0.139988D+03
 0.136206D+03
 0.135935D+03
 0.139992D+03
 0.138874D+03
 0.133421D+03
 0.134586D+03
 0.138173D+03
 0.137605D+03
 0.131438D+03
 0.131176D+03
 0.134700D+03
 0.135824D+03
 0.129453D+03
 0.129060D+03
 0.132504D+03
 0.133689D+03
 0.124383D+03
 0.124546D+03
 0.127043D+03
 0.128623D+03
 0.126452D+03
 0.126430D+03
 0.129680D+03
 0.128739D+03
 0.126870D+03
 0.126651D+03
 0.129911D+03
 0.128794D+03
 0.126795D+03
 0.126575D+03
 0.130106D+03
 0.129024D+03
 0.126851D+03
 0.126659D+03
 0.130093D+03
 0.129053D+03
 0.127120D+03
 0.126808D+03
 0.130102D+03
 0.129183D+03
 0.127355D+03
 0.127168D+03
 0.130628D+03
 0.129521D+03
 0.127833D+03
 0.127476D+03
 0.131027D+03
 0.129956D+03
 0.128252D+03
 0.128105D+03
 0.131502D+03
 0.130611D+03
 0.128745D+03
 0.128789D+03
 0.132150D+03
 0.131268D+03
 0.129484D+03
 0.129055D+03
 0.132671D+03
 0.131610D+03
 0.129174D+03
 0.128950D+03
 0.132539D+03
 0.131547D+03
 0.137450D+03
 0.137393D+03
 0.140314D+03
 0.138141D+03
 0.138055D+03
 0.141404D+03
 0.140727D+03
 0.138121D+03
 0.137954D+03
 0.141585D+03
 0.141073D+03
 0.138226D+03
 0.138018D+03
 0.141987D+03
 0.140911D+03
 0.137694D+03
 0.137341D+03
 0.141667D+03
 0.140446D+03
 0.136957D+03
 0.136831D+03
 0.140739D+03
 0.139804D+03
 0.134536D+03
 0.134113D+03
 0.137952D+03
 0.138298D+03
 0.133077D+03
 0.132716D+03
 0.136250D+03
 0.136838D+03
 0.125738D+03
 0.125627D+03
 0.128770D+03
 0.128215D+03
 0.126037D+03
 0.125912D+03
 0.129384D+03
 0.128712D+03
 0.126399D+03
 0.126161D+03
 0.129579D+03
 0.128591D+03
 0.126577D+03
 0.126177D+03
 0.129745D+03
 0.128994D+03
 0.126625D+03
 0.126555D+03
 0.129808D+03
 0.129116D+03
 0.126918D+03
 0.126876D+03
 0.130309D+03
 0.129424D+03
 0.127628D+03
 0.127284D+03
 0.130805D+03
 0.130173D+03
 0.127976D+03
 0.127827D+03
 0.131415D+03
 0.130737D+03
 0.128428D+03
 0.128202D+03
 0.131796D+03
 0.131194D+03
 0.129070D+03
 0.128657D+03
 0.132235D+03
 0.131628D+03
 0.138023D+03
 0.137814D+03
 0.141472D+03
 0.140972D+03
 0.137925D+03
 0.137878D+03
 0.141337D+03
 0.141260D+03
 0.138061D+03
 0.137669D+03
 0.141720D+03
 0.141065D+03
 0.137201D+03
 0.136895D+03
 0.141195D+03
 0.140492D+03
 0.135436D+03
 0.134859D+03
 0.138772D+03
 0.139260D+03
 0.125947D+03
 0.125828D+03
 0.129153D+03
 0.128382D+03
 0.126145D+03
 0.126072D+03
 0.129423D+03
 0.128528D+03
 0.126338D+03
 0.126314D+03
 0.129650D+03
 0.128907D+03
 0.126703D+03
 0.126538D+03
 0.130002D+03
 0.129389D+03
 0.127082D+03
 0.126818D+03
 0.130413D+03
 0.129694D+03
 0.127495D+03
 0.127524D+03
 0.130973D+03
 0.130141D+03
 0.127971D+03
 0.127775D+03
 0.131059D+03
 0.130502D+03
 0.128165D+03
 0.128118D+03
 0.131495D+03
 0.130929D+03
 0.137498D+03
 0.137449D+03
 0.140490D+03
 0.137743D+03
 0.137664D+03
 0.141100D+03
 0.141099D+03
 0.137763D+03
 0.137441D+03
 0.141940D+03
 0.140792D+03
 0.137219D+03
 0.137164D+03
 0.140995D+03
 0.140652D+03
 0.135941D+03
 0.135405D+03
 0.139365D+03
 0.139856D+03
 0.134896D+03
 0.134915D+03
 0.139041D+03
 0.138205D+03
 0.125497D+03
 0.125398D+03
 0.128905D+03
 0.128138D+03
 0.125571D+03
 0.125712D+03
 0.129047D+03
 0.128288D+03
 0.125864D+03
 0.125747D+03
 0.129128D+03
 0.128534D+03
 0.126192D+03
 0.126014D+03
 0.129594D+03
 0.129058D+03
 0.126480D+03
 0.126596D+03
 0.129819D+03
 0.129100D+03
 0.126867D+03
 0.126876D+03
 0.130270D+03
 0.129519D+03
 0.127089D+03
 0.127073D+03
 0.130516D+03
 0.130056D+03
 0.137135D+03
 0.137346D+03
 0.140799D+03
 0.140657D+03
 0.126348D+03
 0.125969D+03
 0.128615D+03
 0.128783D+03
 0.125651D+03
 0.125532D+03
 0.127886D+03
 0.127946D+03
 0.125240D+03
 0.125225D+03
 0.127680D+03
 0.127482D+03
 0.130548D+03
 0.130319D+03
 0.133213D+03
 0.132623D+03
 0.131434D+03
 0.131452D+03
 0.133921D+03
 0.133909D+03
 0.132889D+03
 0.132857D+03
 0.134458D+03
 0.134227D+03
 0.133939D+03
 0.135750D+03
 0.135719D+03
 0.135171D+03
 0.137218D+03
 0.130326D+03
 0.130186D+03
 0.132510D+03
 0.132482D+03
 0.127986D+03
 0.127564D+03
 0.130955D+03
 0.131455D+03
 0.127561D+03
 0.127523D+03
 0.130155D+03
 0.130279D+03
 0.126643D+03
 0.126571D+03
 0.128939D+03
 0.129398D+03
 0.126223D+03
 0.125986D+03
 0.128137D+03
 0.128735D+03
 0.125785D+03
 0.125379D+03
 0.127766D+03
 0.128240D+03
 0.125570D+03
 0.125445D+03
 0.127467D+03
 0.127864D+03
 0.130416D+03
 0.130527D+03
 0.132954D+03
 0.131756D+03
 0.131527D+03
 0.133835D+03
 0.133088D+03
 0.132613D+03
 0.135230D+03
 0.134219D+03
 0.134322D+03
 0.135517D+03
 0.135436D+03
 0.137822D+03
 0.136297D+03
 0.136236D+03
 0.139541D+03
 0.129225D+03
 0.129053D+03
 0.132233D+03
 0.128395D+03
 0.128252D+03
 0.131367D+03
 0.127490D+03
 0.127268D+03
 0.130120D+03
 0.126555D+03
 0.126368D+03
 0.129139D+03
 0.126177D+03
 0.126068D+03
 0.128437D+03
 0.126078D+03
 0.125705D+03
 0.128107D+03
 0.127534D+03
 0.127589D+03
 0.130682D+03
 0.128232D+03
 0.128058D+03
 0.131426D+03
 0.128636D+03
 0.128627D+03
 0.132068D+03
 0.129629D+03
 0.129454D+03
 0.133225D+03
 0.130839D+03
 0.130331D+03
 0.133778D+03
 0.132236D+03
 0.131807D+03
 0.134730D+03
 0.133384D+03
 0.133050D+03
 0.134432D+03
 0.134182D+03
 0.135661D+03
 0.135468D+03
 0.137104D+03
 0.137067D+03
 0.137163D+03
 0.136968D+03
 0.140598D+03
 0.136895D+03
 0.136648D+03
 0.140109D+03
 0.136028D+03
 0.135853D+03
 0.139014D+03
 0.132296D+03
 0.132031D+03
 0.135673D+03
 0.130785D+03
 0.130520D+03
 0.134582D+03
 0.129852D+03
 0.129585D+03
 0.133247D+03
 0.128657D+03
 0.128559D+03
 0.131980D+03
 0.127607D+03
 0.127441D+03
 0.130797D+03
 0.127021D+03
 0.126877D+03
 0.129916D+03
 0.126522D+03
 0.126300D+03
 0.129350D+03
 0.126765D+03
 0.126559D+03
 0.129310D+03
 0.127337D+03
 0.126997D+03
 0.129812D+03
 0.127719D+03
 0.127778D+03
 0.131672D+03
 0.128547D+03
 0.128263D+03
 0.132399D+03
 0.129290D+03
 0.128926D+03
 0.133417D+03
 0.130213D+03
 0.129958D+03
 0.134489D+03
 0.136773D+03
 0.136770D+03
 0.136712D+03
 0.136754D+03
 0.140833D+03
 0.136661D+03
 0.136333D+03
 0.140090D+03
 0.134000D+03
 0.134040D+03
 0.138413D+03
 0.133207D+03
 0.132963D+03
 0.137157D+03
 0.131773D+03
 0.131430D+03
 0.135585D+03
 0.130426D+03
 0.130156D+03
 0.134107D+03
 0.129089D+03
 0.128977D+03
 0.132843D+03
 0.128161D+03
 0.128156D+03
 0.131980D+03
 0.125900D+03
 0.125302D+03
 0.129247D+03
 0.126279D+03
 0.126037D+03
 0.129660D+03
 0.126723D+03
 0.126513D+03
 0.130471D+03
 0.127190D+03
 0.127051D+03
 0.130912D+03
 0.128785D+03
 0.128303D+03
 0.129169D+03
 0.128882D+03
 0.137130D+03
 0.137245D+03
 0.137195D+03
 0.136927D+03
 0.137035D+03
 0.136645D+03
 0.136581D+03
 0.135789D+03
 0.135136D+03
 0.135028D+03
 0.133922D+03
 0.133566D+03
 0.132431D+03
 0.132202D+03
 0.131257D+03
 0.130756D+03
 0.129983D+03
 0.129580D+03
 0.126315D+03
 0.125829D+03
 0.126534D+03
 0.126248D+03
 0.127104D+03
 0.127012D+03
 0.128017D+03
 0.127542D+03
 0.136937D+03
 0.136585D+03
 0.135953D+03
 0.135638D+03
