 0.129119D+03
 0.129011D+03
 0.128711D+03
 0.128615D+03
 0.127794D+03
 0.128805D+03
 0.128910D+03
 0.127641D+03
 0.128878D+03
 0.128621D+03
 0.128989D+03
 0.128185D+03
 0.128938D+03
 0.128933D+03
 0.128019D+03
 0.127173D+03
 0.127467D+03
 0.126819D+03
 0.126163D+03
 0.125343D+03
 0.126867D+03
 0.127189D+03
 0.125915D+03
 0.127553D+03
 0.127651D+03
 0.127518D+03
 0.126787D+03
 0.125837D+03
 0.127002D+03
 0.127317D+03
 0.126178D+03
 0.128249D+03
 0.128313D+03
 0.128075D+03
 0.127150D+03
 0.126329D+03
 0.127382D+03
 0.127438D+03
 0.126637D+03
 0.128413D+03
 0.128932D+03
 0.128475D+03
 0.127855D+03
 0.126852D+03
 0.127829D+03
 0.127953D+03
 0.127056D+03
 0.129630D+03
 0.129166D+03
 0.128840D+03
 0.128157D+03
 0.127365D+03
 0.128461D+03
 0.128372D+03
 0.127372D+03
 0.129852D+03
 0.129603D+03
 0.129246D+03
 0.129028D+03
 0.128734D+03
 0.129061D+03
 0.129370D+03
 0.128448D+03
 0.129189D+03
 0.129112D+03
 0.129499D+03
 0.128988D+03
 0.129577D+03
 0.129564D+03
 0.128546D+03
 0.129531D+03
 0.129102D+03
 0.129744D+03
 0.129162D+03
 0.129811D+03
 0.130423D+03
 0.129077D+03
 0.127478D+03
 0.127668D+03
 0.127210D+03
 0.126685D+03
 0.126195D+03
 0.126792D+03
 0.127782D+03
 0.126035D+03
 0.127755D+03
 0.127856D+03
 0.127652D+03
 0.127035D+03
 0.126460D+03
 0.127242D+03
 0.127885D+03
 0.126644D+03
 0.128086D+03
 0.128379D+03
 0.128203D+03
 0.127539D+03
 0.126925D+03
 0.127608D+03
 0.127956D+03
 0.126857D+03
 0.128874D+03
 0.128897D+03
 0.128528D+03
 0.127990D+03
 0.127489D+03
 0.128031D+03
 0.128114D+03
 0.127333D+03
 0.129255D+03
 0.129424D+03
 0.129218D+03
 0.128289D+03
 0.127736D+03
 0.128464D+03
 0.128604D+03
 0.127799D+03
 0.130182D+03
 0.129519D+03
 0.129456D+03
 0.128865D+03
 0.128104D+03
 0.128844D+03
 0.128950D+03
 0.128056D+03
 0.129993D+03
 0.129917D+03
 0.129691D+03
 0.129594D+03
 0.129249D+03
 0.129503D+03
 0.129230D+03
 0.129632D+03
 0.128692D+03
 0.129882D+03
 0.129415D+03
 0.129905D+03
 0.129544D+03
 0.129890D+03
 0.129666D+03
 0.129916D+03
 0.129054D+03
 0.129775D+03
 0.129661D+03
 0.130443D+03
 0.129911D+03
 0.130152D+03
 0.130289D+03
 0.130645D+03
 0.129566D+03
 0.131087D+03
 0.129962D+03
 0.129487D+03
 0.129088D+03
 0.128596D+03
 0.128964D+03
 0.128946D+03
 0.128963D+03
 0.128298D+03
 0.130211D+03
 0.129252D+03
 0.128635D+03
 0.128237D+03
 0.127679D+03
 0.128020D+03
 0.128222D+03
 0.128165D+03
 0.127665D+03
 0.128865D+03
 0.128510D+03
 0.128111D+03
 0.127546D+03
 0.127048D+03
 0.127605D+03
 0.127733D+03
 0.127783D+03
 0.126942D+03
 0.128105D+03
 0.128126D+03
 0.127503D+03
 0.127319D+03
 0.126667D+03
 0.127124D+03
 0.127510D+03
 0.127884D+03
 0.126831D+03
 0.127599D+03
 0.127948D+03
 0.127388D+03
 0.127318D+03
 0.126493D+03
 0.127013D+03
 0.127224D+03
 0.128070D+03
 0.126486D+03
 0.127158D+03
 0.127985D+03
 0.127398D+03
 0.127021D+03
 0.126449D+03
 0.126977D+03
 0.127126D+03
 0.128099D+03
 0.126619D+03
 0.127385D+03
 0.127889D+03
 0.127387D+03
 0.127172D+03
 0.126481D+03
 0.127023D+03
 0.127018D+03
 0.128250D+03
 0.126545D+03
 0.127586D+03
 0.128126D+03
 0.127608D+03
 0.127269D+03
 0.126596D+03
 0.127042D+03
 0.127086D+03
 0.128199D+03
 0.126549D+03
 0.127956D+03
 0.128349D+03
 0.127734D+03
 0.127510D+03
 0.126870D+03
 0.127372D+03
 0.127360D+03
 0.128416D+03
 0.126768D+03
 0.128030D+03
 0.128482D+03
 0.128040D+03
 0.127798D+03
 0.127245D+03
 0.127692D+03
 0.127558D+03
 0.128307D+03
 0.126904D+03
 0.128656D+03
 0.128945D+03
 0.128543D+03
 0.128271D+03
 0.127605D+03
 0.128210D+03
 0.128007D+03
 0.127921D+03
 0.127485D+03
 0.129433D+03
 0.129288D+03
 0.129053D+03
 0.128685D+03
 0.128026D+03
 0.128696D+03
 0.128332D+03
 0.128505D+03
 0.127617D+03
 0.129638D+03
 0.129873D+03
 0.129360D+03
 0.129122D+03
 0.128472D+03
 0.129002D+03
 0.128770D+03
 0.128890D+03
 0.127986D+03
 0.130548D+03
 0.130255D+03
 0.129882D+03
 0.129251D+03
 0.128857D+03
 0.129176D+03
 0.128935D+03
 0.129222D+03
 0.128374D+03
 0.130316D+03
 0.130189D+03
 0.129818D+03
 0.130449D+03
 0.130558D+03
 0.130310D+03
 0.129431D+03
 0.129785D+03
 0.129061D+03
 0.129745D+03
 0.129592D+03
 0.130670D+03
 0.130786D+03
 0.130688D+03
 0.129700D+03
 0.130398D+03
 0.129256D+03
 0.134177D+03
 0.134879D+03
 0.134409D+03
 0.133913D+03
 0.134227D+03
 0.134132D+03
 0.132955D+03
 0.133767D+03
 0.132787D+03
 0.132965D+03
 0.133069D+03
 0.132738D+03
 0.132426D+03
 0.132604D+03
 0.132434D+03
 0.131660D+03
 0.132107D+03
 0.131195D+03
 0.132297D+03
 0.131762D+03
 0.131244D+03
 0.130973D+03
 0.130952D+03
 0.130993D+03
 0.130431D+03
 0.130552D+03
 0.129956D+03
 0.131601D+03
 0.130555D+03
 0.129857D+03
 0.129931D+03
 0.129948D+03
 0.129776D+03
 0.129421D+03
 0.129299D+03
 0.128843D+03
 0.130462D+03
 0.129468D+03
 0.129385D+03
 0.128686D+03
 0.129266D+03
 0.128932D+03
 0.128628D+03
 0.128602D+03
 0.127889D+03
 0.129516D+03
 0.129156D+03
 0.128733D+03
 0.128371D+03
 0.128680D+03
 0.128701D+03
 0.128129D+03
 0.128471D+03
 0.127696D+03
 0.128814D+03
 0.128524D+03
 0.128073D+03
 0.128147D+03
 0.128337D+03
 0.128087D+03
 0.127922D+03
 0.128366D+03
 0.127243D+03
 0.128100D+03
 0.128479D+03
 0.127917D+03
 0.128078D+03
 0.128282D+03
 0.128092D+03
 0.127456D+03
 0.128336D+03
 0.127036D+03
 0.127782D+03
 0.128329D+03
 0.127853D+03
 0.127786D+03
 0.128165D+03
 0.128138D+03
 0.127274D+03
 0.128712D+03
 0.126857D+03
 0.127775D+03
 0.128445D+03
 0.127818D+03
 0.127946D+03
 0.128024D+03
 0.127970D+03
 0.127462D+03
 0.128615D+03
 0.126789D+03
 0.127957D+03
 0.128339D+03
 0.127870D+03
 0.128164D+03
 0.128208D+03
 0.127927D+03
 0.127387D+03
 0.128648D+03
 0.126867D+03
 0.128207D+03
 0.128614D+03
 0.128100D+03
 0.128339D+03
 0.128375D+03
 0.128405D+03
 0.127587D+03
 0.128457D+03
 0.126796D+03
 0.128666D+03
 0.129020D+03
 0.128267D+03
 0.128423D+03
 0.128621D+03
 0.128653D+03
 0.127891D+03
 0.128461D+03
 0.127221D+03
 0.129097D+03
 0.129247D+03
 0.129017D+03
 0.128790D+03
 0.128925D+03
 0.129063D+03
 0.128074D+03
 0.128198D+03
 0.127725D+03
 0.129836D+03
 0.129629D+03
 0.129408D+03
 0.129259D+03
 0.129370D+03
 0.129347D+03
 0.128545D+03
 0.128713D+03
 0.127930D+03
 0.130022D+03
 0.130261D+03
 0.129770D+03
 0.129509D+03
 0.129722D+03
 0.129737D+03
 0.128562D+03
 0.129156D+03
 0.128335D+03
 0.130700D+03
 0.130323D+03
 0.129986D+03
 0.129957D+03
 0.130151D+03
 0.130198D+03
 0.129220D+03
 0.129669D+03
 0.128670D+03
 0.130498D+03
 0.130323D+03
 0.129917D+03
 0.130950D+03
 0.130959D+03
 0.131008D+03
 0.129436D+03
 0.130065D+03
 0.129139D+03
 0.129919D+03
 0.129845D+03
 0.131065D+03
 0.131299D+03
 0.131267D+03
 0.129857D+03
 0.130406D+03
 0.129507D+03
 0.137141D+03
 0.137945D+03
 0.137678D+03
 0.137851D+03
 0.137824D+03
 0.137798D+03
 0.136822D+03
 0.135734D+03
 0.138218D+03
 0.138912D+03
 0.138291D+03
 0.138824D+03
 0.138581D+03
 0.138920D+03
 0.137640D+03
 0.137428D+03
 0.139111D+03
 0.139422D+03
 0.139203D+03
 0.139354D+03
 0.139311D+03
 0.139469D+03
 0.138228D+03
 0.138019D+03
 0.139804D+03
 0.140044D+03
 0.139883D+03
 0.139747D+03
 0.139932D+03
 0.140030D+03
 0.138660D+03
 0.138695D+03
 0.138261D+03
 0.139933D+03
 0.140316D+03
 0.140067D+03
 0.140239D+03
 0.140227D+03
 0.140381D+03
 0.138841D+03
 0.139536D+03
 0.138537D+03
 0.140612D+03
 0.140469D+03
 0.140329D+03
 0.140323D+03
 0.140133D+03
 0.140551D+03
 0.138875D+03
 0.139585D+03
 0.138755D+03
 0.140175D+03
 0.140458D+03
 0.140217D+03
 0.140221D+03
 0.140378D+03
 0.140573D+03
 0.138637D+03
 0.139609D+03
 0.138741D+03
 0.139351D+03
 0.140064D+03
 0.139709D+03
 0.139953D+03
 0.139806D+03
 0.139889D+03
 0.138244D+03
 0.139446D+03
 0.138316D+03
 0.138446D+03
 0.139555D+03
 0.139258D+03
 0.139232D+03
 0.138999D+03
 0.139063D+03
 0.137607D+03
 0.138673D+03
 0.137377D+03
 0.137437D+03
 0.138359D+03
 0.137980D+03
 0.137759D+03
 0.137785D+03
 0.138012D+03
 0.136522D+03
 0.137369D+03
 0.136424D+03
 0.135679D+03
 0.136709D+03
 0.136550D+03
 0.136118D+03
 0.136311D+03
 0.136375D+03
 0.135066D+03
 0.135581D+03
 0.134587D+03
 0.134323D+03
 0.134922D+03
 0.134551D+03
 0.134552D+03
 0.134424D+03
 0.134820D+03
 0.133512D+03
 0.133834D+03
 0.132979D+03
 0.133171D+03
 0.133416D+03
 0.133005D+03
 0.132985D+03
 0.133109D+03
 0.133267D+03
 0.131907D+03
 0.132340D+03
 0.131344D+03
 0.132523D+03
 0.131931D+03
 0.131501D+03
 0.131556D+03
 0.131680D+03
 0.131615D+03
 0.130631D+03
 0.130868D+03
 0.130266D+03
 0.132041D+03
 0.130917D+03
 0.130341D+03
 0.130584D+03
 0.130669D+03
 0.130581D+03
 0.129702D+03
 0.129584D+03
 0.129211D+03
 0.130922D+03
 0.129932D+03
 0.129618D+03
 0.129749D+03
 0.129707D+03
 0.129976D+03
 0.128899D+03
 0.129343D+03
 0.128623D+03
 0.129972D+03
 0.129664D+03
 0.128795D+03
 0.129140D+03
 0.129231D+03
 0.129377D+03
 0.128433D+03
 0.128723D+03
 0.127906D+03
 0.129005D+03
 0.129032D+03
 0.128428D+03
 0.128830D+03
 0.128892D+03
 0.128993D+03
 0.128053D+03
 0.128667D+03
 0.127687D+03
 0.128539D+03
 0.128924D+03
 0.128152D+03
 0.128857D+03
 0.128601D+03
 0.128911D+03
 0.127675D+03
 0.128848D+03
 0.127479D+03
 0.128060D+03
 0.128850D+03
 0.128305D+03
 0.128702D+03
 0.128651D+03
 0.128658D+03
 0.127592D+03
 0.128957D+03
 0.127294D+03
 0.128026D+03
 0.128483D+03
 0.128342D+03
 0.128458D+03
 0.128837D+03
 0.128700D+03
 0.127323D+03
 0.129108D+03
 0.127106D+03
 0.128136D+03
 0.128772D+03
 0.128190D+03
 0.128943D+03
 0.128579D+03
 0.128846D+03
 0.127313D+03
 0.128900D+03
 0.127121D+03
 0.128533D+03
 0.128800D+03
 0.128397D+03
 0.128963D+03
 0.129041D+03
 0.129050D+03
 0.127450D+03
 0.128719D+03
 0.127229D+03
 0.128740D+03
 0.129120D+03
 0.128727D+03
 0.128985D+03
 0.129125D+03
 0.129193D+03
 0.127655D+03
 0.128702D+03
 0.127451D+03
 0.129208D+03
 0.129342D+03
 0.129050D+03
 0.129574D+03
 0.129476D+03
 0.129516D+03
 0.127884D+03
 0.128624D+03
 0.127887D+03
 0.129993D+03
 0.129904D+03
 0.129512D+03
 0.129764D+03
 0.129732D+03
 0.130032D+03
 0.128243D+03
 0.129138D+03
 0.127951D+03
 0.130111D+03
 0.130204D+03
 0.129928D+03
 0.130338D+03
 0.130076D+03
 0.130126D+03
 0.128646D+03
 0.129399D+03
 0.128602D+03
 0.130911D+03
 0.130369D+03
 0.130027D+03
 0.130501D+03
 0.130662D+03
 0.130608D+03
 0.129019D+03
 0.129640D+03
 0.128969D+03
 0.130693D+03
 0.130406D+03
 0.130142D+03
 0.131345D+03
 0.131337D+03
 0.131126D+03
 0.129303D+03
 0.130141D+03
 0.129297D+03
 0.130198D+03
 0.130014D+03
 0.131695D+03
 0.131541D+03
 0.131609D+03
 0.129802D+03
 0.130843D+03
 0.129747D+03
 0.130679D+03
 0.130364D+03
 0.132110D+03
 0.132215D+03
 0.132181D+03
 0.130459D+03
 0.131372D+03
 0.130539D+03
 0.133922D+03
 0.133615D+03
 0.133020D+03
 0.132759D+03
 0.132862D+03
 0.131244D+03
 0.132189D+03
 0.131018D+03
 0.134800D+03
 0.134495D+03
 0.134048D+03
 0.133691D+03
 0.133977D+03
 0.132284D+03
 0.132924D+03
 0.132112D+03
 0.135687D+03
 0.135190D+03
 0.134935D+03
 0.134705D+03
 0.134827D+03
 0.133430D+03
 0.134311D+03
 0.133148D+03
 0.134319D+03
 0.136266D+03
 0.135753D+03
 0.136186D+03
 0.136036D+03
 0.136261D+03
 0.134360D+03
 0.135171D+03
 0.133951D+03
 0.136284D+03
 0.137281D+03
 0.136758D+03
 0.137208D+03
 0.137132D+03
 0.137204D+03
 0.135071D+03
 0.135368D+03
 0.134659D+03
 0.137217D+03
 0.138252D+03
 0.137781D+03
 0.138628D+03
 0.138165D+03
 0.138309D+03
 0.136446D+03
 0.135995D+03
 0.138198D+03
 0.138999D+03
 0.138649D+03
 0.139321D+03
 0.139004D+03
 0.139122D+03
 0.137704D+03
 0.137479D+03
 0.139297D+03
 0.139808D+03
 0.139376D+03
 0.139937D+03
 0.139849D+03
 0.139741D+03
 0.138311D+03
 0.137915D+03
 0.139751D+03
 0.139985D+03
 0.139780D+03
 0.140384D+03
 0.140338D+03
 0.140177D+03
 0.138538D+03
 0.138707D+03
 0.138389D+03
 0.140349D+03
 0.140336D+03
 0.140215D+03
 0.140645D+03
 0.140633D+03
 0.140452D+03
 0.138896D+03
 0.139632D+03
 0.138826D+03
 0.140346D+03
 0.140452D+03
 0.140405D+03
 0.140668D+03
 0.140565D+03
 0.140730D+03
 0.138730D+03
 0.139729D+03
 0.138914D+03
 0.140167D+03
 0.140482D+03
 0.140124D+03
 0.140507D+03
 0.140470D+03
 0.140597D+03
 0.138541D+03
 0.139528D+03
 0.138840D+03
 0.139390D+03
 0.140093D+03
 0.139763D+03
 0.140087D+03
 0.139824D+03
 0.140201D+03
 0.138138D+03
 0.139542D+03
 0.138235D+03
 0.138462D+03
 0.139672D+03
 0.139198D+03
 0.139533D+03
 0.139250D+03
 0.139405D+03
 0.137402D+03
 0.138656D+03
 0.137301D+03
 0.137386D+03
 0.138395D+03
 0.138151D+03
 0.138069D+03
 0.137914D+03
 0.138225D+03
 0.136354D+03
 0.137430D+03
 0.136391D+03
 0.136032D+03
 0.136820D+03
 0.136605D+03
 0.136695D+03
 0.136574D+03
 0.136442D+03
 0.134822D+03
 0.135798D+03
 0.134766D+03
 0.134568D+03
 0.134919D+03
 0.134824D+03
 0.135101D+03
 0.134982D+03
 0.134887D+03
 0.133350D+03
 0.134083D+03
 0.133263D+03
 0.133350D+03
 0.133528D+03
 0.133205D+03
 0.133458D+03
 0.133394D+03
 0.133554D+03
 0.131913D+03
 0.132550D+03
 0.131665D+03
 0.132807D+03
 0.132132D+03
 0.131788D+03
 0.132326D+03
 0.132071D+03
 0.132025D+03
 0.130771D+03
 0.131171D+03
 0.130453D+03
 0.132089D+03
 0.131174D+03
 0.130512D+03
 0.131191D+03
 0.130831D+03
 0.131100D+03
 0.129762D+03
 0.129951D+03
 0.129490D+03
 0.131412D+03
 0.130242D+03
 0.129889D+03
 0.130428D+03
 0.130330D+03
 0.130146D+03
 0.129091D+03
 0.129351D+03
 0.128978D+03
 0.130249D+03
 0.129595D+03
 0.129330D+03
 0.129896D+03
 0.129761D+03
 0.129813D+03
 0.128533D+03
 0.129150D+03
 0.128389D+03
 0.129482D+03
 0.129265D+03
 0.129025D+03
 0.129641D+03
 0.129252D+03
 0.129500D+03
 0.128179D+03
 0.129007D+03
 0.128044D+03
 0.129100D+03
 0.129459D+03
 0.128616D+03
 0.129504D+03
 0.129218D+03
 0.129280D+03
 0.127843D+03
 0.129050D+03
 0.127908D+03
 0.128586D+03
 0.129037D+03
 0.128478D+03
 0.129318D+03
 0.129047D+03
 0.128938D+03
 0.127613D+03
 0.129283D+03
 0.127634D+03
 0.128439D+03
 0.129008D+03
 0.128347D+03
 0.129204D+03
 0.128976D+03
 0.129055D+03
 0.127422D+03
 0.129227D+03
 0.127497D+03
 0.128425D+03
 0.128954D+03
 0.128490D+03
 0.129228D+03
 0.129088D+03
 0.129029D+03
 0.127370D+03
 0.129138D+03
 0.127380D+03
 0.128715D+03
 0.129104D+03
 0.128674D+03
 0.129521D+03
 0.129071D+03
 0.129304D+03
 0.127433D+03
 0.129001D+03
 0.127449D+03
 0.129208D+03
 0.129379D+03
 0.128730D+03
 0.129661D+03
 0.129302D+03
 0.129471D+03
 0.127721D+03
 0.128840D+03
 0.127557D+03
 0.129395D+03
 0.129451D+03
 0.129259D+03
 0.130072D+03
 0.129769D+03
 0.129652D+03
 0.127981D+03
 0.128487D+03
 0.127823D+03
 0.130038D+03
 0.130120D+03
 0.129668D+03
 0.130326D+03
 0.129995D+03
 0.130244D+03
 0.128195D+03
 0.129307D+03
 0.128328D+03
 0.130176D+03
 0.130416D+03
 0.129979D+03
 0.130692D+03
 0.130621D+03
 0.130689D+03
 0.128560D+03
 0.129643D+03
 0.128872D+03
 0.130974D+03
 0.130594D+03
 0.130363D+03
 0.131024D+03
 0.130901D+03
 0.130816D+03
 0.128962D+03
 0.129911D+03
 0.129005D+03
 0.130919D+03
 0.130541D+03
 0.130413D+03
 0.131841D+03
 0.131196D+03
 0.131279D+03
 0.129422D+03
 0.130417D+03
 0.129505D+03
 0.130366D+03
 0.130207D+03
 0.132202D+03
 0.131423D+03
 0.131842D+03
 0.129913D+03
 0.130806D+03
 0.130128D+03
 0.130783D+03
 0.130566D+03
 0.132606D+03
 0.132138D+03
 0.132402D+03
 0.130555D+03
 0.131762D+03
 0.130602D+03
 0.134212D+03
 0.133901D+03
 0.133348D+03
 0.132794D+03
 0.133119D+03
 0.131422D+03
 0.132658D+03
 0.131428D+03
 0.135113D+03
 0.134701D+03
 0.134325D+03
 0.133950D+03
 0.133826D+03
 0.132562D+03
 0.133241D+03
 0.132475D+03
 0.135796D+03
 0.135455D+03
 0.135588D+03
 0.135181D+03
 0.135254D+03
 0.133680D+03
 0.134595D+03
 0.133490D+03
 0.134737D+03
 0.136477D+03
 0.136086D+03
 0.136688D+03
 0.136176D+03
 0.136327D+03
 0.134850D+03
 0.135435D+03
 0.134291D+03
 0.136281D+03
 0.137382D+03
 0.137057D+03
 0.137781D+03
 0.137290D+03
 0.137494D+03
 0.135156D+03
 0.135732D+03
 0.135092D+03
 0.137366D+03
 0.138273D+03
 0.137956D+03
 0.138632D+03
 0.138262D+03
 0.138453D+03
 0.136440D+03
 0.136500D+03
 0.138420D+03
 0.139106D+03
 0.138769D+03
 0.139558D+03
 0.139210D+03
 0.139132D+03
 0.137684D+03
 0.137695D+03
 0.139126D+03
 0.139978D+03
 0.139420D+03
 0.140274D+03
 0.139773D+03
 0.139950D+03
 0.138153D+03
 0.138296D+03
 0.140068D+03
 0.140408D+03
 0.139840D+03
 0.140747D+03
 0.140267D+03
 0.140149D+03
 0.138496D+03
 0.138878D+03
 0.138438D+03
 0.140288D+03
 0.140481D+03
 0.140195D+03
 0.140914D+03
 0.140260D+03
 0.140608D+03
 0.138655D+03
 0.139555D+03
 0.138875D+03
 0.140477D+03
 0.140328D+03
 0.140378D+03
 0.140908D+03
 0.140356D+03
 0.140416D+03
 0.138584D+03
 0.139803D+03
 0.138744D+03
 0.140071D+03
 0.140241D+03
 0.140069D+03
 0.140763D+03
 0.140045D+03
 0.140576D+03
 0.138414D+03
 0.139399D+03
 0.138723D+03
 0.139264D+03
 0.140144D+03
 0.139689D+03
 0.140501D+03
 0.139854D+03
 0.140220D+03
 0.137887D+03
 0.139250D+03
 0.138070D+03
 0.138606D+03
 0.139430D+03
 0.139246D+03
 0.139379D+03
 0.139038D+03
 0.139125D+03
 0.137204D+03
 0.138335D+03
 0.137368D+03
 0.137489D+03
 0.138293D+03
 0.138020D+03
 0.138414D+03
 0.137971D+03
 0.138153D+03
 0.136041D+03
 0.137239D+03
 0.136118D+03
 0.136257D+03
 0.136999D+03
 0.136533D+03
 0.136955D+03
 0.136561D+03
 0.136644D+03
 0.134768D+03
 0.135951D+03
 0.134867D+03
 0.134763D+03
 0.135390D+03
 0.135191D+03
 0.135407D+03
 0.134881D+03
 0.135056D+03
 0.133386D+03
 0.134154D+03
 0.133532D+03
 0.133741D+03
 0.133711D+03
 0.133398D+03
 0.134157D+03
 0.133445D+03
 0.133587D+03
 0.132013D+03
 0.132822D+03
 0.131955D+03
 0.133202D+03
 0.132544D+03
 0.132035D+03
 0.132736D+03
 0.132157D+03
 0.132251D+03
 0.130800D+03
 0.131436D+03
 0.130694D+03
 0.132398D+03
 0.131368D+03
 0.130795D+03
 0.131441D+03
 0.131142D+03
 0.131100D+03
 0.129787D+03
 0.130268D+03
 0.129707D+03
 0.131605D+03
 0.130432D+03
 0.130225D+03
 0.130783D+03
 0.130380D+03
 0.130403D+03
 0.129092D+03
 0.129776D+03
 0.129271D+03
 0.130470D+03
 0.130016D+03
 0.129371D+03
 0.130298D+03
 0.129701D+03
 0.130132D+03
 0.128504D+03
 0.129430D+03
 0.128548D+03
 0.129854D+03
 0.129522D+03
 0.129241D+03
 0.130000D+03
 0.129274D+03
 0.129652D+03
 0.128104D+03
 0.129315D+03
 0.128368D+03
 0.129105D+03
 0.129156D+03
 0.128915D+03
 0.129822D+03
 0.129456D+03
 0.129474D+03
 0.127744D+03
 0.129643D+03
 0.128203D+03
 0.128776D+03
 0.129072D+03
 0.128739D+03
 0.129916D+03
 0.129182D+03
 0.129135D+03
 0.127488D+03
 0.129499D+03
 0.127904D+03
 0.128642D+03
 0.129151D+03
 0.128678D+03
 0.129631D+03
 0.129255D+03
 0.129085D+03
 0.127447D+03
 0.129845D+03
 0.127790D+03
 0.128440D+03
 0.129029D+03
 0.128712D+03
 0.129650D+03
 0.129138D+03
 0.129356D+03
 0.127354D+03
 0.129348D+03
 0.127596D+03
 0.128798D+03
 0.129162D+03
 0.128650D+03
 0.129807D+03
 0.129000D+03
 0.129389D+03
 0.127412D+03
 0.129064D+03
 0.127510D+03
 0.129127D+03
 0.129319D+03
 0.128929D+03
 0.129741D+03
 0.129182D+03
 0.129519D+03
 0.127514D+03
 0.129002D+03
 0.127676D+03
 0.129417D+03
 0.129663D+03
 0.129311D+03
 0.130135D+03
 0.129581D+03
 0.129695D+03
 0.127750D+03
 0.128724D+03
 0.127860D+03
 0.129978D+03
 0.130134D+03
 0.130093D+03
 0.130401D+03
 0.129858D+03
 0.130105D+03
 0.128091D+03
 0.129362D+03
 0.128386D+03
 0.130338D+03
 0.130190D+03
 0.130288D+03
 0.130854D+03
 0.130286D+03
 0.130581D+03
 0.128480D+03
 0.129666D+03
 0.128771D+03
 0.131097D+03
 0.130583D+03
 0.130614D+03
 0.131264D+03
 0.130685D+03
 0.130908D+03
 0.128924D+03
 0.129902D+03
 0.129128D+03
 0.130878D+03
 0.130590D+03
 0.130421D+03
 0.131864D+03
 0.131218D+03
 0.131498D+03
 0.129309D+03
 0.130568D+03
 0.129921D+03
 0.130543D+03
 0.130476D+03
 0.132401D+03
 0.131648D+03
 0.132137D+03
 0.129881D+03
 0.131100D+03
 0.130135D+03
 0.131364D+03
 0.130982D+03
 0.132930D+03
 0.132194D+03
 0.132567D+03
 0.130524D+03
 0.131870D+03
 0.130890D+03
 0.134505D+03
 0.134116D+03
 0.133850D+03
 0.132908D+03
 0.133310D+03
 0.131447D+03
 0.132891D+03
 0.131861D+03
 0.135334D+03
 0.134975D+03
 0.134734D+03
 0.134014D+03
 0.134062D+03
 0.132524D+03
 0.133559D+03
 0.132809D+03
 0.135998D+03
 0.135733D+03
 0.135819D+03
 0.135107D+03
 0.135311D+03
 0.133678D+03
 0.134706D+03
 0.133666D+03
 0.134899D+03
 0.136684D+03
 0.136321D+03
 0.137014D+03
 0.136294D+03
 0.136332D+03
 0.134749D+03
 0.135521D+03
 0.134456D+03
 0.136633D+03
 0.137430D+03
 0.137236D+03
 0.137947D+03
 0.137217D+03
 0.137433D+03
 0.135048D+03
 0.135750D+03
 0.135146D+03
 0.137536D+03
 0.138397D+03
 0.138029D+03
 0.138803D+03
 0.137938D+03
 0.138484D+03
 0.136199D+03
 0.136255D+03
 0.138403D+03
 0.139167D+03
 0.138775D+03
 0.139603D+03
 0.138983D+03
 0.139191D+03
 0.137481D+03
 0.137943D+03
 0.139420D+03
 0.139876D+03
 0.139446D+03
 0.140270D+03
 0.139503D+03
 0.139785D+03
 0.137864D+03
 0.138290D+03
 0.139843D+03
 0.140051D+03
 0.139877D+03
 0.140478D+03
 0.139761D+03
 0.140205D+03
 0.138253D+03
 0.138815D+03
 0.138358D+03
 0.140147D+03
 0.140359D+03
 0.140016D+03
 0.140786D+03
 0.139971D+03
 0.140437D+03
 0.138286D+03
 0.139505D+03
 0.138918D+03
 0.140424D+03
 0.140305D+03
 0.140253D+03
 0.140731D+03
 0.140200D+03
 0.140400D+03
 0.138319D+03
 0.139674D+03
 0.138720D+03
 0.139811D+03
 0.140125D+03
 0.139890D+03
 0.140763D+03
 0.140079D+03
 0.140056D+03
 0.137962D+03
 0.139410D+03
 0.138720D+03
 0.139214D+03
 0.140119D+03
 0.139649D+03
 0.140226D+03
 0.139341D+03
 0.139860D+03
 0.137550D+03
 0.139267D+03
 0.138005D+03
 0.138592D+03
 0.139300D+03
 0.139108D+03
 0.139512D+03
 0.138873D+03
 0.139239D+03
 0.136838D+03
 0.138370D+03
 0.137394D+03
 0.137649D+03
 0.138250D+03
 0.138108D+03
 0.138250D+03
 0.137754D+03
 0.138077D+03
 0.135750D+03
 0.137217D+03
 0.136309D+03
 0.136138D+03
 0.137066D+03
 0.136601D+03
 0.137066D+03
 0.136232D+03
 0.136608D+03
 0.134571D+03
 0.135997D+03
 0.134953D+03
 0.134864D+03
 0.135394D+03
 0.135164D+03
 0.135591D+03
 0.134865D+03
 0.135081D+03
 0.133231D+03
 0.134516D+03
 0.133404D+03
 0.133742D+03
 0.133993D+03
 0.133644D+03
 0.134012D+03
 0.133284D+03
 0.133770D+03
 0.131879D+03
 0.132988D+03
 0.131990D+03
 0.133461D+03
 0.132434D+03
 0.132271D+03
 0.132661D+03
 0.132010D+03
 0.132423D+03
 0.130712D+03
 0.131488D+03
 0.130794D+03
 0.132624D+03
 0.131356D+03
 0.131081D+03
 0.131644D+03
 0.130997D+03
 0.131256D+03
 0.129759D+03
 0.130253D+03
 0.130077D+03
 0.131718D+03
 0.130623D+03
 0.130179D+03
 0.131005D+03
 0.130225D+03
 0.130524D+03
 0.129132D+03
 0.129767D+03
 0.129269D+03
 0.130693D+03
 0.130144D+03
 0.129771D+03
 0.130443D+03
 0.129830D+03
 0.129950D+03
 0.128552D+03
 0.129570D+03
 0.128645D+03
 0.129850D+03
 0.129523D+03
 0.129245D+03
 0.130250D+03
 0.129459D+03
 0.129662D+03
 0.128100D+03
 0.129461D+03
 0.128549D+03
 0.129174D+03
 0.129490D+03
 0.128907D+03
 0.129811D+03
 0.129115D+03
 0.129590D+03
 0.127665D+03
 0.129491D+03
 0.128215D+03
 0.128837D+03
 0.129275D+03
 0.128803D+03
 0.129612D+03
 0.128812D+03
 0.129221D+03
 0.127380D+03
 0.129861D+03
 0.127873D+03
 0.128399D+03
 0.129054D+03
 0.128564D+03
 0.129761D+03
 0.128741D+03
 0.129068D+03
 0.127234D+03
 0.129634D+03
 0.127461D+03
 0.128634D+03
 0.128849D+03
 0.128510D+03
 0.129568D+03
 0.128755D+03
 0.129091D+03
 0.127087D+03
 0.129434D+03
 0.127617D+03
 0.128690D+03
 0.129095D+03
 0.128650D+03
 0.129671D+03
 0.128996D+03
 0.129179D+03
 0.127091D+03
 0.129107D+03
 0.127532D+03
 0.129187D+03
 0.129280D+03
 0.128940D+03
 0.129922D+03
 0.129066D+03
 0.129455D+03
 0.127261D+03
 0.129094D+03
 0.127670D+03
 0.129508D+03
 0.129493D+03
 0.129402D+03
 0.130240D+03
 0.129482D+03
 0.129737D+03
 0.127546D+03
 0.128786D+03
 0.128261D+03
 0.130146D+03
 0.129776D+03
 0.129885D+03
 0.130701D+03
 0.129895D+03
 0.130170D+03
 0.127834D+03
 0.129360D+03
 0.128442D+03
 0.130262D+03
 0.130511D+03
 0.130214D+03
 0.130972D+03
 0.130200D+03
 0.130471D+03
 0.128273D+03
 0.129671D+03
 0.128841D+03
 0.131122D+03
 0.130812D+03
 0.130527D+03
 0.131398D+03
 0.130597D+03
 0.130934D+03
 0.128814D+03
 0.130086D+03
 0.129218D+03
 0.131205D+03
 0.130783D+03
 0.130670D+03
 0.131743D+03
 0.131372D+03
 0.131549D+03
 0.129395D+03
 0.130737D+03
 0.129610D+03
 0.130760D+03
 0.130600D+03
 0.132380D+03
 0.131674D+03
 0.131980D+03
 0.129931D+03
 0.131235D+03
 0.130229D+03
 0.131400D+03
 0.131306D+03
 0.132811D+03
 0.132304D+03
 0.132758D+03
 0.130633D+03
 0.131903D+03
 0.131158D+03
 0.134497D+03
 0.134319D+03
 0.133684D+03
 0.133021D+03
 0.133363D+03
 0.131572D+03
 0.132991D+03
 0.131900D+03
 0.135158D+03
 0.135165D+03
 0.134879D+03
 0.133851D+03
 0.134371D+03
 0.132629D+03
 0.133695D+03
 0.132800D+03
 0.136061D+03
 0.135852D+03
 0.135768D+03
 0.135060D+03
 0.135393D+03
 0.133644D+03
 0.134798D+03
 0.133788D+03
 0.134989D+03
 0.136752D+03
 0.136346D+03
 0.136583D+03
 0.136147D+03
 0.136428D+03
 0.134715D+03
 0.135358D+03
 0.134561D+03
 0.136476D+03
 0.137520D+03
 0.137225D+03
 0.137909D+03
 0.137032D+03
 0.137606D+03
 0.135751D+03
 0.135775D+03
 0.135275D+03
 0.139193D+03
 0.139481D+03
 0.139245D+03
 0.139892D+03
 0.139154D+03
 0.139328D+03
 0.137761D+03
 0.137848D+03
 0.139749D+03
 0.139850D+03
 0.139632D+03
 0.140359D+03
 0.139282D+03
 0.139838D+03
 0.138061D+03
 0.138690D+03
 0.138329D+03
 0.139954D+03
 0.140087D+03
 0.139856D+03
 0.140528D+03
 0.139660D+03
 0.139940D+03
 0.138257D+03
 0.139521D+03
 0.138559D+03
 0.140215D+03
 0.140121D+03
 0.139862D+03
 0.140505D+03
 0.139721D+03
 0.140056D+03
 0.138124D+03
 0.139455D+03
 0.138786D+03
 0.139851D+03
 0.140090D+03
 0.139848D+03
 0.140390D+03
 0.139587D+03
 0.139991D+03
 0.137812D+03
 0.139198D+03
 0.138323D+03
 0.139142D+03
 0.139773D+03
 0.139633D+03
 0.139817D+03
 0.139316D+03
 0.139567D+03
 0.137382D+03
 0.139088D+03
 0.137881D+03
 0.138236D+03
 0.139260D+03
 0.138960D+03
 0.139283D+03
 0.138428D+03
 0.139121D+03
 0.136636D+03
 0.138425D+03
 0.137271D+03
 0.137345D+03
 0.138342D+03
 0.137828D+03
 0.138293D+03
 0.137608D+03
 0.137894D+03
 0.135697D+03
 0.137584D+03
 0.136217D+03
 0.136242D+03
 0.136861D+03
 0.136772D+03
 0.137011D+03
 0.136201D+03
 0.136734D+03
 0.134360D+03
 0.136003D+03
 0.134869D+03
 0.135012D+03
 0.135579D+03
 0.135425D+03
 0.135552D+03
 0.134672D+03
 0.135313D+03
 0.132970D+03
 0.134512D+03
 0.133527D+03
 0.133937D+03
 0.134055D+03
 0.133655D+03
 0.134014D+03
 0.133367D+03
 0.133794D+03
 0.131712D+03
 0.132903D+03
 0.132151D+03
 0.133548D+03
 0.132554D+03
 0.132160D+03
 0.132541D+03
 0.132082D+03
 0.132202D+03
 0.130569D+03
 0.131484D+03
 0.130873D+03
 0.132693D+03
 0.131278D+03
 0.130992D+03
 0.131618D+03
 0.130881D+03
 0.131106D+03
 0.129616D+03
 0.130425D+03
 0.129977D+03
 0.131648D+03
 0.130349D+03
 0.130135D+03
 0.130885D+03
 0.130108D+03
 0.130438D+03
 0.128776D+03
 0.129780D+03
 0.129029D+03
 0.130487D+03
 0.129889D+03
 0.129563D+03
 0.130252D+03
 0.129695D+03
 0.129767D+03
 0.128260D+03
 0.129531D+03
 0.128624D+03
 0.129554D+03
 0.129594D+03
 0.129175D+03
 0.129916D+03
 0.129111D+03
 0.129582D+03
 0.127837D+03
 0.129338D+03
 0.128255D+03
 0.129245D+03
 0.129444D+03
 0.129037D+03
 0.129800D+03
 0.128814D+03
 0.129309D+03
 0.127549D+03
 0.129633D+03
 0.128087D+03
 0.128777D+03
 0.129271D+03
 0.128784D+03
 0.129640D+03
 0.128689D+03
 0.129037D+03
 0.127215D+03
 0.129802D+03
 0.127946D+03
 0.128410D+03
 0.128964D+03
 0.128518D+03
 0.129368D+03
 0.128735D+03
 0.128980D+03
 0.126977D+03
 0.129747D+03
 0.127737D+03
 0.128524D+03
 0.128858D+03
 0.128452D+03
 0.129288D+03
 0.128785D+03
 0.128832D+03
 0.126917D+03
 0.129306D+03
 0.127388D+03
 0.128763D+03
 0.128989D+03
 0.128682D+03
 0.129326D+03
 0.128740D+03
 0.128958D+03
 0.126931D+03
 0.129367D+03
 0.127328D+03
 0.128943D+03
 0.129204D+03
 0.128849D+03
 0.129627D+03
 0.128869D+03
 0.129257D+03
 0.127089D+03
 0.128947D+03
 0.127782D+03
 0.129385D+03
 0.129478D+03
 0.129286D+03
 0.130159D+03
 0.129348D+03
 0.129688D+03
 0.127389D+03
 0.128693D+03
 0.127938D+03
 0.130015D+03
 0.129876D+03
 0.129685D+03
 0.130299D+03
 0.129716D+03
 0.129953D+03
 0.127797D+03
 0.129195D+03
 0.128272D+03
 0.130359D+03
 0.130542D+03
 0.130256D+03
 0.130874D+03
 0.130013D+03
 0.130535D+03
 0.128259D+03
 0.129742D+03
 0.128816D+03
 0.131370D+03
 0.130699D+03
 0.130772D+03
 0.131294D+03
 0.130727D+03
 0.130990D+03
 0.128758D+03
 0.130114D+03
 0.129423D+03
 0.131218D+03
 0.130869D+03
 0.130666D+03
 0.131994D+03
 0.131260D+03
 0.131583D+03
 0.129485D+03
 0.130895D+03
 0.129892D+03
 0.130874D+03
 0.130826D+03
 0.132165D+03
 0.131681D+03
 0.132007D+03
 0.129859D+03
 0.131313D+03
 0.130306D+03
 0.131356D+03
 0.131215D+03
 0.132887D+03
 0.132246D+03
 0.132682D+03
 0.130515D+03
 0.131992D+03
 0.131065D+03
 0.138746D+03
 0.139432D+03
 0.138988D+03
 0.139744D+03
 0.138914D+03
 0.139090D+03
 0.137491D+03
 0.137790D+03
 0.139628D+03
 0.139771D+03
 0.139349D+03
 0.139988D+03
 0.139291D+03
 0.139744D+03
 0.137519D+03
 0.138462D+03
 0.138100D+03
 0.139717D+03
 0.140051D+03
 0.139663D+03
 0.140051D+03
 0.139392D+03
 0.139827D+03
 0.137748D+03
 0.139347D+03
 0.138545D+03
 0.139885D+03
 0.140036D+03
 0.139630D+03
 0.140504D+03
 0.139459D+03
 0.139897D+03
 0.137904D+03
 0.139435D+03
 0.138488D+03
 0.139683D+03
 0.140053D+03
 0.139690D+03
 0.140054D+03
 0.139528D+03
 0.139754D+03
 0.137704D+03
 0.139129D+03
 0.138436D+03
 0.138932D+03
 0.139891D+03
 0.139227D+03
 0.139704D+03
 0.139123D+03
 0.139510D+03
 0.137226D+03
 0.139165D+03
 0.137849D+03
 0.138344D+03
 0.139140D+03
 0.139069D+03
 0.139181D+03
 0.138486D+03
 0.138758D+03
 0.136697D+03
 0.138458D+03
 0.137072D+03
 0.137475D+03
 0.138308D+03
 0.137861D+03
 0.138176D+03
 0.137437D+03
 0.137777D+03
 0.135781D+03
 0.137300D+03
 0.136165D+03
 0.136259D+03
 0.137224D+03
 0.136781D+03
 0.137085D+03
 0.136295D+03
 0.136494D+03
 0.134494D+03
 0.136132D+03
 0.134832D+03
 0.135168D+03
 0.135518D+03
 0.135430D+03
 0.135446D+03
 0.134771D+03
 0.135283D+03
 0.133007D+03
 0.134564D+03
 0.133629D+03
 0.134123D+03
 0.134072D+03
 0.133575D+03
 0.133774D+03
 0.133224D+03
 0.133776D+03
 0.131682D+03
 0.132864D+03
 0.131853D+03
 0.133219D+03
 0.132333D+03
 0.131944D+03
 0.132275D+03
 0.131705D+03
 0.132030D+03
 0.130083D+03
 0.131357D+03
 0.130494D+03
 0.130743D+03
 0.129243D+03
 0.129078D+03
 0.130980D+03
 0.130406D+03
 0.128978D+03
 0.129153D+03
 0.128227D+03
 0.127544D+03
 0.129622D+03
 0.128362D+03
 0.127913D+03
 0.128558D+03
 0.127675D+03
 0.128007D+03
 0.128389D+03
 0.127718D+03
 0.126955D+03
 0.128665D+03
 0.128520D+03
 0.127397D+03
 0.127956D+03
 0.127721D+03
 0.127581D+03
 0.127862D+03
 0.126804D+03
 0.126871D+03
 0.129384D+03
 0.129286D+03
 0.128766D+03
 0.129499D+03
 0.128801D+03
 0.129081D+03
 0.127617D+03
 0.128949D+03
 0.127805D+03
 0.128937D+03
 0.129088D+03
 0.128534D+03
 0.129318D+03
 0.128697D+03
 0.128922D+03
 0.127325D+03
 0.129467D+03
 0.127991D+03
 0.128617D+03
 0.129002D+03
 0.128648D+03
 0.129232D+03
 0.128590D+03
 0.128707D+03
 0.127061D+03
 0.129686D+03
 0.127751D+03
 0.128248D+03
 0.128947D+03
 0.128287D+03
 0.129258D+03
 0.128664D+03
 0.128875D+03
 0.126797D+03
 0.129512D+03
 0.127674D+03
 0.128428D+03
 0.129105D+03
 0.128331D+03
 0.129152D+03
 0.128280D+03
 0.128677D+03
 0.126773D+03
 0.129428D+03
 0.127210D+03
 0.128546D+03
 0.128859D+03
 0.128303D+03
 0.129089D+03
 0.128370D+03
 0.129081D+03
 0.126707D+03
 0.129083D+03
 0.127170D+03
 0.128812D+03
 0.129286D+03
 0.128654D+03
 0.129387D+03
 0.128849D+03
 0.129236D+03
 0.126872D+03
 0.128967D+03
 0.127540D+03
 0.129424D+03
 0.129548D+03
 0.129194D+03
 0.129985D+03
 0.128983D+03
 0.129583D+03
 0.127220D+03
 0.128851D+03
 0.128065D+03
 0.130143D+03
 0.130049D+03
 0.129704D+03
 0.130282D+03
 0.129746D+03
 0.129936D+03
 0.127650D+03
 0.129370D+03
 0.128293D+03
 0.130256D+03
 0.130347D+03
 0.130448D+03
 0.130687D+03
 0.130347D+03
 0.130401D+03
 0.128179D+03
 0.129942D+03
 0.128996D+03
 0.131377D+03
 0.130907D+03
 0.130819D+03
 0.131286D+03
 0.130701D+03
 0.130986D+03
 0.128845D+03
 0.130141D+03
 0.129215D+03
 0.131027D+03
 0.130958D+03
 0.130670D+03
 0.131894D+03
 0.131253D+03
 0.131433D+03
 0.129391D+03
 0.130644D+03
 0.129896D+03
 0.130900D+03
 0.130685D+03
 0.132123D+03
 0.131508D+03
 0.131884D+03
 0.129841D+03
 0.131313D+03
 0.130125D+03
 0.131183D+03
 0.131060D+03
 0.132750D+03
 0.131960D+03
 0.132509D+03
 0.130446D+03
 0.131824D+03
 0.130608D+03
 0.138432D+03
 0.139067D+03
 0.138471D+03
 0.139310D+03
 0.138495D+03
 0.138858D+03
 0.137040D+03
 0.137435D+03
 0.139344D+03
 0.139738D+03
 0.139014D+03
 0.139644D+03
 0.139044D+03
 0.139403D+03
 0.137628D+03
 0.138238D+03
 0.137839D+03
 0.139634D+03
 0.139790D+03
 0.139374D+03
 0.139844D+03
 0.139126D+03
 0.139631D+03
 0.137831D+03
 0.139151D+03
 0.138037D+03
 0.139678D+03
 0.139881D+03
 0.139657D+03
 0.140167D+03
 0.139480D+03
 0.139959D+03
 0.137850D+03
 0.139341D+03
 0.138347D+03
 0.139613D+03
 0.140073D+03
 0.139555D+03
 0.140015D+03
 0.139271D+03
 0.139761D+03
 0.137989D+03
 0.138957D+03
 0.138233D+03
 0.139023D+03
 0.139735D+03
 0.139583D+03
 0.139705D+03
 0.138929D+03
 0.139198D+03
 0.137481D+03
 0.139144D+03
 0.137969D+03
 0.138214D+03
 0.139156D+03
 0.138982D+03
 0.139145D+03
 0.138349D+03
 0.138799D+03
 0.136937D+03
 0.138224D+03
 0.137195D+03
 0.137459D+03
 0.138570D+03
 0.137899D+03
 0.138195D+03
 0.137529D+03
 0.137808D+03
 0.135808D+03
 0.137376D+03
 0.136247D+03
 0.136224D+03
 0.137214D+03
 0.136938D+03
 0.136930D+03
 0.136406D+03
 0.136604D+03
 0.134698D+03
 0.135944D+03
 0.135091D+03
 0.134960D+03
 0.135380D+03
 0.135035D+03
 0.135447D+03
 0.134689D+03
 0.135088D+03
 0.132986D+03
 0.134336D+03
 0.133397D+03
 0.132210D+03
 0.132172D+03
 0.131679D+03
 0.133383D+03
 0.132848D+03
 0.131577D+03
 0.130888D+03
 0.132354D+03
 0.129937D+03
 0.131185D+03
 0.130288D+03
 0.129909D+03
 0.130239D+03
 0.129150D+03
 0.129643D+03
 0.128838D+03
 0.128815D+03
 0.128603D+03
 0.130069D+03
 0.128803D+03
 0.128526D+03
 0.128898D+03
 0.128972D+03
 0.128386D+03
 0.127627D+03
 0.127694D+03
 0.127050D+03
 0.129190D+03
 0.128211D+03
 0.127724D+03
 0.128106D+03
 0.127858D+03
 0.127624D+03
 0.127615D+03
 0.126889D+03
 0.126497D+03
 0.128053D+03
 0.127321D+03
 0.126890D+03
 0.127215D+03
 0.127143D+03
 0.127048D+03
 0.127305D+03
 0.126803D+03
 0.126122D+03
 0.126896D+03
 0.127188D+03
 0.126393D+03
 0.128107D+03
 0.127273D+03
 0.126353D+03
 0.125903D+03
 0.126272D+03
 0.125290D+03
 0.128642D+03
 0.128909D+03
 0.128150D+03
 0.128913D+03
 0.128143D+03
 0.128623D+03
 0.126967D+03
 0.128900D+03
 0.127338D+03
 0.128204D+03
 0.128770D+03
 0.128078D+03
 0.128925D+03
 0.128226D+03
 0.128590D+03
 0.127006D+03
 0.129423D+03
 0.127336D+03
 0.128010D+03
 0.128642D+03
 0.128320D+03
 0.128955D+03
 0.128140D+03
 0.128465D+03
 0.126777D+03
 0.129317D+03
 0.127064D+03
 0.128225D+03
 0.128742D+03
 0.128108D+03
 0.128725D+03
 0.128439D+03
 0.128445D+03
 0.126518D+03
 0.129386D+03
 0.126989D+03
 0.128378D+03
 0.128972D+03
 0.128152D+03
 0.129019D+03
 0.128203D+03
 0.128820D+03
 0.126898D+03
 0.128948D+03
 0.127209D+03
 0.128906D+03
 0.128876D+03
 0.128542D+03
 0.129130D+03
 0.128702D+03
 0.129007D+03
 0.126849D+03
 0.128691D+03
 0.127359D+03
 0.129200D+03
 0.129343D+03
 0.129126D+03
 0.129651D+03
 0.128952D+03
 0.129279D+03
 0.127341D+03
 0.128913D+03
 0.127871D+03
 0.130022D+03
 0.129905D+03
 0.129501D+03
 0.130038D+03
 0.129683D+03
 0.129755D+03
 0.128063D+03
 0.129247D+03
 0.128244D+03
 0.130310D+03
 0.130371D+03
 0.130342D+03
 0.130850D+03
 0.130175D+03
 0.130458D+03
 0.128326D+03
 0.129815D+03
 0.128739D+03
 0.131400D+03
 0.130866D+03
 0.130718D+03
 0.131377D+03
 0.130708D+03
 0.130881D+03
 0.128886D+03
 0.130258D+03
 0.129267D+03
 0.130919D+03
 0.130824D+03
 0.130469D+03
 0.131382D+03
 0.130888D+03
 0.131176D+03
 0.129328D+03
 0.130467D+03
 0.129483D+03
 0.130485D+03
 0.130359D+03
 0.131690D+03
 0.131130D+03
 0.131374D+03
 0.129580D+03
 0.130775D+03
 0.129885D+03
 0.138212D+03
 0.138651D+03
 0.138192D+03
 0.138805D+03
 0.138062D+03
 0.138461D+03
 0.137156D+03
 0.136995D+03
 0.138928D+03
 0.139133D+03
 0.138838D+03
 0.139634D+03
 0.138646D+03
 0.139169D+03
 0.137673D+03
 0.138115D+03
 0.137552D+03
 0.139565D+03
 0.139696D+03
 0.139225D+03
 0.139777D+03
 0.139280D+03
 0.139555D+03
 0.138011D+03
 0.139057D+03
 0.138135D+03
 0.139702D+03
 0.139879D+03
 0.139461D+03
 0.140089D+03
 0.139114D+03
 0.139754D+03
 0.137977D+03
 0.139265D+03
 0.138419D+03
 0.139623D+03
 0.139902D+03
 0.139488D+03
 0.139929D+03
 0.139519D+03
 0.139545D+03
 0.137644D+03
 0.139183D+03
 0.138127D+03
 0.139105D+03
 0.139805D+03
 0.139380D+03
 0.139761D+03
 0.138939D+03
 0.139273D+03
 0.137331D+03
 0.139180D+03
 0.137883D+03
 0.138263D+03
 0.139293D+03
 0.138949D+03
 0.139057D+03
 0.138448D+03
 0.138687D+03
 0.136486D+03
 0.138093D+03
 0.137285D+03
 0.137689D+03
 0.138513D+03
 0.137865D+03
 0.138207D+03
 0.137583D+03
 0.137796D+03
 0.135641D+03
 0.137421D+03
 0.136148D+03
 0.136241D+03
 0.135585D+03
 0.135086D+03
 0.136732D+03
 0.135839D+03
 0.136251D+03
 0.134101D+03
 0.135645D+03
 0.134521D+03
 0.133123D+03
 0.133858D+03
 0.133364D+03
 0.133363D+03
 0.132509D+03
 0.133070D+03
 0.132697D+03
 0.132276D+03
 0.131614D+03
 0.128368D+03
 0.127288D+03
 0.126616D+03
 0.127206D+03
 0.127321D+03
 0.126927D+03
 0.127152D+03
 0.125975D+03
 0.125615D+03
 0.126909D+03
 0.126571D+03
 0.125892D+03
 0.126308D+03
 0.126571D+03
 0.126147D+03
 0.126907D+03
 0.125456D+03
 0.124924D+03
 0.126018D+03
 0.127048D+03
 0.125666D+03
 0.125901D+03
 0.126195D+03
 0.125455D+03
 0.126633D+03
 0.125509D+03
 0.124476D+03
 0.127885D+03
 0.128123D+03
 0.127627D+03
 0.128309D+03
 0.127816D+03
 0.127906D+03
 0.126529D+03
 0.128504D+03
 0.126774D+03
 0.127920D+03
 0.128381D+03
 0.127969D+03
 0.128483D+03
 0.127771D+03
 0.128181D+03
 0.126273D+03
 0.128988D+03
 0.126975D+03
 0.127780D+03
 0.128308D+03
 0.127813D+03
 0.128515D+03
 0.127642D+03
 0.128181D+03
 0.126203D+03
 0.129152D+03
 0.126794D+03
 0.127815D+03
 0.128289D+03
 0.127918D+03
 0.128423D+03
 0.127886D+03
 0.128106D+03
 0.126385D+03
 0.128847D+03
 0.126898D+03
 0.128023D+03
 0.128416D+03
 0.127987D+03
 0.128770D+03
 0.128176D+03
 0.128244D+03
 0.126493D+03
 0.128530D+03
 0.126999D+03
 0.128637D+03
 0.128831D+03
 0.128417D+03
 0.129137D+03
 0.128334D+03
 0.128787D+03
 0.126816D+03
 0.128542D+03
 0.127393D+03
 0.129169D+03
 0.129225D+03
 0.129176D+03
 0.129448D+03
 0.128715D+03
 0.129267D+03
 0.127275D+03
 0.128875D+03
 0.127706D+03
 0.129788D+03
 0.129771D+03
 0.129674D+03
 0.130313D+03
 0.129207D+03
 0.129774D+03
 0.127672D+03
 0.129041D+03
 0.128257D+03
 0.130371D+03
 0.130200D+03
 0.130160D+03
 0.130659D+03
 0.129771D+03
 0.130195D+03
 0.128341D+03
 0.129408D+03
 0.128618D+03
 0.131239D+03
 0.130926D+03
 0.130494D+03
 0.131024D+03
 0.130333D+03
 0.130859D+03
 0.128748D+03
 0.130192D+03
 0.129065D+03
 0.130265D+03
 0.130066D+03
 0.129593D+03
 0.130767D+03
 0.129973D+03
 0.130648D+03
 0.128902D+03
 0.129855D+03
 0.128866D+03
 0.129818D+03
 0.129587D+03
 0.130906D+03
 0.130102D+03
 0.130567D+03
 0.129021D+03
 0.129833D+03
 0.129029D+03
 0.138025D+03
 0.138401D+03
 0.137793D+03
 0.138427D+03
 0.137595D+03
 0.138282D+03
 0.137201D+03
 0.136749D+03
 0.138810D+03
 0.139286D+03
 0.138724D+03
 0.139348D+03
 0.138053D+03
 0.138783D+03
 0.137399D+03
 0.138122D+03
 0.137483D+03
 0.139492D+03
 0.139709D+03
 0.139248D+03
 0.139869D+03
 0.138979D+03
 0.139280D+03
 0.137886D+03
 0.139030D+03
 0.138070D+03
 0.139593D+03
 0.139944D+03
 0.139373D+03
 0.140177D+03
 0.138953D+03
 0.139796D+03
 0.138092D+03
 0.139191D+03
 0.138307D+03
 0.139759D+03
 0.140077D+03
 0.139625D+03
 0.139835D+03
 0.138951D+03
 0.139546D+03
 0.137938D+03
 0.138893D+03
 0.138068D+03
 0.138926D+03
 0.139770D+03
 0.139282D+03
 0.139604D+03
 0.138612D+03
 0.139210D+03
 0.137371D+03
 0.138912D+03
 0.137773D+03
 0.138438D+03
 0.139279D+03
 0.138612D+03
 0.138709D+03
 0.138047D+03
 0.138468D+03
 0.136607D+03
 0.138044D+03
 0.136896D+03
 0.135680D+03
 0.136619D+03
 0.136160D+03
 0.136270D+03
 0.136942D+03
 0.135794D+03
 0.135322D+03
 0.137010D+03
 0.134383D+03
 0.134316D+03
 0.135274D+03
 0.134781D+03
 0.134670D+03
 0.135162D+03
 0.134597D+03
 0.133803D+03
 0.133800D+03
 0.133108D+03
 0.127476D+03
 0.127815D+03
 0.127239D+03
 0.127916D+03
 0.126928D+03
 0.127694D+03
 0.125976D+03
 0.128416D+03
 0.126581D+03
 0.127577D+03
 0.127994D+03
 0.127456D+03
 0.128259D+03
 0.127006D+03
 0.127876D+03
 0.126087D+03
 0.128590D+03
 0.126546D+03
 0.127507D+03
 0.128080D+03
 0.127610D+03
 0.128369D+03
 0.127313D+03
 0.127683D+03
 0.126280D+03
 0.128473D+03
 0.126540D+03
 0.127910D+03
 0.128306D+03
 0.127799D+03
 0.128658D+03
 0.127407D+03
 0.128264D+03
 0.126509D+03
 0.128470D+03
 0.126879D+03
 0.128445D+03
 0.128625D+03
 0.128288D+03
 0.128842D+03
 0.127695D+03
 0.128493D+03
 0.126993D+03
 0.128391D+03
 0.127004D+03
 0.128865D+03
 0.129230D+03
 0.128678D+03
 0.129487D+03
 0.128346D+03
 0.128960D+03
 0.127336D+03
 0.128681D+03
 0.127587D+03
 0.129739D+03
 0.129608D+03
 0.129442D+03
 0.129999D+03
 0.128948D+03
 0.129604D+03
 0.127749D+03
 0.128952D+03
 0.128024D+03
 0.129840D+03
 0.129992D+03
 0.129863D+03
 0.130376D+03
 0.129451D+03
 0.130002D+03
 0.128195D+03
 0.129198D+03
 0.128454D+03
 0.130684D+03
 0.130489D+03
 0.130064D+03
 0.130598D+03
 0.129867D+03
 0.130259D+03
 0.128588D+03
 0.129792D+03
 0.128839D+03
 0.139279D+03
 0.139714D+03
 0.139138D+03
 0.139985D+03
 0.138798D+03
 0.139420D+03
 0.137922D+03
 0.139102D+03
 0.138022D+03
 0.139674D+03
 0.139770D+03
 0.139392D+03
 0.140248D+03
 0.138915D+03
 0.139635D+03
 0.138224D+03
 0.139149D+03
 0.138416D+03
 0.139342D+03
 0.139813D+03
 0.139306D+03
 0.139912D+03
 0.138509D+03
 0.139439D+03
 0.138015D+03
 0.139125D+03
 0.137796D+03
 0.138565D+03
 0.139203D+03
 0.138826D+03
 0.139164D+03
 0.137936D+03
 0.138970D+03
 0.137252D+03
 0.138449D+03
 0.137437D+03
 0.136394D+03
 0.137251D+03
 0.136774D+03
 0.137137D+03
 0.137189D+03
 0.136690D+03
 0.136374D+03
 0.137469D+03
 0.135110D+03
 0.126950D+03
 0.127396D+03
 0.126906D+03
 0.127644D+03
 0.126423D+03
 0.127424D+03
 0.125826D+03
 0.128283D+03
 0.126316D+03
 0.127305D+03
 0.127845D+03
 0.127152D+03
 0.127952D+03
 0.126722D+03
 0.127694D+03
 0.126094D+03
 0.128249D+03
 0.126338D+03
 0.127788D+03
 0.127948D+03
 0.127500D+03
 0.128390D+03
 0.126999D+03
 0.127813D+03
 0.126388D+03
 0.128034D+03
 0.126561D+03
 0.128116D+03
 0.128427D+03
 0.127876D+03
 0.128539D+03
 0.127280D+03
 0.128083D+03
 0.126672D+03
 0.128052D+03
 0.126617D+03
 0.128614D+03
 0.128787D+03
 0.128312D+03
 0.129136D+03
 0.127966D+03
 0.128497D+03
 0.127135D+03
 0.128202D+03
 0.127269D+03
 0.129099D+03
 0.129118D+03
 0.128857D+03
 0.129498D+03
 0.128478D+03
 0.129058D+03
 0.127363D+03
 0.128525D+03
 0.127422D+03
 0.129790D+03
 0.129446D+03
 0.129182D+03
 0.129632D+03
 0.128880D+03
 0.129553D+03
 0.127866D+03
 0.128617D+03
 0.127907D+03
 0.139244D+03
 0.139603D+03
 0.139086D+03
 0.139897D+03
 0.138807D+03
 0.139437D+03
 0.138216D+03
 0.139137D+03
 0.138044D+03
 0.139158D+03
 0.139556D+03
 0.139096D+03
 0.139578D+03
 0.138764D+03
 0.139432D+03
 0.138137D+03
 0.139035D+03
 0.137862D+03
 0.138644D+03
 0.139424D+03
 0.138715D+03
 0.139429D+03
 0.138232D+03
 0.138962D+03
 0.138001D+03
 0.138245D+03
 0.137548D+03
 0.137028D+03
 0.137907D+03
 0.137276D+03
 0.137507D+03
 0.137737D+03
 0.136950D+03
 0.136980D+03
 0.136678D+03
 0.135846D+03
 0.136891D+03
 0.137244D+03
 0.136822D+03
 0.137012D+03
 0.136637D+03
 0.136594D+03
 0.135303D+03
 0.135894D+03
 0.134962D+03
 0.126817D+03
 0.127300D+03
 0.126713D+03
 0.127565D+03
 0.126701D+03
 0.127036D+03
 0.126294D+03
 0.127893D+03
 0.125752D+03
 0.127290D+03
 0.127451D+03
 0.126951D+03
 0.127805D+03
 0.127163D+03
 0.127436D+03
 0.126194D+03
 0.127730D+03
 0.126140D+03
 0.127390D+03
 0.127739D+03
 0.127259D+03
 0.128101D+03
 0.127384D+03
 0.127636D+03
 0.126603D+03
 0.127630D+03
 0.126048D+03
 0.127926D+03
 0.128270D+03
 0.127735D+03
 0.128517D+03
 0.127837D+03
 0.128045D+03
 0.126771D+03
 0.127682D+03
 0.126563D+03
 0.128747D+03
 0.128616D+03
 0.128295D+03
 0.128773D+03
 0.128260D+03
 0.128306D+03
 0.127117D+03
 0.127767D+03
 0.126958D+03
 0.129124D+03
 0.128805D+03
 0.128518D+03
 0.129008D+03
 0.128519D+03
 0.128810D+03
 0.127193D+03
 0.128090D+03
 0.127080D+03
 0.127239D+03
 0.127072D+03
 0.126396D+03
 0.127712D+03
 0.126801D+03
 0.127002D+03
 0.125419D+03
 0.126049D+03
 0.125463D+03
 0.126380D+03
 0.126727D+03
 0.126263D+03
 0.127020D+03
 0.126361D+03
 0.126648D+03
 0.125050D+03
 0.126415D+03
 0.125001D+03
 0.129416D+03
 0.128637D+03
 0.128468D+03
 0.130139D+03
 0.129594D+03
 0.129754D+03
 0.127768D+03
 0.128319D+03
 0.127769D+03
 0.128848D+03
 0.128669D+03
 0.130353D+03
 0.129595D+03
 0.130084D+03
 0.128092D+03
 0.128932D+03
 0.127897D+03
 0.129273D+03
 0.128802D+03
 0.130632D+03
 0.130094D+03
 0.130325D+03
 0.128380D+03
 0.130035D+03
 0.128570D+03
 0.129696D+03
 0.131901D+03
 0.131278D+03
 0.130953D+03
 0.131054D+03
 0.129495D+03
 0.130524D+03
 0.128905D+03
 0.133902D+03
 0.132668D+03
 0.132389D+03
 0.131645D+03
 0.132019D+03
 0.130177D+03
 0.130911D+03
 0.129957D+03
 0.133976D+03
 0.133524D+03
 0.133449D+03
 0.132717D+03
 0.133115D+03
 0.131290D+03
 0.131654D+03
 0.130991D+03
 0.132588D+03
 0.134761D+03
 0.134231D+03
 0.134790D+03
 0.134225D+03
 0.134168D+03
 0.132238D+03
 0.133068D+03
 0.132014D+03
 0.132289D+03
 0.132179D+03
 0.131887D+03
 0.132345D+03
 0.131682D+03
 0.132049D+03
 0.130135D+03
 0.130434D+03
 0.129207D+03
 0.130360D+03
 0.129711D+03
 0.129188D+03
 0.129925D+03
 0.129499D+03
 0.129644D+03
 0.128988D+03
 0.128742D+03
 0.127779D+03
 0.130467D+03
 0.129196D+03
 0.128695D+03
 0.129413D+03
 0.128066D+03
 0.129054D+03
 0.127988D+03
 0.127885D+03
 0.127339D+03
 0.129213D+03
 0.128317D+03
 0.127640D+03
 0.128548D+03
 0.127892D+03
 0.127937D+03
 0.127060D+03
 0.126980D+03
 0.126337D+03
 0.128141D+03
 0.127717D+03
 0.126983D+03
 0.127999D+03
 0.127375D+03
 0.127532D+03
 0.126467D+03
 0.126546D+03
 0.125752D+03
 0.127164D+03
 0.127181D+03
 0.126615D+03
 0.127576D+03
 0.126694D+03
 0.127125D+03
 0.126187D+03
 0.126402D+03
 0.125431D+03
 0.126675D+03
 0.126904D+03
 0.126539D+03
 0.127552D+03
 0.126717D+03
 0.126919D+03
 0.125874D+03
 0.126358D+03
 0.125024D+03
 0.128563D+03
 0.128380D+03
 0.128139D+03
 0.129680D+03
 0.129018D+03
 0.129161D+03
 0.128091D+03
 0.127553D+03
 0.127009D+03
 0.128652D+03
 0.128327D+03
 0.129971D+03
 0.129344D+03
 0.129604D+03
 0.128720D+03
 0.128027D+03
 0.127500D+03
 0.128833D+03
 0.128523D+03
 0.130525D+03
 0.129816D+03
 0.130067D+03
 0.129482D+03
 0.129819D+03
 0.128002D+03
 0.129583D+03
 0.131852D+03
 0.131249D+03
 0.130525D+03
 0.131010D+03
 0.130406D+03
 0.130361D+03
 0.129001D+03
 0.133735D+03
 0.132498D+03
 0.132275D+03
 0.131606D+03
 0.131989D+03
 0.131466D+03
 0.131395D+03
 0.129830D+03
 0.133999D+03
 0.133566D+03
 0.133559D+03
 0.132654D+03
 0.132920D+03
 0.132850D+03
 0.132607D+03
 0.130987D+03
 0.132910D+03
 0.134958D+03
 0.134415D+03
 0.134834D+03
 0.134035D+03
 0.134400D+03
 0.134173D+03
 0.133532D+03
 0.131987D+03
 0.135238D+03
 0.135639D+03
 0.135212D+03
 0.136169D+03
 0.135548D+03
 0.135750D+03
 0.135411D+03
 0.133025D+03
 0.131135D+03
 0.130912D+03
 0.130732D+03
 0.131185D+03
 0.130278D+03
 0.131026D+03
 0.131119D+03
 0.129821D+03
 0.129055D+03
 0.131060D+03
 0.130266D+03
 0.129824D+03
 0.130307D+03
 0.129104D+03
 0.130117D+03
 0.129839D+03
 0.129242D+03
 0.128184D+03
 0.130189D+03
 0.129086D+03
 0.128532D+03
 0.129219D+03
 0.128460D+03
 0.129053D+03
 0.128919D+03
 0.128133D+03
 0.127126D+03
 0.129489D+03
 0.128162D+03
 0.127842D+03
 0.128575D+03
 0.128109D+03
 0.128121D+03
 0.128154D+03
 0.127390D+03
 0.126550D+03
 0.128395D+03
 0.127782D+03
 0.127250D+03
 0.127988D+03
 0.127378D+03
 0.127692D+03
 0.127580D+03
 0.127085D+03
 0.126005D+03
 0.127620D+03
 0.127352D+03
 0.126720D+03
 0.127732D+03
 0.126748D+03
 0.127326D+03
 0.127192D+03
 0.126688D+03
 0.125784D+03
 0.128470D+03
 0.128447D+03
 0.129946D+03
 0.129147D+03
 0.129456D+03
 0.128876D+03
 0.127683D+03
 0.129128D+03
 0.128736D+03
 0.130554D+03
 0.129957D+03
 0.130332D+03
 0.130334D+03
 0.128688D+03
 0.132423D+03
 0.131883D+03
 0.131503D+03
 0.130580D+03
 0.131054D+03
 0.131073D+03
 0.129690D+03
 0.133688D+03
 0.132954D+03
 0.132592D+03
 0.131753D+03
 0.132135D+03
 0.132189D+03
 0.130699D+03
 0.134295D+03
 0.133981D+03
 0.133886D+03
 0.132829D+03
 0.133430D+03
 0.133332D+03
 0.131856D+03
 0.133279D+03
 0.135256D+03
 0.134782D+03
 0.135234D+03
 0.134235D+03
 0.134690D+03
 0.134109D+03
 0.132673D+03
 0.135312D+03
 0.136127D+03
 0.135566D+03
 0.136291D+03
 0.135567D+03
 0.135951D+03
 0.134936D+03
 0.133628D+03
 0.136177D+03
 0.137187D+03
 0.136616D+03
 0.137250D+03
 0.136457D+03
 0.136919D+03
 0.134914D+03
 0.138560D+03
 0.138914D+03
 0.138548D+03
 0.139395D+03
 0.138209D+03
 0.138657D+03
 0.137993D+03
 0.136825D+03
 0.137925D+03
 0.138487D+03
 0.138068D+03
 0.138850D+03
 0.137783D+03
 0.138402D+03
 0.137483D+03
 0.136468D+03
 0.133259D+03
 0.134096D+03
 0.133757D+03
 0.134202D+03
 0.133338D+03
 0.133980D+03
 0.133319D+03
 0.131937D+03
 0.132105D+03
 0.132654D+03
 0.132413D+03
 0.132730D+03
 0.132099D+03
 0.132252D+03
 0.131480D+03
 0.131063D+03
 0.131629D+03
 0.131564D+03
 0.131245D+03
 0.131678D+03
 0.130332D+03
 0.131416D+03
 0.130989D+03
 0.129778D+03
 0.131128D+03
 0.130233D+03
 0.130064D+03
 0.130433D+03
 0.129876D+03
 0.130215D+03
 0.129710D+03
 0.128934D+03
 0.130613D+03
 0.129197D+03
 0.128885D+03
 0.129596D+03
 0.128909D+03
 0.129100D+03
 0.128853D+03
 0.128060D+03
 0.129644D+03
 0.128578D+03
 0.128095D+03
 0.128873D+03
 0.128136D+03
 0.128228D+03
 0.128173D+03
 0.127249D+03
 0.128680D+03
 0.127903D+03
 0.127544D+03
 0.128466D+03
 0.127455D+03
 0.127829D+03
 0.127871D+03
 0.126617D+03
 0.129512D+03
 0.129194D+03
 0.131159D+03
 0.129915D+03
 0.130738D+03
 0.131232D+03
 0.130136D+03
 0.132752D+03
 0.132459D+03
 0.131987D+03
 0.130810D+03
 0.131702D+03
 0.132032D+03
 0.130989D+03
 0.134170D+03
 0.133524D+03
 0.133157D+03
 0.131913D+03
 0.132682D+03
 0.133194D+03
 0.132010D+03
 0.138236D+03
 0.138635D+03
 0.137822D+03
 0.138744D+03
 0.138143D+03
 0.138476D+03
 0.138336D+03
 0.137580D+03
 0.138314D+03
 0.138533D+03
 0.137971D+03
 0.138988D+03
 0.138123D+03
 0.138724D+03
 0.138633D+03
 0.137502D+03
 0.137929D+03
 0.138555D+03
 0.138193D+03
 0.138824D+03
 0.137856D+03
 0.138237D+03
 0.138040D+03
 0.137050D+03
 0.137655D+03
 0.138112D+03
 0.137872D+03
 0.138169D+03
 0.137447D+03
 0.138022D+03
 0.137467D+03
 0.136352D+03
 0.136656D+03
 0.137358D+03
 0.137267D+03
 0.137631D+03
 0.136663D+03
 0.137019D+03
 0.136764D+03
 0.135692D+03
 0.135243D+03
 0.135984D+03
 0.135821D+03
 0.136124D+03
 0.135236D+03
 0.135636D+03
 0.135340D+03
 0.134533D+03
 0.134266D+03
 0.134840D+03
 0.134892D+03
 0.134799D+03
 0.134087D+03
 0.134505D+03
 0.133716D+03
 0.133625D+03
 0.132938D+03
 0.133551D+03
 0.133225D+03
 0.133677D+03
 0.132331D+03
 0.133319D+03
 0.133070D+03
 0.132340D+03
 0.132141D+03
 0.132268D+03
 0.131860D+03
 0.132164D+03
 0.131045D+03
 0.131803D+03
 0.131575D+03
 0.130872D+03
 0.131726D+03
 0.130900D+03
 0.130442D+03
 0.131172D+03
 0.129788D+03
 0.130635D+03
 0.130507D+03
 0.129724D+03
 0.131075D+03
 0.129960D+03
 0.129490D+03
 0.129897D+03
 0.129055D+03
 0.129586D+03
 0.129708D+03
 0.129051D+03
 0.130295D+03
 0.129936D+03
 0.131669D+03
 0.130894D+03
 0.131446D+03
 0.132364D+03
 0.131515D+03
 0.133395D+03
 0.133242D+03
 0.132523D+03
 0.131812D+03
 0.132438D+03
 0.133597D+03
 0.132653D+03
 0.134953D+03
 0.134437D+03
 0.133983D+03
 0.132861D+03
 0.133493D+03
 0.134562D+03
 0.133852D+03
 0.135627D+03
 0.134982D+03
 0.135121D+03
 0.133998D+03
 0.134470D+03
 0.135941D+03
 0.135155D+03
 0.138374D+03
 0.138824D+03
 0.138294D+03
 0.139060D+03
 0.138223D+03
 0.138652D+03
 0.138977D+03
 0.138768D+03
 0.138749D+03
 0.138119D+03
 0.139109D+03
 0.138268D+03
 0.138517D+03
 0.138795D+03
 0.138421D+03
 0.138380D+03
 0.138087D+03
 0.138940D+03
 0.138147D+03
 0.138462D+03
 0.139359D+03
 0.138855D+03
 0.138545D+03
 0.138607D+03
 0.138289D+03
 0.138771D+03
 0.138219D+03
 0.138545D+03
 0.139619D+03
 0.138699D+03
 0.138282D+03
 0.138997D+03
 0.138666D+03
 0.138965D+03
 0.138377D+03
 0.138498D+03
 0.139367D+03
 0.138064D+03
 0.136884D+03
 0.137890D+03
 0.137735D+03
 0.137758D+03
 0.137191D+03
 0.137720D+03
 0.137947D+03
 0.137219D+03
 0.136084D+03
 0.137213D+03
 0.136645D+03
 0.137090D+03
 0.135950D+03
 0.136746D+03
 0.137054D+03
 0.136198D+03
 0.134798D+03
 0.135914D+03
 0.135550D+03
 0.135768D+03
 0.134776D+03
 0.135404D+03
 0.135751D+03
 0.134915D+03
 0.133852D+03
 0.134329D+03
 0.134091D+03
 0.134318D+03
 0.133130D+03
 0.133944D+03
 0.134406D+03
 0.133844D+03
 0.132836D+03
 0.132958D+03
 0.132661D+03
 0.133020D+03
 0.131886D+03
 0.132565D+03
 0.132933D+03
 0.132355D+03
 0.132602D+03
 0.131713D+03
 0.131251D+03
 0.131727D+03
 0.130698D+03
 0.131319D+03
 0.131711D+03
 0.131301D+03
 0.131882D+03
 0.130712D+03
 0.130243D+03
 0.130509D+03
 0.129777D+03
 0.130395D+03
 0.130821D+03
 0.130434D+03
 0.135974D+03
 0.135246D+03
 0.134663D+03
 0.133724D+03
 0.133987D+03
 0.130098D+03
 0.134547D+03
 0.136401D+03
 0.135982D+03
 0.135774D+03
 0.134839D+03
 0.135412D+03
 0.135952D+03
 0.134201D+03
 0.137300D+03
 0.136805D+03
 0.136951D+03
 0.136151D+03
 0.136260D+03
 0.137120D+03
 0.138864D+03
 0.139411D+03
 0.139069D+03
 0.139528D+03
 0.138973D+03
 0.139195D+03
 0.139564D+03
 0.139727D+03
 0.139102D+03
 0.139575D+03
 0.139153D+03
 0.139219D+03
 0.139999D+03
 0.139491D+03
 0.139117D+03
 0.139879D+03
 0.139305D+03
 0.139436D+03
 0.139657D+03
 0.135981D+03
 0.135371D+03
 0.134949D+03
 0.134075D+03
 0.134389D+03
 0.136744D+03
 0.136147D+03
 0.136097D+03
 0.135437D+03
 0.135527D+03
 0.134103D+03
 0.137612D+03
 0.137130D+03
 0.137168D+03
 0.136490D+03
 0.136462D+03
 0.133993D+03
 0.136362D+03
 0.135829D+03
 0.137350D+03
 0.135662D+03
 0.136964D+03
 0.131176D+03
 0.130292D+03
 0.127496D+03
 0.127460D+03
 0.127279D+03
 0.123053D+03
 0.126842D+03
 0.127049D+03
 0.125956D+03
 0.128209D+03
 0.127793D+03
 0.127646D+03
 0.123449D+03
 0.127261D+03
 0.127545D+03
 0.126305D+03
 0.128247D+03
 0.128125D+03
 0.127704D+03
 0.127554D+03
 0.126896D+03
 0.128226D+03
 0.128073D+03
 0.127065D+03
 0.127499D+03
 0.127675D+03
 0.127129D+03
 0.126060D+03
 0.125310D+03
 0.127002D+03
 0.126839D+03
 0.125883D+03
 0.127742D+03
 0.127986D+03
 0.127826D+03
 0.126714D+03
 0.125888D+03
 0.127377D+03
 0.127424D+03
 0.126280D+03
 0.128753D+03
 0.128270D+03
 0.127863D+03
 0.127295D+03
 0.126491D+03
 0.127806D+03
 0.127775D+03
 0.126755D+03
