 0.134048D+03
 0.133126D+03
 0.134777D+03
 0.134675D+03
 0.135699D+03
 0.134499D+03
 0.133500D+03
 0.135103D+03
 0.135637D+03
 0.135928D+03
 0.131750D+03
 0.130749D+03
 0.132665D+03
 0.135750D+03
 0.133428D+03
 0.132307D+03
 0.130976D+03
 0.132981D+03
 0.134674D+03
 0.133660D+03
 0.132681D+03
 0.131390D+03
 0.133423D+03
 0.134139D+03
 0.134138D+03
 0.132981D+03
 0.131855D+03
 0.133770D+03
 0.133926D+03
 0.134462D+03
 0.133311D+03
 0.132314D+03
 0.133930D+03
 0.134093D+03
 0.134973D+03
 0.133831D+03
 0.132860D+03
 0.134376D+03
 0.134296D+03
 0.135231D+03
 0.134791D+03
 0.134081D+03
 0.134836D+03
 0.135315D+03
 0.135969D+03
 0.134793D+03
 0.134232D+03
 0.135322D+03
 0.136093D+03
 0.136462D+03
 0.134263D+03
 0.133745D+03
 0.134899D+03
 0.135717D+03
 0.135937D+03
 0.133450D+03
 0.132724D+03
 0.134136D+03
 0.135975D+03
 0.134958D+03
 0.132798D+03
 0.132231D+03
 0.133633D+03
 0.137103D+03
 0.134600D+03
 0.132442D+03
 0.131782D+03
 0.133206D+03
 0.138079D+03
 0.134210D+03
 0.132320D+03
 0.131389D+03
 0.133131D+03
 0.134129D+03
 0.132146D+03
 0.131595D+03
 0.132973D+03
 0.133789D+03
 0.132504D+03
 0.131503D+03
 0.132959D+03
 0.133695D+03
 0.132352D+03
 0.131671D+03
 0.133095D+03
 0.137810D+03
 0.133919D+03
 0.132530D+03
 0.131949D+03
 0.133202D+03
 0.136095D+03
 0.133970D+03
 0.132867D+03
 0.132229D+03
 0.133383D+03
 0.134714D+03
 0.134267D+03
 0.133190D+03
 0.132319D+03
 0.133408D+03
 0.134521D+03
 0.134723D+03
 0.133528D+03
 0.132699D+03
 0.133944D+03
 0.134448D+03
 0.134980D+03
 0.134071D+03
 0.133348D+03
 0.134385D+03
 0.134420D+03
 0.135381D+03
 0.134399D+03
 0.133605D+03
 0.134790D+03
 0.134567D+03
 0.135691D+03
 0.135263D+03
 0.134807D+03
 0.134733D+03
 0.135124D+03
 0.135593D+03
 0.136315D+03
 0.135435D+03
 0.135012D+03
 0.134913D+03
 0.135215D+03
 0.136075D+03
 0.136729D+03
 0.144193D+03
 0.143570D+03
 0.143660D+03
 0.144093D+03
 0.145158D+03
 0.145238D+03
 0.143052D+03
 0.142689D+03
 0.142469D+03
 0.142747D+03
 0.143666D+03
 0.144140D+03
 0.141162D+03
 0.140861D+03
 0.140860D+03
 0.141237D+03
 0.141521D+03
 0.142278D+03
 0.139425D+03
 0.139084D+03
 0.138878D+03
 0.139275D+03
 0.139369D+03
 0.140396D+03
 0.137588D+03
 0.137134D+03
 0.137126D+03
 0.137601D+03
 0.138024D+03
 0.138763D+03
 0.136300D+03
 0.135669D+03
 0.135672D+03
 0.136343D+03
 0.136437D+03
 0.137308D+03
 0.135123D+03
 0.134545D+03
 0.134288D+03
 0.135283D+03
 0.136162D+03
 0.136389D+03
 0.134004D+03
 0.133504D+03
 0.133674D+03
 0.134341D+03
 0.136306D+03
 0.135489D+03
 0.133733D+03
 0.133080D+03
 0.133040D+03
 0.133785D+03
 0.137187D+03
 0.134892D+03
 0.133199D+03
 0.132622D+03
 0.132837D+03
 0.133640D+03
 0.138271D+03
 0.134682D+03
 0.133071D+03
 0.132614D+03
 0.132498D+03
 0.133264D+03
 0.134477D+03
 0.133167D+03
 0.132552D+03
 0.132613D+03
 0.133102D+03
 0.134340D+03
 0.133176D+03
 0.132680D+03
 0.132385D+03
 0.133115D+03
 0.134132D+03
 0.133431D+03
 0.132599D+03
 0.132555D+03
 0.133148D+03
 0.138196D+03
 0.134226D+03
 0.133433D+03
 0.132896D+03
 0.132857D+03
 0.133386D+03
 0.136474D+03
 0.134406D+03
 0.133741D+03
 0.132991D+03
 0.133189D+03
 0.133366D+03
 0.135101D+03
 0.134654D+03
 0.133827D+03
 0.133497D+03
 0.133501D+03
 0.133680D+03
 0.134804D+03
 0.134803D+03
 0.134449D+03
 0.133793D+03
 0.133783D+03
 0.134179D+03
 0.134536D+03
 0.135186D+03
 0.134791D+03
 0.134372D+03
 0.134197D+03
 0.134401D+03
 0.134650D+03
 0.135739D+03
 0.134953D+03
 0.134433D+03
 0.134511D+03
 0.134614D+03
 0.134831D+03
 0.135993D+03
 0.136239D+03
 0.135122D+03
 0.135554D+03
 0.134723D+03
 0.135457D+03
 0.136259D+03
 0.136403D+03
 0.135399D+03
 0.135776D+03
 0.134889D+03
 0.136319D+03
 0.136634D+03
 0.145835D+03
 0.144725D+03
 0.145180D+03
 0.144456D+03
 0.146414D+03
 0.146247D+03
 0.145079D+03
 0.144052D+03
 0.144270D+03
 0.143835D+03
 0.145287D+03
 0.145503D+03
 0.143801D+03
 0.142897D+03
 0.143246D+03
 0.142691D+03
 0.143866D+03
 0.143998D+03
 0.142127D+03
 0.141169D+03
 0.141306D+03
 0.141008D+03
 0.141336D+03
 0.142446D+03
 0.140201D+03
 0.139444D+03
 0.139777D+03
 0.139215D+03
 0.139566D+03
 0.140419D+03
 0.138630D+03
 0.137608D+03
 0.138008D+03
 0.137565D+03
 0.138012D+03
 0.139037D+03
 0.137090D+03
 0.136428D+03
 0.136615D+03
 0.136338D+03
 0.136978D+03
 0.137540D+03
 0.136088D+03
 0.135133D+03
 0.135413D+03
 0.135249D+03
 0.136339D+03
 0.136665D+03
 0.135315D+03
 0.134216D+03
 0.134494D+03
 0.134517D+03
 0.136717D+03
 0.135750D+03
 0.134894D+03
 0.133606D+03
 0.134045D+03
 0.134068D+03
 0.137418D+03
 0.135089D+03
 0.134465D+03
 0.133214D+03
 0.133491D+03
 0.133755D+03
 0.138600D+03
 0.135131D+03
 0.134247D+03
 0.133293D+03
 0.133538D+03
 0.133389D+03
 0.134764D+03
 0.134012D+03
 0.133237D+03
 0.133643D+03
 0.133420D+03
 0.134726D+03
 0.134301D+03
 0.133125D+03
 0.133322D+03
 0.133173D+03
 0.134559D+03
 0.134326D+03
 0.133159D+03
 0.133478D+03
 0.133093D+03
 0.138255D+03
 0.134466D+03
 0.134410D+03
 0.133423D+03
 0.133551D+03
 0.133318D+03
 0.136657D+03
 0.134721D+03
 0.134920D+03
 0.133762D+03
 0.134061D+03
 0.133356D+03
 0.135495D+03
 0.134692D+03
 0.135136D+03
 0.133919D+03
 0.134327D+03
 0.133503D+03
 0.135162D+03
 0.134984D+03
 0.135348D+03
 0.134335D+03
 0.134472D+03
 0.133881D+03
 0.134840D+03
 0.135377D+03
 0.135552D+03
 0.134653D+03
 0.134867D+03
 0.134352D+03
 0.134888D+03
 0.135647D+03
 0.135963D+03
 0.134879D+03
 0.135198D+03
 0.134535D+03
 0.134955D+03
 0.136018D+03
 0.137028D+03
 0.135392D+03
 0.135873D+03
 0.134483D+03
 0.135582D+03
 0.136424D+03
 0.137315D+03
 0.135833D+03
 0.136012D+03
 0.134871D+03
 0.136477D+03
 0.136763D+03
 0.147245D+03
 0.145517D+03
 0.146005D+03
 0.144389D+03
 0.146172D+03
 0.147208D+03
 0.145603D+03
 0.145916D+03
 0.144602D+03
 0.145398D+03
 0.147054D+03
 0.145278D+03
 0.145842D+03
 0.144479D+03
 0.147052D+03
 0.146673D+03
 0.146640D+03
 0.145034D+03
 0.145254D+03
 0.144211D+03
 0.146421D+03
 0.146260D+03
 0.146156D+03
 0.144250D+03
 0.144588D+03
 0.143580D+03
 0.145259D+03
 0.145316D+03
 0.144740D+03
 0.143099D+03
 0.143079D+03
 0.142240D+03
 0.143871D+03
 0.144053D+03
 0.142858D+03
 0.141371D+03
 0.141697D+03
 0.140508D+03
 0.141559D+03
 0.142233D+03
 0.141396D+03
 0.139597D+03
 0.140107D+03
 0.139107D+03
 0.139978D+03
 0.140668D+03
 0.139658D+03
 0.138075D+03
 0.138527D+03
 0.137600D+03
 0.138114D+03
 0.139335D+03
 0.138189D+03
 0.136786D+03
 0.137021D+03
 0.136214D+03
 0.136901D+03
 0.137762D+03
 0.137142D+03
 0.135453D+03
 0.135852D+03
 0.135087D+03
 0.136578D+03
 0.136679D+03
 0.136250D+03
 0.134583D+03
 0.135184D+03
 0.134561D+03
 0.136736D+03
 0.136187D+03
 0.135847D+03
 0.134075D+03
 0.134459D+03
 0.134117D+03
 0.137488D+03
 0.135680D+03
 0.135671D+03
 0.133868D+03
 0.134417D+03
 0.133935D+03
 0.138651D+03
 0.135496D+03
 0.135239D+03
 0.133718D+03
 0.134139D+03
 0.133366D+03
 0.135106D+03
 0.135181D+03
 0.133574D+03
 0.134040D+03
 0.133298D+03
 0.135010D+03
 0.135432D+03
 0.133773D+03
 0.133914D+03
 0.133117D+03
 0.134658D+03
 0.135358D+03
 0.133548D+03
 0.134108D+03
 0.132940D+03
 0.138482D+03
 0.134728D+03
 0.135478D+03
 0.133811D+03
 0.134042D+03
 0.133192D+03
 0.136927D+03
 0.134872D+03
 0.135500D+03
 0.134033D+03
 0.134448D+03
 0.133275D+03
 0.135719D+03
 0.135066D+03
 0.135946D+03
 0.134268D+03
 0.134593D+03
 0.133537D+03
 0.135172D+03
 0.135186D+03
 0.136230D+03
 0.134392D+03
 0.134918D+03
 0.133694D+03
 0.135151D+03
 0.135399D+03
 0.136665D+03
 0.134730D+03
 0.135004D+03
 0.133989D+03
 0.134881D+03
 0.135635D+03
 0.137062D+03
 0.135245D+03
 0.135433D+03
 0.134162D+03
 0.135154D+03
 0.136171D+03
 0.137614D+03
 0.135435D+03
 0.135681D+03
 0.134259D+03
 0.135680D+03
 0.136517D+03
 0.137932D+03
 0.135852D+03
 0.136213D+03
 0.135026D+03
 0.136504D+03
 0.136985D+03
 0.147904D+03
 0.145400D+03
 0.145922D+03
 0.144081D+03
 0.146300D+03
 0.147815D+03
 0.145578D+03
 0.145884D+03
 0.144368D+03
 0.145248D+03
 0.147668D+03
 0.145356D+03
 0.145817D+03
 0.144100D+03
 0.146823D+03
 0.146604D+03
 0.147058D+03
 0.145093D+03
 0.145171D+03
 0.143711D+03
 0.146396D+03
 0.146175D+03
 0.146294D+03
 0.144167D+03
 0.144335D+03
 0.142865D+03
 0.145396D+03
 0.145384D+03
 0.144825D+03
 0.142915D+03
 0.143130D+03
 0.141610D+03
 0.143693D+03
 0.143909D+03
 0.143526D+03
 0.141323D+03
 0.141555D+03
 0.140287D+03
 0.141799D+03
 0.142616D+03
 0.141791D+03
 0.139894D+03
 0.140210D+03
 0.138709D+03
 0.139751D+03
 0.140722D+03
 0.140403D+03
 0.138396D+03
 0.138503D+03
 0.137521D+03
 0.138284D+03
 0.139310D+03
 0.138815D+03
 0.136957D+03
 0.137247D+03
 0.136256D+03
 0.137333D+03
 0.138037D+03
 0.137704D+03
 0.135955D+03
 0.136050D+03
 0.135048D+03
 0.136690D+03
 0.137133D+03
 0.137137D+03
 0.134982D+03
 0.135265D+03
 0.134406D+03
 0.137134D+03
 0.136269D+03
 0.136509D+03
 0.134550D+03
 0.134767D+03
 0.134198D+03
 0.138118D+03
 0.135701D+03
 0.136493D+03
 0.134092D+03
 0.134510D+03
 0.133655D+03
 0.139022D+03
 0.135413D+03
 0.136262D+03
 0.134057D+03
 0.134247D+03
 0.133432D+03
 0.135483D+03
 0.136128D+03
 0.133823D+03
 0.134237D+03
 0.133244D+03
 0.135149D+03
 0.136071D+03
 0.133626D+03
 0.134050D+03
 0.133049D+03
 0.134788D+03
 0.136214D+03
 0.133934D+03
 0.134058D+03
 0.132815D+03
 0.138770D+03
 0.134913D+03
 0.136273D+03
 0.133865D+03
 0.134059D+03
 0.132833D+03
 0.137006D+03
 0.134838D+03
 0.136425D+03
 0.134320D+03
 0.134264D+03
 0.132738D+03
 0.135681D+03
 0.134987D+03
 0.136697D+03
 0.134419D+03
 0.134644D+03
 0.132889D+03
 0.135264D+03
 0.135276D+03
 0.137024D+03
 0.134384D+03
 0.134870D+03
 0.133161D+03
 0.134982D+03
 0.135559D+03
 0.137365D+03
 0.134983D+03
 0.135255D+03
 0.133536D+03
 0.135025D+03
 0.135783D+03
 0.137370D+03
 0.135434D+03
 0.135585D+03
 0.133985D+03
 0.135226D+03
 0.136121D+03
 0.137905D+03
 0.135705D+03
 0.135840D+03
 0.134209D+03
 0.135907D+03
 0.136772D+03
 0.140732D+03
 0.138467D+03
 0.138693D+03
 0.137316D+03
 0.141470D+03
 0.139555D+03
 0.142087D+03
 0.139911D+03
 0.140104D+03
 0.138590D+03
 0.140764D+03
 0.143486D+03
 0.141298D+03
 0.141343D+03
 0.139381D+03
 0.141249D+03
 0.144684D+03
 0.142495D+03
 0.142531D+03
 0.140282D+03
 0.142720D+03
 0.145688D+03
 0.143495D+03
 0.143604D+03
 0.141684D+03
 0.144225D+03
 0.146768D+03
 0.144412D+03
 0.144795D+03
 0.144994D+03
 0.147158D+03
 0.144888D+03
 0.145122D+03
 0.143661D+03
 0.146103D+03
 0.147856D+03
 0.145226D+03
 0.145528D+03
 0.143762D+03
 0.146158D+03
 0.147844D+03
 0.145268D+03
 0.145708D+03
 0.143819D+03
 0.146385D+03
 0.147875D+03
 0.145572D+03
 0.145753D+03
 0.144133D+03
 0.145387D+03
 0.147620D+03
 0.145414D+03
 0.145523D+03
 0.144012D+03
 0.146894D+03
 0.146372D+03
 0.147020D+03
 0.144746D+03
 0.144972D+03
 0.143270D+03
 0.146406D+03
 0.145885D+03
 0.146149D+03
 0.144131D+03
 0.144382D+03
 0.142437D+03
 0.145207D+03
 0.145155D+03
 0.145183D+03
 0.142857D+03
 0.142943D+03
 0.141477D+03
 0.143579D+03
 0.143873D+03
 0.143659D+03
 0.141472D+03
 0.141717D+03
 0.139967D+03
 0.141696D+03
 0.142373D+03
 0.142011D+03
 0.139870D+03
 0.140241D+03
 0.138656D+03
 0.140113D+03
 0.141067D+03
 0.140498D+03
 0.138571D+03
 0.138705D+03
 0.137216D+03
 0.138680D+03
 0.139425D+03
 0.138907D+03
 0.136964D+03
 0.137249D+03
 0.135942D+03
 0.137460D+03
 0.138171D+03
 0.138257D+03
 0.135951D+03
 0.136272D+03
 0.134919D+03
 0.137051D+03
 0.137342D+03
 0.137351D+03
 0.135216D+03
 0.135423D+03
 0.134336D+03
 0.137237D+03
 0.136636D+03
 0.136687D+03
 0.134457D+03
 0.134748D+03
 0.133876D+03
 0.138032D+03
 0.136046D+03
 0.136471D+03
 0.134193D+03
 0.134626D+03
 0.133678D+03
 0.139176D+03
 0.135546D+03
 0.136560D+03
 0.134204D+03
 0.134330D+03
 0.133430D+03
 0.135365D+03
 0.136453D+03
 0.133999D+03
 0.134218D+03
 0.133058D+03
 0.135173D+03
 0.136340D+03
 0.133919D+03
 0.134355D+03
 0.132857D+03
 0.135116D+03
 0.136236D+03
 0.133819D+03
 0.134101D+03
 0.132787D+03
 0.139004D+03
 0.134781D+03
 0.136409D+03
 0.134167D+03
 0.134199D+03
 0.132269D+03
 0.137194D+03
 0.134854D+03
 0.136551D+03
 0.134109D+03
 0.134364D+03
 0.132319D+03
 0.135744D+03
 0.135083D+03
 0.136710D+03
 0.134334D+03
 0.134810D+03
 0.132710D+03
 0.135167D+03
 0.135182D+03
 0.137031D+03
 0.134685D+03
 0.134943D+03
 0.133013D+03
 0.135061D+03
 0.135544D+03
 0.137487D+03
 0.135065D+03
 0.135432D+03
 0.133302D+03
 0.134838D+03
 0.135803D+03
 0.137935D+03
 0.135498D+03
 0.135673D+03
 0.133836D+03
 0.135208D+03
 0.136222D+03
 0.138056D+03
 0.135858D+03
 0.136114D+03
 0.133862D+03
 0.135974D+03
 0.136786D+03
 0.138301D+03
 0.136468D+03
 0.136543D+03
 0.134434D+03
 0.136843D+03
 0.137198D+03
 0.140698D+03
 0.138675D+03
 0.138911D+03
 0.137485D+03
 0.141705D+03
 0.139791D+03
 0.142093D+03
 0.140081D+03
 0.140148D+03
 0.138289D+03
 0.140897D+03
 0.143264D+03
 0.141326D+03
 0.141496D+03
 0.139373D+03
 0.141365D+03
 0.144391D+03
 0.142571D+03
 0.142720D+03
 0.140219D+03
 0.142963D+03
 0.145461D+03
 0.143557D+03
 0.143704D+03
 0.141513D+03
 0.143899D+03
 0.146559D+03
 0.144288D+03
 0.144548D+03
 0.145485D+03
 0.147006D+03
 0.144543D+03
 0.145128D+03
 0.143495D+03
 0.145936D+03
 0.147223D+03
 0.145174D+03
 0.145344D+03
 0.143581D+03
 0.146026D+03
 0.147697D+03
 0.145305D+03
 0.145519D+03
 0.143580D+03
 0.146132D+03
 0.147443D+03
 0.145276D+03
 0.145636D+03
 0.143906D+03
 0.145474D+03
 0.147363D+03
 0.145259D+03
 0.145333D+03
 0.143376D+03
 0.146860D+03
 0.146256D+03
 0.146966D+03
 0.144630D+03
 0.145025D+03
 0.142796D+03
 0.146367D+03
 0.145955D+03
 0.146080D+03
 0.144000D+03
 0.144117D+03
 0.142098D+03
 0.145350D+03
 0.145079D+03
 0.144832D+03
 0.142799D+03
 0.143044D+03
 0.141213D+03
 0.143821D+03
 0.143756D+03
 0.143660D+03
 0.141385D+03
 0.141567D+03
 0.139832D+03
 0.141952D+03
 0.142464D+03
 0.141948D+03
 0.140102D+03
 0.140165D+03
 0.138482D+03
 0.140173D+03
 0.141134D+03
 0.140493D+03
 0.138395D+03
 0.138777D+03
 0.137053D+03
 0.138859D+03
 0.139837D+03
 0.139040D+03
 0.137488D+03
 0.137172D+03
 0.135807D+03
 0.137605D+03
 0.138340D+03
 0.138116D+03
 0.136155D+03
 0.136448D+03
 0.135037D+03
 0.137011D+03
 0.137231D+03
 0.137237D+03
 0.135337D+03
 0.135470D+03
 0.134071D+03
 0.137459D+03
 0.136718D+03
 0.136597D+03
 0.134803D+03
 0.135033D+03
 0.133631D+03
 0.138308D+03
 0.136388D+03
 0.136537D+03
 0.134453D+03
 0.134701D+03
 0.133501D+03
 0.139493D+03
 0.136012D+03
 0.136334D+03
 0.134293D+03
 0.134474D+03
 0.132872D+03
 0.135444D+03
 0.136288D+03
 0.134044D+03
 0.134049D+03
 0.132961D+03
 0.135410D+03
 0.136049D+03
 0.133727D+03
 0.134150D+03
 0.132542D+03
 0.135375D+03
 0.135987D+03
 0.134047D+03
 0.134064D+03
 0.132280D+03
 0.139000D+03
 0.134870D+03
 0.136387D+03
 0.133908D+03
 0.134214D+03
 0.132076D+03
 0.137238D+03
 0.134766D+03
 0.136279D+03
 0.134220D+03
 0.134322D+03
 0.132264D+03
 0.135667D+03
 0.135028D+03
 0.136555D+03
 0.134540D+03
 0.134587D+03
 0.132475D+03
 0.135342D+03
 0.135324D+03
 0.136829D+03
 0.134702D+03
 0.134824D+03
 0.132670D+03
 0.135058D+03
 0.135422D+03
 0.137115D+03
 0.135252D+03
 0.135200D+03
 0.133209D+03
 0.135080D+03
 0.135963D+03
 0.137545D+03
 0.135395D+03
 0.135660D+03
 0.133613D+03
 0.135442D+03
 0.136275D+03
 0.137880D+03
 0.135899D+03
 0.136285D+03
 0.134272D+03
 0.136229D+03
 0.136863D+03
 0.138362D+03
 0.136620D+03
 0.136671D+03
 0.134732D+03
 0.137041D+03
 0.137516D+03
 0.139026D+03
 0.137235D+03
 0.137328D+03
 0.135369D+03
 0.138520D+03
 0.138035D+03
 0.139730D+03
 0.137746D+03
 0.138040D+03
 0.136423D+03
 0.140093D+03
 0.139175D+03
 0.140679D+03
 0.138663D+03
 0.139109D+03
 0.137464D+03
 0.141974D+03
 0.140002D+03
 0.141845D+03
 0.140115D+03
 0.140483D+03
 0.138370D+03
 0.141112D+03
 0.143160D+03
 0.141469D+03
 0.141375D+03
 0.139256D+03
 0.141455D+03
 0.144323D+03
 0.142518D+03
 0.142872D+03
 0.140247D+03
 0.143004D+03
 0.145474D+03
 0.143576D+03
 0.143692D+03
 0.141427D+03
 0.144173D+03
 0.146386D+03
 0.144364D+03
 0.144363D+03
 0.145671D+03
 0.146890D+03
 0.144963D+03
 0.145099D+03
 0.143280D+03
 0.145814D+03
 0.146996D+03
 0.145147D+03
 0.145343D+03
 0.143440D+03
 0.146026D+03
 0.147368D+03
 0.145283D+03
 0.145613D+03
 0.143528D+03
 0.146247D+03
 0.147244D+03
 0.145397D+03
 0.145540D+03
 0.143779D+03
 0.145224D+03
 0.147057D+03
 0.144931D+03
 0.145377D+03
 0.143126D+03
 0.146903D+03
 0.146275D+03
 0.146600D+03
 0.144569D+03
 0.144800D+03
 0.142885D+03
 0.146509D+03
 0.145677D+03
 0.145640D+03
 0.143922D+03
 0.144252D+03
 0.142001D+03
 0.145389D+03
 0.145001D+03
 0.144878D+03
 0.142868D+03
 0.143366D+03
 0.141028D+03
 0.143604D+03
 0.144001D+03
 0.143533D+03
 0.141635D+03
 0.141701D+03
 0.139803D+03
 0.142123D+03
 0.142717D+03
 0.141775D+03
 0.140207D+03
 0.140280D+03
 0.138446D+03
 0.140382D+03
 0.141233D+03
 0.140524D+03
 0.138653D+03
 0.138693D+03
 0.137084D+03
 0.138929D+03
 0.139714D+03
 0.138994D+03
 0.137202D+03
 0.137525D+03
 0.135785D+03
 0.137523D+03
 0.138548D+03
 0.137806D+03
 0.136008D+03
 0.136448D+03
 0.134583D+03
 0.137038D+03
 0.137484D+03
 0.136873D+03
 0.135316D+03
 0.135421D+03
 0.133975D+03
 0.137286D+03
 0.136777D+03
 0.136467D+03
 0.134600D+03
 0.134755D+03
 0.133647D+03
 0.138525D+03
 0.135974D+03
 0.136163D+03
 0.134548D+03
 0.134487D+03
 0.133133D+03
 0.139538D+03
 0.135741D+03
 0.136097D+03
 0.134309D+03
 0.134215D+03
 0.132911D+03
 0.135846D+03
 0.135990D+03
 0.134204D+03
 0.134102D+03
 0.132960D+03
 0.135458D+03
 0.135902D+03
 0.134045D+03
 0.134037D+03
 0.132514D+03
 0.135117D+03
 0.135968D+03
 0.133884D+03
 0.134179D+03
 0.132198D+03
 0.139237D+03
 0.134878D+03
 0.135787D+03
 0.133847D+03
 0.134036D+03
 0.131949D+03
 0.137249D+03
 0.134806D+03
 0.136174D+03
 0.134015D+03
 0.134265D+03
 0.132050D+03
 0.135814D+03
 0.134963D+03
 0.136384D+03
 0.134414D+03
 0.134753D+03
 0.132215D+03
 0.135330D+03
 0.135242D+03
 0.136687D+03
 0.134749D+03
 0.134847D+03
 0.132800D+03
 0.135386D+03
 0.135632D+03
 0.137333D+03
 0.135276D+03
 0.135267D+03
 0.133123D+03
 0.135261D+03
 0.135964D+03
 0.137695D+03
 0.135587D+03
 0.135932D+03
 0.133605D+03
 0.135624D+03
 0.136474D+03
 0.138096D+03
 0.136135D+03
 0.136431D+03
 0.134408D+03
 0.136339D+03
 0.136985D+03
 0.138544D+03
 0.136561D+03
 0.136883D+03
 0.134822D+03
 0.137106D+03
 0.137676D+03
 0.138948D+03
 0.137128D+03
 0.137314D+03
 0.135441D+03
 0.138549D+03
 0.138271D+03
 0.145079D+03
 0.143409D+03
 0.143498D+03
 0.141284D+03
 0.144054D+03
 0.145867D+03
 0.144089D+03
 0.144406D+03
 0.145653D+03
 0.146365D+03
 0.144540D+03
 0.144705D+03
 0.143313D+03
 0.145760D+03
 0.146742D+03
 0.144871D+03
 0.145149D+03
 0.143540D+03
 0.145898D+03
 0.147056D+03
 0.145204D+03
 0.145467D+03
 0.143517D+03
 0.145917D+03
 0.147027D+03
 0.145305D+03
 0.145417D+03
 0.143781D+03
 0.145374D+03
 0.146772D+03
 0.144943D+03
 0.145149D+03
 0.143488D+03
 0.146975D+03
 0.146071D+03
 0.146586D+03
 0.144676D+03
 0.144900D+03
 0.142828D+03
 0.146404D+03
 0.145796D+03
 0.145768D+03
 0.143793D+03
 0.144023D+03
 0.142219D+03
 0.145380D+03
 0.145239D+03
 0.144822D+03
 0.143019D+03
 0.143232D+03
 0.141349D+03
 0.143942D+03
 0.144001D+03
 0.143666D+03
 0.141594D+03
 0.141864D+03
 0.139952D+03
 0.142248D+03
 0.142879D+03
 0.141960D+03
 0.140116D+03
 0.140231D+03
 0.138667D+03
 0.140401D+03
 0.141566D+03
 0.140307D+03
 0.138721D+03
 0.138780D+03
 0.137097D+03
 0.138665D+03
 0.139710D+03
 0.138816D+03
 0.136903D+03
 0.137207D+03
 0.134819D+03
 0.137575D+03
 0.138158D+03
 0.137622D+03
 0.134081D+03
 0.133914D+03
 0.133736D+03
 0.135434D+03
 0.135198D+03
 0.134306D+03
 0.133984D+03
 0.133202D+03
 0.132808D+03
 0.135882D+03
 0.134206D+03
 0.134262D+03
 0.133772D+03
 0.132849D+03
 0.133165D+03
 0.137318D+03
 0.133593D+03
 0.135687D+03
 0.134007D+03
 0.134225D+03
 0.132861D+03
 0.139359D+03
 0.135498D+03
 0.135718D+03
 0.134026D+03
 0.134183D+03
 0.132775D+03
 0.135440D+03
 0.135931D+03
 0.134101D+03
 0.133930D+03
 0.132565D+03
 0.135311D+03
 0.135809D+03
 0.133858D+03
 0.133939D+03
 0.132532D+03
 0.135045D+03
 0.135690D+03
 0.133825D+03
 0.134014D+03
 0.132307D+03
 0.139200D+03
 0.135011D+03
 0.135497D+03
 0.133596D+03
 0.133914D+03
 0.131970D+03
 0.137275D+03
 0.134596D+03
 0.135885D+03
 0.133799D+03
 0.134290D+03
 0.132097D+03
 0.135902D+03
 0.134852D+03
 0.136454D+03
 0.134197D+03
 0.134641D+03
 0.132494D+03
 0.135276D+03
 0.135357D+03
 0.136727D+03
 0.134775D+03
 0.134914D+03
 0.132665D+03
 0.135358D+03
 0.135678D+03
 0.137082D+03
 0.135373D+03
 0.135326D+03
 0.133306D+03
 0.135255D+03
 0.136011D+03
 0.137579D+03
 0.135680D+03
 0.136004D+03
 0.133669D+03
 0.135637D+03
 0.136442D+03
 0.138075D+03
 0.136055D+03
 0.136304D+03
 0.134367D+03
 0.136264D+03
 0.137035D+03
 0.138239D+03
 0.136457D+03
 0.136714D+03
 0.134949D+03
 0.137020D+03
 0.137640D+03
 0.138587D+03
 0.136836D+03
 0.137143D+03
 0.135534D+03
 0.138313D+03
 0.138304D+03
 0.144409D+03
 0.142790D+03
 0.143162D+03
 0.141074D+03
 0.144032D+03
 0.145484D+03
 0.143735D+03
 0.144128D+03
 0.145030D+03
 0.146124D+03
 0.144154D+03
 0.144391D+03
 0.143357D+03
 0.145650D+03
 0.146610D+03
 0.144892D+03
 0.145078D+03
 0.143506D+03
 0.145756D+03
 0.146743D+03
 0.144978D+03
 0.145334D+03
 0.143750D+03
 0.145935D+03
 0.146940D+03
 0.145156D+03
 0.145387D+03
 0.143886D+03
 0.146379D+03
 0.146766D+03
 0.144766D+03
 0.145240D+03
 0.143677D+03
 0.146898D+03
 0.146221D+03
 0.146559D+03
 0.144625D+03
 0.144746D+03
 0.143451D+03
 0.146627D+03
 0.145856D+03
 0.145843D+03
 0.143759D+03
 0.144363D+03
 0.142522D+03
 0.145455D+03
 0.145278D+03
 0.144783D+03
 0.143111D+03
 0.143365D+03
 0.141529D+03
 0.143907D+03
 0.144011D+03
 0.143532D+03
 0.141711D+03
 0.141856D+03
 0.140378D+03
 0.142004D+03
 0.142709D+03
 0.141817D+03
 0.140051D+03
 0.140339D+03
 0.138633D+03
 0.140271D+03
 0.141115D+03
 0.140076D+03
 0.136968D+03
 0.136271D+03
 0.136464D+03
 0.136384D+03
 0.137626D+03
 0.136425D+03
 0.134875D+03
 0.134580D+03
 0.134863D+03
 0.135096D+03
 0.136049D+03
 0.134978D+03
 0.134481D+03
 0.133311D+03
 0.133384D+03
 0.134268D+03
 0.134885D+03
 0.133988D+03
 0.133264D+03
 0.132389D+03
 0.132306D+03
 0.135151D+03
 0.133626D+03
 0.134017D+03
 0.132670D+03
 0.131839D+03
 0.132753D+03
 0.136925D+03
 0.133597D+03
 0.134472D+03
 0.132560D+03
 0.133012D+03
 0.131740D+03
 0.138170D+03
 0.132939D+03
 0.135450D+03
 0.133661D+03
 0.134026D+03
 0.132814D+03
 0.135139D+03
 0.135507D+03
 0.133850D+03
 0.133876D+03
 0.132837D+03
 0.135250D+03
 0.135607D+03
 0.133664D+03
 0.133787D+03
 0.132497D+03
 0.134962D+03
 0.135466D+03
 0.133602D+03
 0.133755D+03
 0.132395D+03
 0.139267D+03
 0.134830D+03
 0.135595D+03
 0.133616D+03
 0.133774D+03
 0.132305D+03
 0.137090D+03
 0.134870D+03
 0.135874D+03
 0.133790D+03
 0.133938D+03
 0.132545D+03
 0.135597D+03
 0.134931D+03
 0.136255D+03
 0.134139D+03
 0.134583D+03
 0.132770D+03
 0.135599D+03
 0.135043D+03
 0.136533D+03
 0.134760D+03
 0.134886D+03
 0.132906D+03
 0.135277D+03
 0.135655D+03
 0.136920D+03
 0.135175D+03
 0.135412D+03
 0.133484D+03
 0.135423D+03
 0.135961D+03
 0.137405D+03
 0.135734D+03
 0.136004D+03
 0.133922D+03
 0.135598D+03
 0.136528D+03
 0.137486D+03
 0.135719D+03
 0.136262D+03
 0.134410D+03
 0.136057D+03
 0.136941D+03
 0.137832D+03
 0.135896D+03
 0.136321D+03
 0.134877D+03
 0.136795D+03
 0.137222D+03
 0.144927D+03
 0.142979D+03
 0.143568D+03
 0.144492D+03
 0.145948D+03
 0.143941D+03
 0.144442D+03
 0.143331D+03
 0.145232D+03
 0.146338D+03
 0.144263D+03
 0.145044D+03
 0.143602D+03
 0.146097D+03
 0.146698D+03
 0.144513D+03
 0.145249D+03
 0.143975D+03
 0.145974D+03
 0.146862D+03
 0.144905D+03
 0.145307D+03
 0.144103D+03
 0.146515D+03
 0.146777D+03
 0.144873D+03
 0.145195D+03
 0.143994D+03
 0.146906D+03
 0.146313D+03
 0.146558D+03
 0.144266D+03
 0.145038D+03
 0.143679D+03
 0.146623D+03
 0.146082D+03
 0.145657D+03
 0.143889D+03
 0.144233D+03
 0.143131D+03
 0.145480D+03
 0.145408D+03
 0.144713D+03
 0.142632D+03
 0.143171D+03
 0.141991D+03
 0.143730D+03
 0.144004D+03
 0.143401D+03
 0.141323D+03
 0.141643D+03
 0.140505D+03
 0.141778D+03
 0.142608D+03
 0.139824D+03
 0.138286D+03
 0.138028D+03
 0.138327D+03
 0.138138D+03
 0.139227D+03
 0.137454D+03
 0.136279D+03
 0.135798D+03
 0.136208D+03
 0.135914D+03
 0.137035D+03
 0.135764D+03
 0.134199D+03
 0.134212D+03
 0.134342D+03
 0.134427D+03
 0.135352D+03
 0.134561D+03
 0.133649D+03
 0.132872D+03
 0.133172D+03
 0.133749D+03
 0.134109D+03
 0.133261D+03
 0.132438D+03
 0.131808D+03
 0.132686D+03
 0.133795D+03
 0.133417D+03
 0.132815D+03
 0.131889D+03
 0.131426D+03
 0.131809D+03
 0.135726D+03
 0.132812D+03
 0.133629D+03
 0.132920D+03
 0.132344D+03
 0.132244D+03
 0.136566D+03
 0.133561D+03
 0.134859D+03
 0.133165D+03
 0.133589D+03
 0.132611D+03
 0.134767D+03
 0.135254D+03
 0.133336D+03
 0.133490D+03
 0.132882D+03
 0.134890D+03
 0.135152D+03
 0.133299D+03
 0.133525D+03
 0.132522D+03
 0.134722D+03
 0.135156D+03
 0.133145D+03
 0.133687D+03
 0.132573D+03
 0.138909D+03
 0.134531D+03
 0.135362D+03
 0.133464D+03
 0.133732D+03
 0.132295D+03
 0.136870D+03
 0.134602D+03
 0.135766D+03
 0.133767D+03
 0.133949D+03
 0.132574D+03
 0.135685D+03
 0.135021D+03
 0.136147D+03
 0.134086D+03
 0.134506D+03
 0.132787D+03
 0.135328D+03
 0.135049D+03
 0.136377D+03
 0.134576D+03
 0.134799D+03
 0.133044D+03
 0.135322D+03
 0.135533D+03
 0.136938D+03
 0.134890D+03
 0.135303D+03
 0.133830D+03
 0.135291D+03
 0.136122D+03
 0.137412D+03
 0.135477D+03
 0.135999D+03
 0.134204D+03
 0.135406D+03
 0.136434D+03
 0.137171D+03
 0.135083D+03
 0.135669D+03
 0.134245D+03
 0.135318D+03
 0.136190D+03
 0.137119D+03
 0.134865D+03
 0.135645D+03
 0.134534D+03
 0.136089D+03
 0.136399D+03
 0.145670D+03
 0.143548D+03
 0.144132D+03
 0.143399D+03
 0.144970D+03
 0.146355D+03
 0.144156D+03
 0.144815D+03
 0.143835D+03
 0.146836D+03
 0.146670D+03
 0.144749D+03
 0.145206D+03
 0.144379D+03
 0.145959D+03
 0.146869D+03
 0.144734D+03
 0.145286D+03
 0.144657D+03
 0.146303D+03
 0.146879D+03
 0.144590D+03
 0.145150D+03
 0.144595D+03
 0.147051D+03
 0.146422D+03
 0.146493D+03
 0.144384D+03
 0.144911D+03
 0.144036D+03
 0.146600D+03
 0.146075D+03
 0.145834D+03
 0.143625D+03
 0.144056D+03
 0.143111D+03
 0.145072D+03
 0.145104D+03
 0.144329D+03
 0.141538D+03
 0.141266D+03
 0.142046D+03
 0.143339D+03
 0.142497D+03
 0.141302D+03
 0.139829D+03
 0.139684D+03
 0.140329D+03
 0.139962D+03
 0.140893D+03
 0.139304D+03
 0.137859D+03
 0.137696D+03
 0.138489D+03
 0.137829D+03
 0.138914D+03
 0.135686D+03
 0.133498D+03
 0.134270D+03
 0.133525D+03
 0.135061D+03
 0.135339D+03
 0.134272D+03
 0.132326D+03
 0.133112D+03
 0.132372D+03
 0.135066D+03
 0.134010D+03
 0.133591D+03
 0.131379D+03
 0.132111D+03
 0.131613D+03
 0.135636D+03
 0.133410D+03
 0.133659D+03
 0.131660D+03
 0.132059D+03
 0.131796D+03
 0.137493D+03
 0.133449D+03
 0.134224D+03
 0.132232D+03
 0.132621D+03
 0.132215D+03
 0.134127D+03
 0.134681D+03
 0.132651D+03
 0.133122D+03
 0.132542D+03
 0.134398D+03
 0.134750D+03
 0.132810D+03
 0.133175D+03
 0.132767D+03
 0.134303D+03
 0.134932D+03
 0.132683D+03
 0.133480D+03
 0.132674D+03
 0.138512D+03
 0.134390D+03
 0.135066D+03
 0.132996D+03
 0.133639D+03
 0.132798D+03
 0.136630D+03
 0.134514D+03
 0.135622D+03
 0.133281D+03
 0.133882D+03
 0.132868D+03
 0.135190D+03
 0.134826D+03
 0.135948D+03
 0.133702D+03
 0.134416D+03
 0.133078D+03
 0.134941D+03
 0.135148D+03
 0.136192D+03
 0.134252D+03
 0.134757D+03
 0.133651D+03
 0.134857D+03
 0.135372D+03
 0.136874D+03
 0.134732D+03
 0.135109D+03
 0.134020D+03
 0.134968D+03
 0.135932D+03
 0.137092D+03
 0.134859D+03
 0.135300D+03
 0.133989D+03
 0.134971D+03
 0.136177D+03
 0.145516D+03
 0.143105D+03
 0.144068D+03
 0.143550D+03
 0.144851D+03
 0.146399D+03
 0.143910D+03
 0.144765D+03
 0.144175D+03
 0.145770D+03
 0.146969D+03
 0.144496D+03
 0.145395D+03
 0.144606D+03
 0.145784D+03
 0.146794D+03
 0.144589D+03
 0.145360D+03
 0.144845D+03
 0.146334D+03
 0.146859D+03
 0.144373D+03
 0.145311D+03
 0.144493D+03
 0.147185D+03
 0.146243D+03
 0.146113D+03
 0.143898D+03
 0.144659D+03
 0.143787D+03
 0.145964D+03
 0.145618D+03
 0.144033D+03
 0.142715D+03
 0.142271D+03
 0.143074D+03
 0.143448D+03
 0.143473D+03
 0.142686D+03
 0.140627D+03
 0.140998D+03
 0.141800D+03
 0.141683D+03
 0.142194D+03
 0.134511D+03
 0.132027D+03
 0.133030D+03
 0.132494D+03
 0.134260D+03
 0.134662D+03
 0.132399D+03
 0.132979D+03
 0.132732D+03
 0.138278D+03
 0.134072D+03
 0.134883D+03
 0.132483D+03
 0.133267D+03
 0.132715D+03
 0.136094D+03
 0.134210D+03
 0.135129D+03
 0.132759D+03
 0.133594D+03
 0.132681D+03
 0.135100D+03
 0.134519D+03
 0.135607D+03
 0.133166D+03
 0.133999D+03
 0.133103D+03
 0.134644D+03
 0.134673D+03
 0.135884D+03
 0.133672D+03
 0.134434D+03
 0.133205D+03
 0.134444D+03
 0.134915D+03
 0.135964D+03
 0.133769D+03
 0.134725D+03
 0.133648D+03
 0.134367D+03
 0.135376D+03
 0.136128D+03
 0.134155D+03
 0.134895D+03
 0.133653D+03
 0.134452D+03
 0.135351D+03
 0.145670D+03
 0.143101D+03
 0.144009D+03
 0.143920D+03
 0.144940D+03
 0.146315D+03
 0.144012D+03
 0.145063D+03
 0.144647D+03
 0.146257D+03
 0.146687D+03
 0.144317D+03
 0.145322D+03
 0.144668D+03
 0.145835D+03
 0.146711D+03
 0.144087D+03
 0.145133D+03
 0.144766D+03
 0.146215D+03
 0.146222D+03
 0.143756D+03
 0.144711D+03
 0.144384D+03
 0.146627D+03
 0.145951D+03
 0.144695D+03
 0.143351D+03
 0.142884D+03
 0.143425D+03
 0.144079D+03
 0.144001D+03
 0.143573D+03
 0.141712D+03
 0.141938D+03
 0.142588D+03
 0.142776D+03
 0.143147D+03
 0.134177D+03
 0.131609D+03
 0.132607D+03
 0.132567D+03
 0.133627D+03
 0.134190D+03
 0.131767D+03
 0.132545D+03
 0.132441D+03
 0.137650D+03
 0.133554D+03
 0.134425D+03
 0.132075D+03
 0.132757D+03
 0.132408D+03
 0.135724D+03
 0.133799D+03
 0.134711D+03
 0.132180D+03
 0.133073D+03
 0.132579D+03
 0.134398D+03
 0.134084D+03
 0.134906D+03
 0.132295D+03
 0.133511D+03
 0.132768D+03
 0.134027D+03
 0.134218D+03
 0.135342D+03
 0.132854D+03
 0.133688D+03
 0.133160D+03
 0.133766D+03
 0.134486D+03
 0.135584D+03
 0.132889D+03
 0.133918D+03
 0.133298D+03
 0.133746D+03
 0.134642D+03
 0.146175D+03
 0.143873D+03
 0.144854D+03
 0.144465D+03
 0.145619D+03
 0.146471D+03
 0.143791D+03
 0.144978D+03
 0.144508D+03
 0.145282D+03
 0.146168D+03
 0.143407D+03
 0.144605D+03
 0.144340D+03
 0.145555D+03
 0.134202D+03
 0.132807D+03
 0.132798D+03
 0.132349D+03
 0.135632D+03
 0.133553D+03
 0.133934D+03
 0.132222D+03
 0.132339D+03
 0.132034D+03
 0.132955D+03
 0.133639D+03
 0.132110D+03
 0.131950D+03
 0.131653D+03
 0.132804D+03
 0.138415D+03
 0.136900D+03
 0.136917D+03
 0.136407D+03
 0.138721D+03
 0.137250D+03
 0.139533D+03
 0.138215D+03
 0.138215D+03
 0.137517D+03
 0.138291D+03
 0.138649D+03
 0.137092D+03
 0.136933D+03
 0.135920D+03
 0.136084D+03
 0.137021D+03
 0.136655D+03
 0.134627D+03
 0.134578D+03
 0.135422D+03
 0.137450D+03
 0.135528D+03
 0.135540D+03
 0.134083D+03
 0.134226D+03
 0.134001D+03
 0.134322D+03
 0.134736D+03
 0.134744D+03
 0.133313D+03
 0.133229D+03
 0.133180D+03
 0.134500D+03
 0.133844D+03
 0.134196D+03
 0.132661D+03
 0.132547D+03
 0.132682D+03
 0.135251D+03
 0.133409D+03
 0.133920D+03
 0.132416D+03
 0.132331D+03
 0.132086D+03
 0.132934D+03
 0.133693D+03
 0.132046D+03
 0.132121D+03
 0.131874D+03
 0.132716D+03
 0.138327D+03
 0.136999D+03
 0.136889D+03
 0.139438D+03
 0.137337D+03
 0.139775D+03
 0.138451D+03
 0.138105D+03
 0.138486D+03
 0.141209D+03
 0.139727D+03
 0.139672D+03
 0.139507D+03
 0.139641D+03
 0.137526D+03
 0.137518D+03
 0.137207D+03
 0.138350D+03
 0.137846D+03
 0.135946D+03
 0.135853D+03
 0.135508D+03
 0.136950D+03
 0.136746D+03
 0.135158D+03
 0.134970D+03
 0.135169D+03
 0.135991D+03
 0.135517D+03
 0.134233D+03
 0.133945D+03
 0.134808D+03
 0.134928D+03
 0.134960D+03
 0.133441D+03
 0.133326D+03
 0.135156D+03
 0.134315D+03
 0.134413D+03
 0.133015D+03
 0.132807D+03
 0.135904D+03
 0.133756D+03
 0.133963D+03
 0.132557D+03
 0.132315D+03
 0.133444D+03
 0.133882D+03
 0.132169D+03
 0.132216D+03
 0.133150D+03
 0.133621D+03
 0.132030D+03
 0.131908D+03
 0.132963D+03
 0.133534D+03
 0.132241D+03
 0.131984D+03
 0.132661D+03
 0.133750D+03
 0.131926D+03
 0.132151D+03
 0.132192D+03
 0.133833D+03
 0.132076D+03
 0.131902D+03
 0.132377D+03
 0.133985D+03
 0.132205D+03
 0.132236D+03
 0.133064D+03
 0.132497D+03
 0.134364D+03
 0.132574D+03
 0.132374D+03
 0.132775D+03
 0.132924D+03
 0.134456D+03
 0.132805D+03
 0.132835D+03
 0.132386D+03
 0.132933D+03
 0.134787D+03
 0.133293D+03
 0.133048D+03
 0.132172D+03
 0.133311D+03
 0.135275D+03
 0.133784D+03
 0.133321D+03
 0.132149D+03
 0.133839D+03
 0.135435D+03
 0.133930D+03
 0.133906D+03
 0.133787D+03
 0.134679D+03
 0.135969D+03
 0.134542D+03
 0.134371D+03
 0.134878D+03
 0.135516D+03
 0.138580D+03
 0.137174D+03
 0.137232D+03
 0.140180D+03
 0.138704D+03
 0.140144D+03
 0.138765D+03
 0.138392D+03
 0.139630D+03
 0.141481D+03
 0.140212D+03
 0.140032D+03
 0.140395D+03
 0.142991D+03
 0.141352D+03
 0.141483D+03
 0.141667D+03
 0.145247D+03
 0.143784D+03
 0.143607D+03
 0.145095D+03
 0.145533D+03
 0.143971D+03
 0.144056D+03
 0.143773D+03
 0.145540D+03
 0.143868D+03
 0.143928D+03
 0.145467D+03
 0.145492D+03
 0.143687D+03
 0.143804D+03
 0.144931D+03
 0.145076D+03
 0.143449D+03
 0.143534D+03
 0.143335D+03
 0.144863D+03
 0.143015D+03
 0.143034D+03
 0.143775D+03
 0.143991D+03
 0.142389D+03
 0.142290D+03
 0.142951D+03
 0.143222D+03
 0.142843D+03
 0.140772D+03
 0.141042D+03
 0.141512D+03
 0.141929D+03
 0.141059D+03
 0.139171D+03
 0.139164D+03
 0.139518D+03
 0.140669D+03
 0.139410D+03
 0.137780D+03
 0.137433D+03
 0.140108D+03
 0.139128D+03
 0.138166D+03
 0.136728D+03
 0.136591D+03
 0.136728D+03
 0.137948D+03
 0.136877D+03
 0.135345D+03
 0.135343D+03
 0.135909D+03
 0.136692D+03
 0.135754D+03
 0.134486D+03
 0.134293D+03
 0.135418D+03
 0.136000D+03
 0.135210D+03
 0.133562D+03
 0.133589D+03
 0.135688D+03
 0.135229D+03
 0.134567D+03
 0.133210D+03
 0.133008D+03
 0.134787D+03
 0.134379D+03
 0.132733D+03
 0.132698D+03
 0.134242D+03
 0.133771D+03
 0.132330D+03
 0.132401D+03
 0.133885D+03
 0.133674D+03
 0.132010D+03
 0.132123D+03
 0.133602D+03
 0.133469D+03
 0.132028D+03
 0.131752D+03
 0.133272D+03
 0.133231D+03
 0.131765D+03
 0.131718D+03
 0.133037D+03
 0.133413D+03
 0.131616D+03
 0.131425D+03
 0.132756D+03
 0.133652D+03
 0.131899D+03
 0.131741D+03
 0.133537D+03
 0.132622D+03
 0.133664D+03
 0.132022D+03
 0.131958D+03
 0.132718D+03
 0.132686D+03
 0.133972D+03
 0.132587D+03
 0.132497D+03
 0.132528D+03
 0.133270D+03
 0.134422D+03
 0.133020D+03
 0.132806D+03
 0.132763D+03
 0.133654D+03
 0.135120D+03
 0.133270D+03
 0.133423D+03
 0.133040D+03
 0.134222D+03
 0.142237D+03
 0.140714D+03
 0.140620D+03
 0.143503D+03
 0.141791D+03
 0.141652D+03
 0.144368D+03
 0.142876D+03
 0.142788D+03
 0.144962D+03
 0.143304D+03
 0.143365D+03
 0.145446D+03
 0.143704D+03
 0.143818D+03
 0.145365D+03
 0.143792D+03
 0.143852D+03
 0.145636D+03
 0.143668D+03
 0.143984D+03
 0.145705D+03
 0.143881D+03
 0.143889D+03
 0.145594D+03
 0.143399D+03
 0.143450D+03
 0.145149D+03
 0.142908D+03
 0.143348D+03
 0.144324D+03
 0.142194D+03
 0.142238D+03
 0.142969D+03
 0.140904D+03
 0.140919D+03
 0.141442D+03
 0.139977D+03
 0.140015D+03
 0.140175D+03
 0.138572D+03
 0.138613D+03
 0.138688D+03
 0.136892D+03
 0.137138D+03
 0.137535D+03
 0.135822D+03
 0.135912D+03
 0.136472D+03
 0.134654D+03
 0.134937D+03
 0.135676D+03
 0.133947D+03
 0.134052D+03
 0.135079D+03
 0.133321D+03
 0.133584D+03
 0.134487D+03
 0.133042D+03
 0.133016D+03
 0.134068D+03
 0.132644D+03
 0.132471D+03
 0.133973D+03
 0.132092D+03
 0.132381D+03
 0.133334D+03
 0.131702D+03
 0.131770D+03
 0.133419D+03
 0.131731D+03
 0.131602D+03
 0.133419D+03
 0.131597D+03
 0.131390D+03
 0.133519D+03
 0.131606D+03
 0.131532D+03
 0.133762D+03
 0.132129D+03
 0.132028D+03
 0.142757D+03
 0.140978D+03
 0.141623D+03
 0.144193D+03
 0.142345D+03
 0.142586D+03
 0.145027D+03
 0.143267D+03
 0.143623D+03
 0.145615D+03
 0.143639D+03
 0.143950D+03
 0.145986D+03
 0.144188D+03
 0.144428D+03
 0.145890D+03
 0.144038D+03
 0.144421D+03
 0.146217D+03
 0.143642D+03
 0.144648D+03
 0.145889D+03
 0.143633D+03
 0.144100D+03
 0.145494D+03
 0.143622D+03
 0.143817D+03
 0.145241D+03
 0.143540D+03
 0.143411D+03
 0.144582D+03
 0.142891D+03
 0.143183D+03
 0.143485D+03
 0.141856D+03
 0.142186D+03
 0.142260D+03
 0.140481D+03
 0.140776D+03
 0.140996D+03
 0.138823D+03
 0.139293D+03
 0.139323D+03
 0.137769D+03
 0.138016D+03
 0.138306D+03
 0.136353D+03
 0.136702D+03
 0.137172D+03
 0.135324D+03
 0.135771D+03
 0.136248D+03
 0.134398D+03
 0.134820D+03
 0.135705D+03
 0.133847D+03
 0.134104D+03
 0.135315D+03
 0.133132D+03
 0.133745D+03
 0.134692D+03
 0.132911D+03
 0.133167D+03
 0.134420D+03
 0.132538D+03
 0.132561D+03
 0.134036D+03
 0.132153D+03
 0.132356D+03
 0.133893D+03
 0.131959D+03
 0.132034D+03
 0.133717D+03
 0.131877D+03
 0.132054D+03
 0.144717D+03
 0.142771D+03
 0.143205D+03
 0.145843D+03
 0.143665D+03
 0.144241D+03
 0.146257D+03
 0.144161D+03
 0.144682D+03
 0.146688D+03
 0.144514D+03
 0.144954D+03
 0.146548D+03
 0.144552D+03
 0.145014D+03
 0.146664D+03
 0.144451D+03
 0.144986D+03
 0.146699D+03
 0.144620D+03
 0.144921D+03
 0.146394D+03
 0.144428D+03
 0.145011D+03
 0.146153D+03
 0.144097D+03
 0.144504D+03
 0.145695D+03
 0.143137D+03
 0.143809D+03
 0.144185D+03
 0.142214D+03
 0.142923D+03
 0.143191D+03
 0.140842D+03
 0.141605D+03
 0.141331D+03
 0.139580D+03
 0.139958D+03
 0.140053D+03
 0.138145D+03
 0.138626D+03
 0.146868D+03
 0.144358D+03
 0.144993D+03
 0.147121D+03
 0.144720D+03
 0.145268D+03
 0.147112D+03
 0.145064D+03
 0.145434D+03
 0.147389D+03
 0.144773D+03
 0.145671D+03
 0.147010D+03
 0.144949D+03
 0.145539D+03
 0.146922D+03
 0.144710D+03
 0.145250D+03
 0.146591D+03
 0.144349D+03
 0.145033D+03
 0.145937D+03
 0.143514D+03
 0.144278D+03
 0.144812D+03
 0.142371D+03
 0.142970D+03
 0.143490D+03
 0.141096D+03
 0.141696D+03
 0.133947D+03
 0.133651D+03
 0.134669D+03
 0.133205D+03
 0.132934D+03
 0.133832D+03
 0.133473D+03
 0.133144D+03
 0.134159D+03
 0.134176D+03
 0.134392D+03
 0.135115D+03
 0.133265D+03
 0.133542D+03
 0.133834D+03
 0.133568D+03
 0.133506D+03
 0.133988D+03
 0.133969D+03
 0.133693D+03
 0.134643D+03
