 0.140355D+03
 0.140465D+03
 0.137193D+03
 0.137405D+03
 0.140446D+03
 0.140441D+03
 0.140373D+03
 0.140132D+03
 0.137662D+03
 0.137594D+03
 0.140622D+03
 0.140604D+03
 0.136956D+03
 0.137081D+03
 0.134802D+03
 0.134815D+03
 0.137616D+03
 0.137486D+03
 0.137049D+03
 0.137059D+03
 0.135002D+03
 0.134891D+03
 0.137508D+03
 0.137516D+03
 0.137242D+03
 0.137244D+03
 0.135013D+03
 0.135014D+03
 0.137943D+03
 0.137956D+03
 0.137646D+03
 0.137629D+03
 0.135205D+03
 0.135190D+03
 0.138378D+03
 0.138381D+03
 0.137961D+03
 0.137961D+03
 0.135645D+03
 0.135643D+03
 0.138591D+03
 0.138591D+03
 0.138874D+03
 0.138875D+03
 0.136395D+03
 0.136315D+03
 0.139111D+03
 0.139274D+03
 0.139521D+03
 0.139521D+03
 0.136587D+03
 0.136490D+03
 0.139685D+03
 0.139766D+03
 0.140072D+03
 0.140073D+03
 0.137000D+03
 0.137080D+03
 0.140014D+03
 0.140308D+03
 0.141232D+03
 0.141233D+03
 0.138420D+03
 0.138516D+03
 0.140797D+03
 0.140799D+03
 0.141005D+03
 0.141005D+03
 0.138671D+03
 0.138589D+03
 0.141068D+03
 0.141085D+03
 0.140399D+03
 0.140474D+03
 0.139197D+03
 0.138964D+03
 0.141481D+03
 0.141466D+03
 0.137910D+03
 0.137790D+03
 0.136257D+03
 0.136100D+03
 0.138330D+03
 0.138402D+03
 0.137890D+03
 0.137889D+03
 0.135916D+03
 0.136031D+03
 0.138445D+03
 0.138443D+03
 0.137532D+03
 0.137535D+03
 0.135817D+03
 0.135729D+03
 0.138177D+03
 0.138099D+03
 0.137822D+03
 0.137824D+03
 0.136197D+03
 0.136065D+03
 0.138259D+03
 0.138259D+03
 0.137730D+03
 0.137730D+03
 0.136020D+03
 0.136143D+03
 0.138287D+03
 0.138287D+03
 0.138010D+03
 0.138011D+03
 0.136289D+03
 0.136211D+03
 0.138565D+03
 0.138430D+03
 0.138439D+03
 0.138440D+03
 0.136664D+03
 0.136563D+03
 0.138916D+03
 0.138862D+03
 0.138922D+03
 0.138922D+03
 0.137073D+03
 0.137117D+03
 0.139490D+03
 0.139454D+03
 0.139373D+03
 0.139374D+03
 0.137341D+03
 0.137536D+03
 0.139905D+03
 0.139904D+03
 0.140105D+03
 0.140107D+03
 0.137754D+03
 0.137591D+03
 0.140061D+03
 0.140060D+03
 0.140713D+03
 0.140713D+03
 0.138063D+03
 0.138039D+03
 0.140550D+03
 0.140549D+03
 0.141302D+03
 0.141440D+03
 0.139224D+03
 0.139219D+03
 0.141178D+03
 0.141177D+03
 0.141191D+03
 0.141205D+03
 0.139540D+03
 0.139532D+03
 0.141516D+03
 0.141448D+03
 0.140714D+03
 0.140811D+03
 0.139756D+03
 0.140038D+03
 0.141730D+03
 0.141862D+03
 0.141090D+03
 0.140919D+03
 0.140392D+03
 0.140439D+03
 0.142207D+03
 0.142275D+03
 0.140365D+03
 0.140366D+03
 0.141434D+03
 0.141311D+03
 0.142735D+03
 0.142735D+03
 0.150077D+03
 0.150078D+03
 0.148516D+03
 0.148312D+03
 0.150760D+03
 0.150760D+03
 0.149121D+03
 0.149122D+03
 0.147255D+03
 0.147317D+03
 0.149533D+03
 0.149489D+03
 0.147718D+03
 0.147574D+03
 0.145329D+03
 0.145468D+03
 0.147473D+03
 0.147498D+03
 0.145611D+03
 0.145518D+03
 0.143747D+03
 0.143567D+03
 0.145548D+03
 0.145537D+03
 0.143719D+03
 0.143732D+03
 0.141815D+03
 0.141901D+03
 0.143563D+03
 0.143631D+03
 0.141786D+03
 0.141787D+03
 0.140199D+03
 0.140199D+03
 0.141887D+03
 0.142053D+03
 0.140254D+03
 0.140286D+03
 0.139273D+03
 0.139231D+03
 0.141005D+03
 0.141005D+03
 0.139322D+03
 0.139323D+03
 0.138017D+03
 0.138090D+03
 0.139919D+03
 0.139921D+03
 0.138805D+03
 0.138806D+03
 0.137630D+03
 0.137783D+03
 0.139496D+03
 0.139497D+03
 0.138515D+03
 0.138463D+03
 0.137139D+03
 0.137148D+03
 0.139057D+03
 0.139057D+03
 0.138339D+03
 0.138354D+03
 0.136999D+03
 0.136882D+03
 0.138999D+03
 0.139004D+03
 0.138230D+03
 0.138230D+03
 0.137155D+03
 0.136976D+03
 0.138905D+03
 0.138904D+03
 0.138336D+03
 0.138351D+03
 0.137055D+03
 0.137074D+03
 0.138769D+03
 0.138769D+03
 0.138198D+03
 0.138201D+03
 0.137019D+03
 0.137255D+03
 0.138744D+03
 0.138744D+03
 0.138488D+03
 0.138489D+03
 0.137332D+03
 0.137264D+03
 0.139134D+03
 0.139132D+03
 0.138793D+03
 0.138793D+03
 0.137482D+03
 0.137542D+03
 0.139391D+03
 0.139393D+03
 0.139251D+03
 0.139252D+03
 0.138019D+03
 0.137850D+03
 0.139862D+03
 0.139865D+03
 0.139832D+03
 0.139832D+03
 0.138191D+03
 0.138149D+03
 0.140130D+03
 0.140200D+03
 0.140403D+03
 0.140400D+03
 0.138684D+03
 0.138512D+03
 0.140699D+03
 0.140700D+03
 0.141281D+03
 0.141184D+03
 0.139050D+03
 0.138953D+03
 0.140868D+03
 0.140861D+03
 0.141347D+03
 0.141325D+03
 0.140023D+03
 0.139979D+03
 0.141455D+03
 0.141463D+03
 0.141245D+03
 0.141242D+03
 0.140205D+03
 0.140210D+03
 0.141873D+03
 0.141841D+03
 0.141115D+03
 0.140928D+03
 0.140634D+03
 0.140661D+03
 0.141981D+03
 0.142033D+03
 0.141290D+03
 0.141241D+03
 0.141162D+03
 0.141156D+03
 0.142745D+03
 0.142744D+03
 0.140412D+03
 0.140413D+03
 0.142330D+03
 0.142332D+03
 0.143033D+03
 0.143035D+03
 0.151112D+03
 0.151113D+03
 0.150196D+03
 0.150195D+03
 0.152377D+03
 0.152377D+03
 0.150814D+03
 0.150813D+03
 0.149828D+03
 0.149764D+03
 0.151820D+03
 0.151817D+03
 0.150197D+03
 0.150234D+03
 0.148765D+03
 0.148936D+03
 0.151044D+03
 0.151062D+03
 0.149264D+03
 0.149266D+03
 0.147776D+03
 0.147785D+03
 0.149620D+03
 0.149620D+03
 0.147762D+03
 0.147762D+03
 0.146160D+03
 0.146145D+03
 0.147902D+03
 0.147846D+03
 0.145843D+03
 0.145844D+03
 0.144344D+03
 0.144353D+03
 0.145712D+03
 0.145916D+03
 0.143688D+03
 0.143710D+03
 0.142651D+03
 0.142581D+03
 0.144245D+03
 0.144211D+03
 0.142212D+03
 0.142231D+03
 0.141109D+03
 0.141263D+03
 0.142465D+03
 0.142437D+03
 0.140810D+03
 0.140810D+03
 0.139933D+03
 0.139936D+03
 0.141319D+03
 0.141316D+03
 0.139696D+03
 0.139699D+03
 0.139088D+03
 0.139036D+03
 0.140574D+03
 0.140575D+03
 0.139240D+03
 0.139219D+03
 0.138640D+03
 0.138642D+03
 0.139779D+03
 0.139782D+03
 0.138872D+03
 0.138859D+03
 0.138193D+03
 0.138054D+03
 0.139383D+03
 0.139385D+03
 0.138703D+03
 0.138780D+03
 0.138146D+03
 0.137980D+03
 0.139514D+03
 0.139515D+03
 0.138604D+03
 0.138605D+03
 0.137820D+03
 0.138043D+03
 0.139285D+03
 0.139287D+03
 0.138613D+03
 0.138667D+03
 0.137916D+03
 0.137920D+03
 0.139319D+03
 0.139319D+03
 0.138836D+03
 0.138737D+03
 0.137872D+03
 0.137968D+03
 0.139312D+03
 0.139313D+03
 0.138749D+03
 0.138921D+03
 0.137965D+03
 0.137965D+03
 0.139508D+03
 0.139511D+03
 0.139038D+03
 0.139091D+03
 0.138472D+03
 0.138472D+03
 0.139741D+03
 0.139740D+03
 0.139494D+03
 0.139496D+03
 0.138554D+03
 0.138553D+03
 0.140314D+03
 0.140187D+03
 0.140136D+03
 0.140125D+03
 0.138944D+03
 0.138943D+03
 0.140581D+03
 0.140534D+03
 0.140608D+03
 0.140610D+03
 0.139429D+03
 0.139295D+03
 0.140936D+03
 0.140937D+03
 0.141233D+03
 0.141233D+03
 0.139710D+03
 0.139712D+03
 0.141154D+03
 0.141185D+03
 0.141535D+03
 0.141478D+03
 0.140518D+03
 0.140518D+03
 0.141631D+03
 0.141727D+03
 0.141214D+03
 0.141250D+03
 0.140745D+03
 0.140916D+03
 0.141960D+03
 0.141854D+03
 0.141123D+03
 0.141006D+03
 0.141331D+03
 0.141093D+03
 0.142454D+03
 0.142458D+03
 0.141466D+03
 0.141512D+03
 0.141839D+03
 0.141886D+03
 0.142931D+03
 0.143188D+03
 0.140752D+03
 0.140748D+03
 0.142696D+03
 0.142843D+03
 0.143341D+03
 0.143343D+03
 0.144459D+03
 0.144402D+03
 0.143961D+03
 0.143966D+03
 0.144317D+03
 0.144319D+03
 0.145864D+03
 0.145852D+03
 0.145480D+03
 0.145366D+03
 0.145907D+03
 0.145946D+03
 0.151245D+03
 0.151247D+03
 0.150580D+03
 0.150747D+03
 0.152377D+03
 0.152394D+03
 0.151529D+03
 0.151529D+03
 0.150947D+03
 0.150612D+03
 0.152493D+03
 0.152530D+03
 0.151196D+03
 0.151192D+03
 0.150547D+03
 0.150637D+03
 0.152509D+03
 0.152598D+03
 0.150754D+03
 0.150754D+03
 0.150317D+03
 0.150327D+03
 0.152183D+03
 0.152183D+03
 0.150221D+03
 0.150233D+03
 0.149320D+03
 0.149258D+03
 0.151322D+03
 0.151088D+03
 0.149158D+03
 0.149157D+03
 0.148068D+03
 0.148242D+03
 0.149748D+03
 0.149794D+03
 0.147581D+03
 0.147799D+03
 0.146717D+03
 0.146578D+03
 0.147803D+03
 0.147947D+03
 0.145958D+03
 0.145955D+03
 0.145031D+03
 0.144919D+03
 0.146142D+03
 0.146142D+03
 0.144150D+03
 0.144152D+03
 0.143270D+03
 0.143269D+03
 0.144439D+03
 0.144445D+03
 0.142364D+03
 0.142366D+03
 0.141900D+03
 0.141593D+03
 0.142827D+03
 0.142937D+03
 0.140965D+03
 0.141089D+03
 0.140846D+03
 0.140818D+03
 0.141822D+03
 0.141819D+03
 0.139936D+03
 0.139930D+03
 0.139781D+03
 0.139955D+03
 0.140935D+03
 0.140916D+03
 0.139595D+03
 0.139429D+03
 0.139243D+03
 0.139179D+03
 0.140381D+03
 0.140401D+03
 0.139278D+03
 0.139291D+03
 0.138653D+03
 0.138876D+03
 0.140099D+03
 0.140099D+03
 0.139054D+03
 0.139038D+03
 0.138613D+03
 0.138667D+03
 0.139959D+03
 0.139959D+03
 0.139013D+03
 0.139178D+03
 0.138666D+03
 0.138549D+03
 0.139578D+03
 0.139604D+03
 0.139291D+03
 0.139250D+03
 0.138679D+03
 0.138400D+03
 0.139725D+03
 0.139726D+03
 0.138905D+03
 0.138907D+03
 0.138764D+03
 0.138472D+03
 0.139692D+03
 0.139757D+03
 0.138955D+03
 0.139057D+03
 0.138766D+03
 0.138772D+03
 0.139835D+03
 0.139836D+03
 0.139206D+03
 0.139207D+03
 0.138768D+03
 0.138978D+03
 0.140318D+03
 0.140190D+03
 0.139682D+03
 0.139755D+03
 0.139111D+03
 0.139268D+03
 0.140330D+03
 0.140425D+03
 0.140224D+03
 0.140216D+03
 0.139556D+03
 0.139392D+03
 0.140689D+03
 0.140604D+03
 0.140738D+03
 0.140741D+03
 0.139842D+03
 0.139792D+03
 0.141218D+03
 0.141219D+03
 0.141140D+03
 0.141140D+03
 0.140092D+03
 0.140222D+03
 0.141387D+03
 0.141382D+03
 0.141527D+03
 0.141529D+03
 0.140985D+03
 0.141056D+03
 0.141906D+03
 0.141730D+03
 0.141570D+03
 0.141560D+03
 0.141469D+03
 0.141201D+03
 0.142191D+03
 0.142185D+03
 0.141507D+03
 0.141465D+03
 0.141681D+03
 0.141669D+03
 0.142724D+03
 0.142798D+03
 0.141807D+03
 0.141823D+03
 0.142272D+03
 0.142546D+03
 0.143387D+03
 0.143512D+03
 0.141061D+03
 0.141068D+03
 0.143412D+03
 0.143420D+03
 0.143835D+03
 0.143835D+03
 0.144723D+03
 0.144854D+03
 0.144691D+03
 0.144565D+03
 0.144585D+03
 0.144585D+03
 0.145930D+03
 0.146023D+03
 0.146116D+03
 0.145877D+03
 0.146237D+03
 0.146397D+03
 0.150917D+03
 0.150892D+03
 0.150715D+03
 0.150688D+03
 0.151755D+03
 0.151781D+03
 0.151196D+03
 0.151338D+03
 0.151012D+03
 0.151052D+03
 0.152336D+03
 0.152395D+03
 0.151452D+03
 0.151452D+03
 0.151045D+03
 0.150947D+03
 0.152681D+03
 0.152785D+03
 0.151202D+03
 0.151208D+03
 0.150785D+03
 0.150821D+03
 0.152562D+03
 0.152477D+03
 0.150763D+03
 0.150765D+03
 0.150524D+03
 0.150525D+03
 0.152152D+03
 0.152151D+03
 0.150098D+03
 0.150101D+03
 0.149454D+03
 0.149686D+03
 0.151131D+03
 0.151220D+03
 0.149241D+03
 0.149249D+03
 0.148249D+03
 0.148386D+03
 0.149690D+03
 0.149824D+03
 0.147757D+03
 0.147657D+03
 0.146821D+03
 0.146762D+03
 0.148096D+03
 0.148102D+03
 0.146216D+03
 0.146217D+03
 0.145406D+03
 0.145196D+03
 0.146447D+03
 0.146425D+03
 0.144484D+03
 0.144490D+03
 0.143792D+03
 0.143677D+03
 0.144771D+03
 0.144691D+03
 0.142643D+03
 0.142519D+03
 0.142323D+03
 0.142082D+03
 0.143282D+03
 0.143208D+03
 0.141239D+03
 0.141241D+03
 0.141196D+03
 0.141125D+03
 0.142023D+03
 0.142206D+03
 0.140344D+03
 0.140411D+03
 0.140490D+03
 0.140539D+03
 0.141304D+03
 0.141309D+03
 0.139771D+03
 0.139770D+03
 0.139828D+03
 0.139959D+03
 0.140657D+03
 0.140652D+03
 0.139512D+03
 0.139647D+03
 0.139274D+03
 0.139340D+03
 0.140341D+03
 0.140368D+03
 0.139663D+03
 0.139663D+03
 0.139373D+03
 0.139367D+03
 0.140294D+03
 0.140455D+03
 0.139386D+03
 0.139506D+03
 0.139086D+03
 0.139191D+03
 0.140129D+03
 0.140129D+03
 0.139399D+03
 0.139424D+03
 0.139123D+03
 0.139207D+03
 0.139969D+03
 0.139970D+03
 0.139309D+03
 0.139313D+03
 0.139243D+03
 0.139397D+03
 0.139982D+03
 0.139998D+03
 0.139110D+03
 0.139127D+03
 0.139290D+03
 0.139202D+03
 0.140113D+03
 0.140113D+03
 0.139278D+03
 0.139298D+03
 0.139438D+03
 0.139243D+03
 0.140288D+03
 0.140462D+03
 0.139718D+03
 0.139714D+03
 0.139472D+03
 0.139467D+03
 0.140567D+03
 0.140560D+03
 0.140268D+03
 0.140315D+03
 0.139809D+03
 0.139622D+03
 0.140785D+03
 0.140785D+03
 0.140684D+03
 0.140625D+03
 0.140410D+03
 0.140137D+03
 0.141345D+03
 0.141341D+03
 0.141334D+03
 0.141318D+03
 0.140520D+03
 0.140613D+03
 0.141685D+03
 0.141690D+03
 0.141715D+03
 0.141716D+03
 0.141081D+03
 0.141082D+03
 0.142217D+03
 0.142218D+03
 0.141532D+03
 0.141625D+03
 0.141385D+03
 0.141415D+03
 0.142521D+03
 0.142318D+03
 0.141644D+03
 0.141611D+03
 0.141968D+03
 0.142129D+03
 0.143070D+03
 0.143074D+03
 0.142040D+03
 0.142038D+03
 0.142819D+03
 0.142823D+03
 0.143690D+03
 0.143767D+03
 0.141217D+03
 0.141315D+03
 0.143772D+03
 0.143934D+03
 0.144171D+03
 0.144171D+03
 0.145188D+03
 0.145119D+03
 0.145091D+03
 0.144906D+03
 0.144939D+03
 0.144939D+03
 0.146164D+03
 0.146306D+03
 0.146481D+03
 0.146464D+03
 0.146501D+03
 0.146479D+03
 0.148026D+03
 0.147942D+03
 0.147564D+03
 0.147567D+03
 0.148040D+03
 0.148102D+03
 0.149027D+03
 0.149025D+03
 0.148627D+03
 0.148663D+03
 0.149651D+03
 0.149525D+03
 0.149650D+03
 0.149649D+03
 0.149827D+03
 0.149837D+03
 0.151110D+03
 0.151367D+03
 0.150345D+03
 0.150361D+03
 0.150399D+03
 0.150245D+03
 0.151436D+03
 0.151435D+03
 0.150942D+03
 0.150941D+03
 0.150703D+03
 0.150696D+03
 0.151852D+03
 0.151957D+03
 0.151142D+03
 0.151141D+03
 0.151107D+03
 0.151092D+03
 0.152315D+03
 0.152371D+03
 0.151379D+03
 0.151299D+03
 0.151194D+03
 0.151189D+03
 0.152529D+03
 0.152506D+03
 0.151072D+03
 0.151076D+03
 0.150831D+03
 0.150831D+03
 0.152601D+03
 0.152698D+03
 0.150604D+03
 0.150605D+03
 0.150397D+03
 0.150378D+03
 0.151880D+03
 0.151877D+03
 0.150227D+03
 0.150223D+03
 0.149705D+03
 0.149677D+03
 0.151126D+03
 0.151125D+03
 0.148904D+03
 0.148903D+03
 0.148463D+03
 0.148643D+03
 0.149887D+03
 0.149826D+03
 0.147691D+03
 0.147687D+03
 0.146933D+03
 0.146913D+03
 0.148236D+03
 0.148238D+03
 0.146162D+03
 0.146139D+03
 0.145445D+03
 0.145435D+03
 0.146670D+03
 0.146672D+03
 0.144569D+03
 0.144553D+03
 0.143881D+03
 0.143910D+03
 0.144836D+03
 0.144837D+03
 0.142614D+03
 0.142627D+03
 0.142756D+03
 0.142540D+03
 0.143419D+03
 0.143563D+03
 0.141315D+03
 0.141340D+03
 0.141399D+03
 0.141368D+03
 0.142570D+03
 0.142562D+03
 0.140715D+03
 0.140629D+03
 0.140771D+03
 0.140686D+03
 0.141608D+03
 0.141583D+03
 0.139842D+03
 0.139841D+03
 0.140091D+03
 0.140095D+03
 0.140973D+03
 0.140976D+03
 0.139742D+03
 0.139670D+03
 0.139756D+03
 0.139735D+03
 0.140669D+03
 0.140672D+03
 0.139798D+03
 0.139716D+03
 0.139685D+03
 0.139460D+03
 0.140534D+03
 0.140521D+03
 0.139593D+03
 0.139591D+03
 0.139509D+03
 0.139471D+03
 0.140338D+03
 0.140323D+03
 0.139546D+03
 0.139607D+03
 0.139322D+03
 0.139265D+03
 0.140091D+03
 0.140110D+03
 0.139173D+03
 0.139169D+03
 0.139320D+03
 0.139322D+03
 0.140205D+03
 0.140046D+03
 0.139239D+03
 0.139167D+03
 0.139311D+03
 0.139219D+03
 0.140180D+03
 0.140179D+03
 0.139536D+03
 0.139536D+03
 0.139651D+03
 0.139371D+03
 0.140364D+03
 0.140364D+03
 0.139641D+03
 0.139632D+03
 0.139766D+03
 0.139658D+03
 0.140777D+03
 0.140640D+03
 0.140489D+03
 0.140508D+03
 0.139905D+03
 0.139923D+03
 0.141042D+03
 0.141042D+03
 0.140861D+03
 0.140866D+03
 0.140274D+03
 0.140237D+03
 0.141401D+03
 0.141403D+03
 0.141235D+03
 0.141282D+03
 0.140674D+03
 0.140916D+03
 0.141509D+03
 0.141511D+03
 0.141952D+03
 0.141951D+03
 0.141148D+03
 0.141147D+03
 0.142349D+03
 0.142347D+03
 0.141824D+03
 0.141809D+03
 0.141779D+03
 0.141782D+03
 0.142661D+03
 0.142664D+03
 0.141970D+03
 0.141875D+03
 0.142354D+03
 0.142353D+03
 0.143480D+03
 0.143479D+03
 0.142240D+03
 0.142239D+03
 0.143262D+03
 0.143266D+03
 0.144018D+03
 0.144152D+03
 0.141589D+03
 0.142010D+03
 0.144019D+03
 0.143994D+03
 0.144430D+03
 0.144373D+03
 0.145263D+03
 0.145056D+03
 0.145430D+03
 0.145324D+03
 0.145181D+03
 0.145183D+03
 0.146336D+03
 0.146315D+03
 0.146478D+03
 0.146477D+03
 0.146692D+03
 0.146821D+03
 0.148319D+03
 0.148253D+03
 0.147823D+03
 0.147680D+03
 0.148204D+03
 0.148221D+03
 0.149272D+03
 0.149270D+03
 0.148990D+03
 0.148990D+03
 0.149731D+03
 0.149677D+03
 0.149909D+03
 0.149917D+03
 0.149647D+03
 0.149673D+03
 0.151115D+03
 0.151167D+03
 0.150471D+03
 0.150475D+03
 0.150259D+03
 0.150258D+03
 0.151368D+03
 0.151370D+03
 0.150968D+03
 0.150969D+03
 0.150626D+03
 0.150608D+03
 0.152147D+03
 0.152009D+03
 0.150795D+03
 0.150795D+03
 0.150869D+03
 0.150870D+03
 0.152237D+03
 0.152293D+03
 0.151171D+03
 0.151192D+03
 0.150690D+03
 0.150693D+03
 0.152573D+03
 0.152709D+03
 0.150815D+03
 0.150814D+03
 0.150684D+03
 0.150727D+03
 0.152707D+03
 0.152708D+03
 0.150604D+03
 0.150604D+03
 0.150393D+03
 0.150396D+03
 0.151845D+03
 0.151846D+03
 0.150124D+03
 0.150099D+03
 0.149453D+03
 0.149451D+03
 0.151003D+03
 0.151005D+03
 0.149054D+03
 0.149036D+03
 0.148487D+03
 0.148489D+03
 0.149704D+03
 0.149706D+03
 0.147784D+03
 0.147897D+03
 0.147149D+03
 0.147210D+03
 0.148251D+03
 0.148290D+03
 0.146272D+03
 0.146273D+03
 0.145651D+03
 0.145649D+03
 0.146688D+03
 0.146673D+03
 0.144632D+03
 0.144603D+03
 0.144060D+03
 0.144135D+03
 0.145273D+03
 0.145273D+03
 0.142994D+03
 0.142932D+03
 0.142847D+03
 0.142856D+03
 0.143691D+03
 0.143691D+03
 0.141682D+03
 0.141651D+03
 0.141540D+03
 0.141546D+03
 0.142674D+03
 0.142431D+03
 0.140699D+03
 0.140698D+03
 0.140789D+03
 0.140803D+03
 0.141792D+03
 0.141802D+03
 0.140149D+03
 0.140182D+03
 0.140087D+03
 0.140060D+03
 0.141210D+03
 0.141211D+03
 0.139997D+03
 0.140015D+03
 0.139871D+03
 0.139885D+03
 0.140697D+03
 0.140820D+03
 0.139811D+03
 0.139738D+03
 0.139502D+03
 0.139510D+03
 0.140620D+03
 0.140675D+03
 0.139532D+03
 0.139563D+03
 0.139439D+03
 0.139438D+03
 0.140410D+03
 0.140412D+03
 0.139500D+03
 0.139606D+03
 0.139390D+03
 0.139391D+03
 0.140265D+03
 0.140266D+03
 0.139152D+03
 0.139152D+03
 0.139280D+03
 0.139231D+03
 0.140310D+03
 0.140316D+03
 0.139264D+03
 0.139242D+03
 0.139315D+03
 0.139277D+03
 0.140335D+03
 0.140182D+03
 0.139363D+03
 0.139360D+03
 0.139677D+03
 0.139693D+03
 0.140270D+03
 0.140276D+03
 0.139843D+03
 0.140034D+03
 0.139631D+03
 0.139614D+03
 0.140834D+03
 0.140853D+03
 0.140357D+03
 0.140357D+03
 0.139788D+03
 0.139788D+03
 0.140971D+03
 0.140932D+03
 0.140991D+03
 0.141002D+03
 0.140383D+03
 0.140393D+03
 0.141530D+03
 0.141449D+03
 0.141430D+03
 0.141338D+03
 0.140778D+03
 0.140779D+03
 0.141942D+03
 0.141944D+03
 0.141940D+03
 0.141943D+03
 0.141414D+03
 0.141417D+03
 0.142517D+03
 0.142251D+03
 0.142047D+03
 0.141954D+03
 0.141747D+03
 0.141716D+03
 0.142781D+03
 0.142780D+03
 0.141949D+03
 0.142145D+03
 0.142300D+03
 0.142300D+03
 0.143516D+03
 0.143552D+03
 0.142257D+03
 0.142236D+03
 0.143206D+03
 0.143207D+03
 0.144253D+03
 0.144253D+03
 0.144283D+03
 0.141595D+03
 0.141633D+03
 0.144251D+03
 0.144249D+03
 0.144608D+03
 0.144606D+03
 0.145358D+03
 0.145278D+03
 0.145372D+03
 0.145284D+03
 0.145389D+03
 0.145391D+03
 0.146618D+03
 0.146554D+03
 0.146475D+03
 0.146570D+03
 0.147014D+03
 0.146824D+03
 0.148134D+03
 0.148045D+03
 0.147763D+03
 0.147763D+03
 0.148275D+03
 0.148265D+03
 0.148974D+03
 0.148973D+03
 0.148908D+03
 0.148908D+03
 0.149559D+03
 0.149808D+03
 0.149808D+03
 0.149805D+03
 0.149700D+03
 0.149701D+03
 0.150934D+03
 0.151250D+03
 0.150311D+03
 0.150312D+03
 0.150177D+03
 0.150177D+03
 0.151272D+03
 0.151274D+03
 0.150611D+03
 0.150614D+03
 0.150479D+03
 0.150478D+03
 0.151850D+03
 0.151801D+03
 0.150865D+03
 0.150878D+03
 0.150711D+03
 0.150708D+03
 0.152057D+03
 0.152056D+03
 0.151060D+03
 0.151058D+03
 0.150712D+03
 0.150712D+03
 0.152382D+03
 0.152359D+03
 0.150535D+03
 0.150526D+03
 0.150559D+03
 0.150618D+03
 0.152525D+03
 0.152414D+03
 0.150641D+03
 0.150695D+03
 0.150213D+03
 0.150216D+03
 0.151988D+03
 0.151949D+03
 0.150113D+03
 0.150205D+03
 0.149501D+03
 0.149505D+03
 0.151152D+03
 0.151047D+03
 0.148892D+03
 0.148890D+03
 0.148629D+03
 0.148553D+03
 0.149984D+03
 0.149989D+03
 0.147623D+03
 0.147645D+03
 0.147187D+03
 0.147187D+03
 0.148338D+03
 0.148360D+03
 0.146297D+03
 0.146295D+03
 0.145660D+03
 0.145664D+03
 0.146796D+03
 0.146797D+03
 0.144738D+03
 0.144637D+03
 0.144022D+03
 0.143955D+03
 0.144996D+03
 0.145084D+03
 0.143013D+03
 0.143133D+03
 0.142583D+03
 0.142577D+03
 0.143811D+03
 0.143812D+03
 0.141637D+03
 0.141637D+03
 0.141548D+03
 0.141547D+03
 0.142432D+03
 0.142463D+03
 0.140576D+03
 0.140567D+03
 0.140546D+03
 0.140569D+03
 0.141645D+03
 0.141650D+03
 0.140210D+03
 0.139928D+03
 0.139991D+03
 0.139994D+03
 0.141099D+03
 0.141059D+03
 0.139803D+03
 0.139944D+03
 0.139663D+03
 0.139638D+03
 0.140720D+03
 0.140719D+03
 0.139741D+03
 0.139743D+03
 0.139495D+03
 0.139492D+03
 0.140522D+03
 0.140606D+03
 0.139760D+03
 0.139578D+03
 0.139361D+03
 0.139333D+03
 0.140475D+03
 0.140462D+03
 0.139215D+03
 0.139131D+03
 0.139279D+03
 0.139277D+03
 0.140197D+03
 0.140247D+03
 0.139103D+03
 0.139137D+03
 0.139219D+03
 0.139218D+03
 0.140076D+03
 0.140080D+03
 0.139044D+03
 0.139107D+03
 0.139082D+03
 0.139080D+03
 0.140223D+03
 0.140223D+03
 0.139409D+03
 0.139410D+03
 0.139254D+03
 0.139248D+03
 0.140367D+03
 0.140367D+03
 0.139888D+03
 0.139694D+03
 0.139566D+03
 0.139569D+03
 0.140712D+03
 0.140665D+03
 0.140408D+03
 0.140306D+03
 0.139766D+03
 0.139800D+03
 0.141070D+03
 0.141110D+03
 0.140952D+03
 0.140958D+03
 0.140365D+03
 0.140365D+03
 0.141612D+03
 0.141614D+03
 0.141543D+03
 0.141547D+03
 0.140943D+03
 0.140942D+03
 0.142130D+03
 0.141977D+03
 0.142248D+03
 0.142111D+03
 0.141366D+03
 0.141461D+03
 0.142474D+03
 0.142540D+03
 0.141954D+03
 0.141908D+03
 0.141909D+03
 0.141960D+03
 0.142963D+03
 0.142823D+03
 0.142239D+03
 0.142230D+03
 0.142431D+03
 0.142509D+03
 0.143669D+03
 0.143491D+03
 0.148927D+03
 0.148921D+03
 0.148499D+03
 0.148576D+03
 0.149218D+03
 0.149238D+03
 0.149519D+03
 0.149519D+03
 0.149351D+03
 0.149351D+03
 0.150719D+03
 0.150893D+03
 0.150034D+03
 0.149914D+03
 0.149916D+03
 0.149947D+03
 0.151114D+03
 0.151117D+03
 0.150488D+03
 0.150488D+03
 0.150384D+03
 0.150377D+03
 0.151600D+03
 0.151622D+03
 0.150913D+03
 0.150905D+03
 0.150377D+03
 0.150434D+03
 0.152089D+03
 0.152037D+03
 0.150899D+03
 0.150899D+03
 0.150508D+03
 0.150507D+03
 0.152325D+03
 0.152327D+03
 0.150652D+03
 0.150702D+03
 0.150364D+03
 0.150363D+03
 0.152274D+03
 0.152354D+03
 0.150575D+03
 0.150572D+03
 0.150264D+03
 0.150264D+03
 0.151792D+03
 0.151793D+03
 0.150050D+03
 0.150045D+03
 0.149228D+03
 0.149441D+03
 0.151067D+03
 0.150966D+03
 0.149059D+03
 0.149060D+03
 0.148396D+03
 0.148396D+03
 0.149904D+03
 0.149906D+03
 0.148032D+03
 0.147988D+03
 0.147119D+03
 0.147178D+03
 0.148554D+03
 0.148574D+03
 0.146384D+03
 0.146383D+03
 0.145573D+03
 0.145574D+03
 0.146788D+03
 0.146793D+03
 0.144537D+03
 0.144477D+03
 0.143968D+03
 0.143874D+03
 0.145203D+03
 0.145158D+03
 0.142832D+03
 0.142779D+03
 0.142513D+03
 0.142588D+03
 0.143157D+03
 0.143334D+03
 0.139305D+03
 0.139129D+03
 0.139084D+03
 0.138995D+03
 0.140710D+03
 0.140606D+03
 0.138288D+03
 0.138234D+03
 0.138122D+03
 0.138089D+03
 0.139720D+03
 0.139679D+03
 0.138246D+03
 0.138105D+03
 0.139255D+03
 0.139472D+03
 0.140256D+03
 0.140420D+03
 0.139359D+03
 0.139357D+03
 0.139180D+03
 0.139252D+03
 0.140309D+03
 0.140369D+03
 0.139461D+03
 0.139463D+03
 0.139237D+03
 0.139129D+03
 0.140473D+03
 0.140479D+03
 0.139404D+03
 0.139389D+03
 0.139224D+03
 0.139222D+03
 0.140268D+03
 0.140297D+03
 0.139211D+03
 0.139164D+03
 0.138913D+03
 0.138855D+03
 0.140138D+03
 0.140141D+03
 0.139073D+03
 0.139074D+03
 0.139069D+03
 0.139046D+03
 0.139866D+03
 0.139908D+03
 0.139231D+03
 0.139077D+03
 0.139081D+03
 0.139015D+03
 0.139892D+03
 0.139940D+03
 0.139290D+03
 0.139319D+03
 0.139139D+03
 0.139116D+03
 0.140316D+03
 0.140317D+03
 0.139719D+03
 0.139591D+03
 0.139415D+03
 0.139476D+03
 0.140581D+03
 0.140584D+03
 0.140187D+03
 0.140329D+03
 0.139808D+03
 0.139793D+03
 0.141091D+03
 0.141094D+03
 0.140883D+03
 0.140842D+03
 0.140328D+03
 0.140357D+03
 0.141456D+03
 0.141454D+03
 0.141793D+03
 0.141796D+03
 0.140922D+03
 0.140914D+03
 0.142032D+03
 0.142029D+03
 0.142071D+03
 0.141920D+03
 0.141356D+03
 0.141305D+03
 0.142268D+03
 0.142268D+03
 0.141864D+03
 0.141908D+03
 0.141765D+03
 0.141677D+03
 0.142891D+03
 0.142796D+03
 0.149307D+03
 0.149149D+03
 0.148844D+03
 0.148844D+03
 0.150590D+03
 0.150485D+03
 0.149799D+03
 0.149845D+03
 0.149535D+03
 0.149607D+03
 0.150632D+03
 0.150635D+03
 0.150267D+03
 0.150266D+03
 0.150132D+03
 0.150135D+03
 0.151555D+03
 0.151616D+03
 0.150496D+03
 0.150528D+03
 0.150432D+03
 0.150432D+03
 0.151991D+03
 0.151990D+03
 0.150681D+03
 0.150683D+03
 0.150407D+03
 0.150409D+03
 0.152402D+03
 0.152400D+03
 0.150634D+03
 0.150601D+03
 0.150358D+03
 0.150356D+03
 0.152132D+03
 0.152129D+03
 0.150441D+03
 0.150440D+03
 0.149963D+03
 0.149962D+03
 0.151996D+03
 0.151970D+03
 0.149981D+03
 0.149855D+03
 0.149396D+03
 0.149503D+03
 0.151115D+03
 0.151118D+03
 0.149315D+03
 0.149314D+03
 0.148519D+03
 0.148524D+03
 0.149749D+03
 0.149750D+03
 0.147945D+03
 0.147949D+03
 0.147179D+03
 0.147191D+03
 0.148432D+03
 0.148347D+03
 0.146215D+03
 0.146275D+03
 0.145394D+03
 0.145403D+03
 0.146396D+03
 0.146643D+03
 0.142426D+03
 0.142478D+03
 0.141777D+03
 0.141747D+03
 0.143235D+03
 0.143279D+03
 0.140332D+03
 0.140255D+03
 0.139866D+03
 0.139811D+03
 0.141231D+03
 0.141549D+03
 0.139060D+03
 0.138811D+03
 0.138481D+03
 0.138631D+03
 0.139852D+03
 0.139988D+03
 0.137901D+03
 0.137821D+03
 0.137487D+03
 0.137525D+03
 0.138906D+03
 0.138983D+03
 0.137454D+03
 0.137530D+03
 0.136877D+03
 0.137097D+03
 0.139268D+03
 0.139505D+03
 0.136672D+03
 0.137849D+03
 0.136804D+03
 0.136575D+03
 0.139619D+03
 0.139029D+03
 0.139078D+03
 0.138994D+03
 0.138870D+03
 0.138753D+03
 0.139930D+03
 0.139929D+03
 0.138989D+03
 0.139051D+03
 0.138979D+03
 0.138971D+03
 0.139967D+03
 0.139969D+03
 0.138888D+03
 0.138987D+03
 0.138730D+03
 0.138780D+03
 0.139961D+03
 0.139932D+03
 0.138983D+03
 0.138980D+03
 0.138579D+03
 0.138608D+03
 0.139870D+03
 0.139603D+03
 0.138890D+03
 0.138848D+03
 0.138682D+03
 0.138785D+03
 0.139941D+03
 0.139942D+03
 0.139111D+03
 0.139073D+03
 0.138918D+03
 0.139078D+03
 0.140192D+03
 0.140195D+03
 0.139609D+03
 0.139705D+03
 0.139400D+03
 0.139399D+03
 0.140442D+03
 0.140507D+03
 0.140374D+03
 0.140373D+03
 0.139687D+03
 0.139687D+03
 0.140905D+03
 0.141022D+03
 0.140990D+03
 0.140999D+03
 0.140287D+03
 0.140270D+03
 0.141523D+03
 0.141521D+03
 0.141540D+03
 0.141663D+03
 0.140637D+03
 0.140775D+03
 0.142072D+03
 0.141944D+03
 0.142025D+03
 0.141808D+03
 0.141026D+03
 0.141087D+03
 0.142071D+03
 0.142076D+03
 0.149565D+03
 0.149565D+03
 0.149269D+03
 0.149264D+03
 0.150480D+03
 0.150481D+03
 0.150243D+03
 0.150106D+03
 0.149929D+03
 0.149921D+03
 0.151104D+03
 0.151109D+03
 0.150570D+03
 0.150583D+03
 0.150212D+03
 0.150211D+03
 0.152018D+03
 0.151911D+03
 0.150566D+03
 0.150605D+03
 0.150332D+03
 0.150330D+03
 0.152358D+03
 0.152066D+03
 0.150681D+03
 0.150606D+03
 0.150515D+03
 0.150513D+03
 0.152185D+03
 0.152213D+03
 0.150517D+03
 0.150450D+03
 0.149828D+03
 0.149828D+03
 0.151796D+03
 0.151789D+03
 0.149926D+03
 0.149925D+03
 0.149452D+03
 0.149450D+03
 0.151030D+03
 0.151031D+03
 0.148967D+03
 0.149068D+03
 0.148351D+03
 0.148350D+03
 0.149771D+03
 0.149762D+03
 0.147658D+03
 0.147661D+03
 0.146742D+03
 0.146790D+03
 0.146959D+03
 0.147083D+03
 0.144114D+03
 0.144203D+03
 0.143177D+03
 0.143299D+03
 0.144877D+03
 0.144845D+03
 0.135793D+03
 0.136043D+03
 0.137114D+03
 0.137779D+03
 0.138654D+03
 0.138131D+03
 0.138515D+03
 0.138516D+03
 0.138103D+03
 0.138103D+03
 0.139276D+03
 0.139304D+03
 0.138821D+03
 0.138819D+03
 0.138346D+03
 0.138343D+03
 0.139668D+03
 0.139584D+03
 0.138577D+03
 0.138706D+03
 0.138455D+03
 0.138309D+03
 0.139377D+03
 0.139516D+03
 0.138528D+03
 0.138525D+03
 0.138280D+03
 0.138338D+03
 0.139746D+03
 0.139743D+03
 0.138670D+03
 0.138652D+03
 0.138603D+03
 0.138615D+03
 0.139783D+03
 0.139549D+03
 0.139144D+03
 0.139146D+03
 0.138764D+03
 0.138973D+03
 0.140013D+03
 0.140066D+03
 0.139539D+03
 0.139344D+03
 0.139343D+03
 0.139346D+03
 0.140233D+03
 0.140231D+03
 0.140098D+03
 0.140180D+03
 0.139595D+03
 0.139649D+03
 0.140761D+03
 0.140845D+03
 0.140815D+03
 0.140871D+03
 0.140187D+03
 0.140045D+03
 0.141454D+03
 0.141448D+03
 0.141473D+03
 0.141538D+03
 0.140413D+03
 0.140414D+03
 0.141814D+03
 0.141723D+03
 0.141176D+03
 0.141127D+03
 0.140131D+03
 0.140131D+03
 0.141442D+03
 0.141428D+03
 0.149318D+03
 0.149528D+03
 0.149200D+03
 0.149197D+03
 0.150362D+03
 0.150363D+03
 0.150230D+03
 0.150231D+03
 0.149738D+03
 0.149736D+03
 0.150991D+03
 0.151014D+03
 0.150538D+03
 0.150534D+03
 0.150234D+03
 0.150233D+03
 0.151969D+03
 0.152070D+03
 0.150611D+03
 0.150613D+03
 0.150319D+03
 0.150319D+03
 0.152115D+03
 0.152123D+03
 0.150785D+03
 0.150694D+03
 0.150419D+03
 0.150206D+03
 0.152079D+03
 0.152004D+03
 0.150462D+03
 0.150478D+03
 0.149824D+03
 0.149824D+03
 0.151515D+03
 0.151683D+03
 0.149756D+03
 0.149716D+03
 0.149175D+03
 0.149175D+03
 0.150614D+03
 0.150678D+03
 0.147132D+03
 0.147187D+03
 0.146546D+03
 0.146457D+03
 0.148595D+03
 0.148586D+03
 0.145738D+03
 0.145813D+03
 0.144974D+03
 0.144973D+03
 0.146868D+03
 0.146833D+03
 0.137875D+03
 0.137878D+03
 0.137408D+03
 0.137493D+03
 0.138774D+03
 0.138774D+03
 0.138200D+03
 0.138167D+03
 0.137749D+03
 0.138071D+03
 0.139145D+03
 0.139164D+03
 0.138383D+03
 0.138313D+03
 0.138221D+03
 0.138065D+03
 0.139111D+03
 0.139114D+03
 0.138525D+03
 0.138524D+03
 0.138092D+03
 0.138286D+03
 0.139292D+03
 0.139292D+03
 0.138726D+03
 0.138451D+03
 0.138408D+03
 0.138286D+03
 0.139431D+03
 0.139180D+03
 0.138761D+03
 0.138756D+03
 0.138592D+03
 0.138526D+03
 0.139828D+03
 0.139703D+03
 0.139431D+03
 0.139381D+03
 0.139059D+03
 0.138810D+03
 0.140163D+03
 0.140083D+03
 0.139892D+03
 0.140121D+03
 0.139344D+03
 0.139343D+03
 0.140682D+03
 0.140411D+03
 0.140567D+03
 0.140568D+03
 0.139638D+03
 0.139864D+03
 0.140949D+03
 0.140949D+03
 0.141111D+03
 0.141144D+03
 0.139970D+03
 0.139967D+03
 0.141201D+03
 0.141189D+03
 0.150144D+03
 0.150148D+03
 0.149965D+03
 0.149968D+03
 0.150915D+03
 0.150949D+03
 0.150606D+03
 0.150604D+03
 0.150262D+03
 0.150262D+03
 0.151685D+03
 0.151825D+03
 0.150593D+03
 0.150600D+03
 0.150170D+03
 0.150171D+03
 0.151912D+03
 0.151914D+03
 0.150578D+03
 0.150581D+03
 0.150199D+03
 0.150199D+03
 0.151924D+03
 0.151924D+03
 0.150020D+03
 0.150020D+03
 0.149639D+03
 0.149641D+03
 0.151112D+03
 0.151216D+03
 0.148069D+03
 0.147884D+03
 0.147487D+03
 0.147581D+03
 0.149633D+03
 0.149663D+03
 0.138076D+03
 0.138086D+03
 0.137709D+03
 0.137708D+03
 0.138658D+03
 0.138885D+03
 0.138244D+03
 0.138245D+03
 0.137726D+03
 0.137731D+03
 0.138796D+03
 0.138863D+03
 0.138175D+03
 0.138377D+03
 0.137879D+03
 0.138061D+03
 0.138824D+03
 0.138965D+03
 0.138622D+03
 0.138473D+03
 0.138211D+03
 0.138202D+03
 0.139458D+03
 0.139210D+03
 0.138868D+03
 0.138847D+03
 0.138507D+03
 0.138659D+03
 0.139817D+03
 0.139818D+03
 0.139720D+03
 0.139525D+03
 0.138937D+03
 0.138873D+03
 0.140159D+03
 0.140158D+03
 0.140230D+03
 0.140230D+03
 0.139285D+03
 0.139087D+03
 0.140392D+03
 0.140392D+03
 0.150141D+03
 0.150145D+03
 0.149736D+03
 0.149801D+03
 0.151503D+03
 0.151210D+03
 0.150442D+03
 0.150622D+03
 0.150264D+03
 0.150126D+03
 0.151557D+03
 0.151509D+03
 0.150612D+03
 0.150603D+03
 0.150105D+03
 0.150106D+03
 0.151757D+03
 0.151516D+03
 0.150097D+03
 0.150097D+03
 0.149436D+03
 0.149701D+03
 0.150972D+03
 0.151047D+03
 0.148173D+03
 0.148266D+03
 0.148081D+03
 0.148185D+03
 0.150434D+03
 0.150418D+03
 0.147372D+03
 0.148133D+03
 0.146997D+03
 0.146973D+03
 0.149031D+03
 0.149168D+03
 0.137693D+03
 0.137635D+03
 0.137198D+03
 0.137189D+03
 0.138330D+03
 0.138249D+03
 0.137808D+03
 0.137947D+03
 0.137458D+03
 0.137461D+03
 0.138231D+03
 0.138402D+03
 0.137817D+03
 0.137816D+03
 0.137414D+03
 0.137666D+03
 0.138482D+03
 0.138556D+03
 0.138007D+03
 0.138107D+03
 0.137796D+03
 0.137564D+03
 0.138695D+03
 0.138695D+03
 0.138388D+03
 0.138386D+03
 0.138006D+03
 0.138027D+03
 0.139007D+03
 0.139115D+03
 0.138905D+03
 0.138885D+03
 0.138184D+03
 0.138214D+03
 0.139344D+03
 0.139376D+03
 0.139239D+03
 0.139371D+03
 0.138438D+03
 0.138439D+03
 0.139565D+03
 0.139566D+03
 0.137110D+03
 0.137186D+03
 0.136735D+03
 0.136736D+03
 0.137673D+03
 0.137676D+03
 0.137117D+03
 0.137118D+03
 0.136877D+03
 0.136705D+03
 0.137751D+03
 0.137889D+03
 0.137515D+03
 0.137366D+03
 0.137058D+03
 0.137057D+03
 0.138063D+03
 0.138035D+03
 0.142657D+03
 0.142862D+03
 0.142388D+03
 0.142138D+03
 0.141939D+03
 0.141971D+03
 0.140223D+03
 0.140208D+03
 0.139826D+03
 0.139781D+03
 0.140480D+03
 0.140481D+03
 0.139373D+03
 0.139371D+03
 0.139303D+03
 0.139301D+03
 0.139265D+03
 0.139270D+03
 0.138366D+03
 0.138364D+03
 0.138024D+03
 0.138084D+03
 0.138064D+03
 0.138283D+03
 0.137679D+03
 0.137682D+03
 0.137446D+03
 0.137529D+03
 0.137575D+03
 0.137581D+03
 0.137261D+03
 0.137262D+03
 0.136984D+03
 0.136951D+03
 0.137017D+03
 0.137093D+03
 0.137025D+03
 0.137022D+03
 0.136728D+03
 0.136722D+03
 0.136908D+03
 0.136927D+03
 0.139519D+03
 0.139486D+03
 0.138865D+03
 0.138835D+03
 0.139051D+03
 0.138836D+03
 0.139584D+03
 0.139589D+03
 0.139389D+03
 0.139415D+03
 0.139494D+03
 0.139495D+03
 0.139519D+03
 0.139428D+03
 0.139911D+03
 0.139798D+03
 0.140055D+03
 0.140054D+03
 0.139880D+03
 0.139904D+03
 0.140704D+03
 0.140611D+03
 0.141029D+03
 0.140962D+03
 0.139283D+03
 0.139307D+03
 0.141685D+03
 0.141678D+03
 0.141370D+03
 0.141465D+03
 0.144124D+03
 0.143935D+03
 0.143003D+03
 0.142947D+03
 0.142546D+03
 0.142642D+03
 0.145590D+03
 0.145697D+03
 0.144499D+03
 0.144492D+03
 0.144240D+03
 0.144220D+03
 0.147190D+03
 0.147082D+03
 0.145957D+03
 0.145959D+03
 0.145643D+03
 0.145679D+03
 0.143477D+03
 0.143501D+03
 0.142933D+03
 0.142768D+03
 0.143753D+03
 0.143800D+03
 0.141831D+03
 0.141823D+03
 0.141806D+03
 0.141925D+03
 0.142311D+03
 0.142400D+03
 0.140764D+03
 0.140767D+03
 0.140377D+03
 0.140401D+03
 0.140780D+03
 0.140770D+03
 0.139288D+03
 0.139283D+03
 0.139072D+03
 0.139371D+03
 0.139694D+03
 0.139747D+03
 0.138390D+03
 0.138348D+03
 0.138335D+03
 0.138328D+03
 0.138836D+03
 0.138861D+03
 0.137918D+03
 0.137976D+03
 0.137772D+03
 0.137758D+03
 0.138128D+03
 0.138049D+03
 0.137487D+03
 0.137487D+03
 0.137471D+03
 0.137456D+03
 0.137824D+03
 0.137885D+03
 0.137453D+03
 0.137491D+03
 0.137121D+03
 0.137090D+03
 0.137444D+03
 0.137355D+03
 0.137010D+03
 0.136813D+03
 0.136753D+03
 0.136924D+03
 0.137141D+03
 0.137130D+03
 0.137118D+03
 0.137129D+03
 0.136984D+03
 0.137072D+03
 0.137024D+03
 0.137175D+03
 0.137384D+03
 0.137344D+03
 0.137207D+03
 0.137228D+03
 0.137449D+03
 0.137423D+03
 0.137945D+03
 0.138076D+03
 0.137773D+03
 0.137780D+03
 0.137537D+03
 0.137547D+03
 0.138405D+03
 0.138404D+03
 0.138069D+03
 0.137986D+03
 0.137926D+03
 0.137893D+03
 0.139342D+03
 0.139117D+03
 0.138501D+03
 0.138469D+03
 0.138388D+03
 0.138270D+03
 0.139538D+03
 0.139539D+03
 0.138886D+03
 0.138882D+03
 0.140090D+03
 0.140072D+03
 0.139848D+03
 0.139813D+03
 0.139397D+03
 0.139448D+03
 0.140504D+03
 0.140537D+03
 0.139773D+03
 0.139890D+03
 0.140264D+03
 0.140283D+03
 0.141396D+03
 0.141340D+03
 0.140401D+03
 0.140328D+03
 0.140978D+03
 0.140962D+03
 0.142249D+03
 0.142239D+03
 0.139831D+03
 0.139831D+03
 0.142299D+03
 0.142300D+03
 0.142942D+03
 0.142926D+03
 0.144627D+03
 0.144588D+03
 0.143490D+03
 0.143493D+03
 0.143891D+03
 0.143786D+03
 0.145921D+03
 0.145955D+03
 0.145094D+03
 0.144914D+03
 0.145238D+03
 0.145586D+03
 0.147526D+03
 0.147650D+03
 0.146482D+03
 0.146484D+03
 0.146507D+03
 0.146574D+03
 0.147956D+03
 0.147953D+03
 0.147776D+03
 0.147652D+03
 0.148342D+03
 0.148177D+03
 0.148299D+03
 0.148327D+03
 0.147804D+03
 0.147615D+03
 0.148840D+03
 0.148841D+03
 0.146635D+03
 0.146766D+03
 0.146278D+03
 0.146267D+03
 0.147567D+03
 0.147478D+03
 0.145486D+03
 0.145449D+03
 0.144614D+03
 0.144803D+03
 0.146398D+03
 0.146406D+03
 0.143684D+03
 0.143766D+03
 0.143515D+03
 0.143518D+03
 0.144663D+03
 0.144655D+03
 0.142595D+03
 0.142595D+03
 0.142019D+03
 0.142024D+03
 0.143214D+03
 0.143241D+03
 0.141156D+03
 0.141156D+03
 0.140707D+03
 0.140762D+03
 0.141865D+03
 0.141872D+03
 0.139876D+03
 0.139860D+03
 0.139781D+03
 0.139760D+03
 0.140627D+03
 0.140632D+03
 0.138904D+03
 0.138904D+03
 0.138977D+03
 0.138817D+03
 0.139807D+03
 0.139809D+03
 0.138355D+03
 0.138355D+03
 0.138466D+03
 0.138443D+03
 0.139264D+03
 0.139267D+03
 0.137864D+03
 0.137868D+03
 0.137909D+03
 0.137902D+03
 0.139015D+03
 0.139040D+03
 0.137850D+03
 0.137873D+03
 0.137645D+03
 0.137681D+03
 0.138585D+03
 0.138681D+03
 0.137236D+03
 0.137237D+03
 0.137065D+03
 0.137062D+03
 0.138185D+03
 0.138186D+03
 0.137105D+03
 0.137106D+03
 0.137062D+03
 0.137053D+03
 0.138028D+03
 0.138017D+03
 0.136758D+03
 0.136765D+03
 0.136600D+03
 0.136590D+03
 0.137691D+03
 0.137708D+03
 0.136436D+03
 0.136435D+03
 0.136738D+03
 0.136635D+03
 0.137666D+03
 0.137709D+03
 0.136591D+03
 0.136591D+03
 0.136521D+03
 0.136519D+03
 0.137862D+03
 0.137868D+03
 0.136999D+03
 0.136997D+03
 0.137064D+03
 0.137060D+03
 0.137959D+03
 0.137963D+03
 0.137570D+03
 0.137569D+03
 0.137146D+03
 0.137203D+03
 0.138231D+03
 0.138131D+03
 0.138309D+03
 0.138310D+03
 0.137869D+03
 0.137803D+03
 0.138688D+03
 0.138686D+03
 0.139065D+03
 0.139071D+03
 0.138442D+03
 0.138442D+03
 0.139182D+03
 0.139193D+03
 0.148400D+03
 0.148261D+03
 0.147733D+03
 0.148054D+03
 0.150824D+03
 0.150691D+03
 0.147140D+03
 0.147150D+03
 0.147024D+03
 0.147018D+03
 0.149695D+03
 0.149613D+03
 0.146508D+03
 0.146507D+03
 0.145868D+03
 0.145834D+03
 0.148116D+03
 0.148204D+03
 0.144969D+03
 0.144969D+03
 0.144280D+03
 0.144284D+03
 0.146775D+03
 0.146802D+03
 0.143337D+03
 0.143294D+03
 0.142862D+03
 0.142699D+03
 0.145090D+03
 0.144981D+03
 0.141891D+03
 0.141910D+03
 0.141598D+03
 0.141615D+03
 0.143774D+03
 0.143754D+03
 0.140777D+03
 0.140778D+03
 0.140616D+03
 0.140565D+03
 0.142622D+03
 0.142542D+03
 0.139880D+03
 0.139877D+03
 0.139625D+03
 0.139799D+03
 0.141998D+03
 0.142011D+03
 0.139259D+03
 0.139260D+03
 0.139187D+03
 0.139187D+03
 0.141339D+03
 0.141363D+03
 0.138529D+03
 0.138529D+03
 0.138558D+03
 0.138577D+03
 0.140747D+03
 0.140944D+03
 0.138421D+03
 0.138332D+03
 0.138207D+03
 0.138208D+03
 0.140316D+03
 0.140317D+03
 0.137739D+03
 0.137739D+03
 0.137763D+03
 0.137764D+03
 0.139871D+03
 0.139886D+03
 0.137249D+03
 0.137244D+03
 0.137422D+03
 0.137415D+03
 0.139452D+03
 0.139620D+03
 0.137106D+03
 0.137108D+03
 0.137018D+03
 0.136892D+03
 0.139436D+03
 0.139401D+03
 0.136560D+03
 0.136560D+03
 0.136842D+03
 0.136914D+03
 0.139109D+03
 0.139113D+03
 0.136631D+03
 0.136629D+03
 0.136839D+03
 0.136833D+03
 0.139302D+03
 0.139312D+03
 0.137281D+03
 0.137123D+03
 0.137096D+03
 0.137072D+03
 0.139600D+03
 0.139508D+03
 0.149364D+03
 0.149374D+03
 0.148779D+03
 0.148779D+03
 0.148383D+03
 0.148380D+03
 0.147840D+03
 0.147919D+03
 0.147378D+03
 0.147466D+03
 0.146682D+03
 0.146526D+03
 0.145687D+03
 0.145568D+03
 0.144988D+03
 0.144983D+03
 0.144087D+03
 0.144231D+03
 0.143581D+03
 0.143586D+03
 0.142724D+03
 0.142731D+03
 0.142236D+03
 0.142288D+03
 0.141480D+03
 0.141462D+03
 0.141169D+03
 0.141144D+03
 0.135616D+03
 0.141031D+03
 0.136421D+03
 0.141460D+03
 0.136392D+03
 0.132869D+03
 0.138486D+03
 0.136830D+03
 0.132746D+03
 0.138641D+03
 0.137150D+03
 0.132718D+03
 0.138970D+03
 0.138180D+03
 0.133212D+03
 0.139057D+03
 0.138903D+03
 0.133466D+03
 0.139492D+03
 0.139103D+03
 0.134307D+03
 0.140010D+03
 0.139346D+03
 0.134928D+03
 0.140276D+03
 0.135049D+03
 0.140777D+03
 0.135300D+03
 0.141709D+03
 0.135547D+03
 0.141903D+03
 0.136013D+03
 0.142202D+03
 0.137854D+03
 0.132908D+03
 0.139724D+03
 0.137416D+03
 0.132682D+03
 0.139347D+03
 0.137095D+03
 0.132625D+03
 0.139093D+03
 0.137236D+03
 0.132610D+03
 0.139150D+03
 0.137388D+03
 0.132520D+03
 0.139288D+03
 0.137882D+03
 0.132869D+03
 0.139408D+03
 0.138742D+03
 0.132939D+03
 0.139624D+03
 0.139566D+03
 0.133461D+03
 0.140117D+03
 0.139667D+03
 0.133696D+03
 0.140551D+03
 0.139811D+03
 0.134121D+03
 0.141065D+03
 0.134784D+03
 0.141346D+03
 0.135686D+03
 0.141891D+03
 0.136185D+03
 0.142185D+03
 0.136829D+03
 0.142507D+03
 0.137331D+03
 0.143095D+03
 0.138206D+03
 0.144363D+03
 0.149285D+03
 0.144563D+03
 0.151175D+03
 0.147632D+03
 0.143433D+03
 0.150109D+03
 0.145722D+03
 0.142056D+03
 0.148345D+03
 0.143829D+03
 0.140124D+03
 0.146350D+03
 0.143354D+03
 0.138478D+03
 0.144622D+03
 0.142468D+03
 0.136967D+03
 0.143243D+03
 0.141002D+03
 0.135795D+03
 0.142095D+03
 0.139905D+03
 0.134988D+03
 0.141125D+03
 0.138948D+03
 0.134193D+03
 0.140616D+03
 0.138302D+03
 0.133877D+03
 0.140200D+03
 0.137783D+03
 0.133750D+03
 0.139884D+03
 0.137695D+03
 0.133550D+03
 0.139699D+03
 0.137657D+03
 0.133680D+03
 0.139523D+03
 0.137928D+03
 0.133789D+03
 0.139524D+03
 0.138362D+03
 0.133748D+03
 0.139843D+03
 0.138949D+03
 0.134115D+03
 0.140112D+03
 0.139767D+03
 0.134453D+03
 0.140313D+03
 0.139975D+03
 0.134615D+03
 0.140874D+03
 0.140081D+03
 0.135186D+03
 0.141354D+03
 0.135464D+03
 0.141616D+03
 0.137432D+03
 0.141940D+03
 0.137662D+03
 0.142440D+03
 0.137931D+03
 0.142626D+03
 0.138539D+03
 0.143642D+03
 0.139521D+03
 0.144591D+03
 0.151003D+03
 0.147196D+03
 0.152106D+03
 0.150634D+03
 0.146744D+03
 0.151567D+03
 0.149450D+03
 0.146138D+03
 0.151175D+03
 0.147609D+03
 0.144894D+03
 0.149867D+03
 0.145718D+03
 0.143310D+03
 0.148273D+03
 0.144293D+03
 0.141611D+03
 0.146619D+03
 0.143415D+03
 0.139987D+03
 0.145046D+03
 0.142736D+03
 0.138437D+03
 0.143586D+03
 0.141565D+03
 0.137436D+03
 0.142390D+03
 0.140237D+03
 0.136552D+03
 0.141503D+03
 0.139485D+03
 0.135908D+03
 0.140845D+03
 0.138634D+03
 0.135571D+03
 0.140542D+03
 0.138343D+03
 0.135320D+03
 0.140276D+03
 0.138159D+03
 0.135452D+03
 0.140269D+03
 0.138053D+03
 0.135263D+03
 0.140143D+03
 0.138191D+03
 0.135268D+03
 0.140015D+03
 0.138569D+03
 0.135254D+03
 0.140251D+03
 0.139310D+03
 0.135668D+03
 0.140390D+03
 0.139976D+03
 0.135993D+03
 0.140560D+03
 0.140277D+03
 0.136311D+03
 0.141044D+03
 0.140238D+03
 0.136638D+03
 0.141477D+03
 0.137047D+03
 0.141705D+03
 0.138680D+03
 0.142047D+03
 0.138806D+03
 0.142510D+03
 0.139545D+03
 0.143109D+03
 0.140163D+03
 0.143734D+03
 0.140968D+03
 0.144972D+03
 0.145139D+03
 0.142224D+03
 0.146107D+03
 0.145532D+03
 0.143775D+03
 0.147188D+03
 0.150760D+03
 0.148621D+03
 0.152343D+03
 0.150926D+03
 0.148740D+03
 0.152115D+03
 0.150940D+03
 0.148536D+03
 0.151963D+03
 0.150591D+03
 0.148207D+03
 0.151510D+03
 0.149428D+03
 0.147378D+03
 0.150797D+03
 0.147927D+03
 0.146311D+03
 0.149702D+03
 0.145933D+03
 0.144598D+03
 0.148196D+03
 0.144638D+03
 0.143064D+03
 0.146830D+03
 0.143898D+03
 0.141294D+03
 0.145230D+03
 0.142806D+03
 0.139899D+03
 0.143948D+03
 0.141927D+03
 0.138830D+03
 0.142718D+03
 0.140605D+03
 0.137848D+03
 0.141878D+03
 0.139817D+03
 0.137212D+03
 0.141252D+03
 0.139324D+03
 0.137054D+03
 0.140969D+03
 0.138650D+03
 0.137028D+03
 0.140643D+03
 0.138437D+03
 0.136947D+03
 0.140369D+03
 0.138508D+03
 0.136800D+03
 0.140125D+03
 0.138495D+03
 0.136869D+03
 0.140066D+03
 0.139001D+03
 0.136946D+03
 0.140243D+03
 0.139332D+03
 0.137052D+03
 0.140168D+03
 0.140139D+03
 0.137471D+03
 0.140465D+03
 0.140435D+03
 0.137587D+03
 0.140891D+03
 0.140408D+03
 0.137972D+03
 0.141223D+03
 0.138299D+03
 0.141653D+03
 0.139493D+03
 0.142127D+03
 0.139837D+03
 0.142545D+03
 0.140469D+03
 0.143150D+03
 0.141025D+03
 0.143938D+03
 0.142048D+03
 0.145191D+03
 0.145410D+03
 0.143346D+03
 0.146212D+03
 0.145828D+03
 0.144564D+03
 0.147205D+03
 0.150791D+03
 0.149172D+03
 0.152155D+03
 0.150640D+03
 0.149434D+03
 0.152063D+03
 0.150956D+03
 0.149370D+03
 0.151995D+03
 0.151025D+03
 0.149205D+03
 0.151562D+03
 0.150557D+03
 0.148802D+03
 0.151359D+03
 0.149492D+03
 0.148032D+03
 0.150704D+03
 0.147922D+03
 0.146960D+03
 0.149684D+03
 0.146134D+03
 0.145273D+03
 0.148407D+03
 0.144664D+03
 0.143902D+03
 0.146793D+03
 0.144106D+03
 0.142307D+03
 0.145266D+03
 0.143369D+03
 0.140824D+03
 0.144018D+03
 0.142011D+03
 0.139529D+03
 0.142664D+03
 0.141002D+03
 0.138953D+03
 0.142017D+03
 0.139975D+03
 0.138391D+03
 0.141448D+03
 0.139398D+03
 0.138112D+03
 0.141047D+03
 0.138905D+03
 0.137905D+03
 0.140780D+03
 0.138763D+03
 0.137803D+03
 0.140537D+03
 0.138763D+03
 0.137762D+03
 0.140274D+03
 0.138892D+03
 0.137462D+03
 0.140266D+03
 0.139058D+03
 0.137642D+03
 0.139958D+03
 0.139579D+03
 0.138031D+03
 0.140075D+03
 0.140555D+03
 0.138026D+03
 0.140381D+03
 0.140518D+03
 0.138320D+03
 0.140714D+03
 0.140619D+03
 0.138813D+03
 0.141293D+03
 0.139116D+03
 0.141623D+03
 0.139770D+03
 0.142050D+03
 0.140171D+03
 0.142593D+03
 0.140756D+03
 0.143282D+03
 0.141421D+03
 0.144066D+03
 0.142772D+03
 0.145306D+03
 0.145663D+03
 0.143760D+03
 0.146409D+03
 0.146267D+03
 0.145274D+03
 0.147649D+03
 0.146763D+03
 0.146294D+03
 0.148764D+03
 0.147959D+03
 0.147673D+03
 0.149691D+03
 0.149153D+03
 0.148480D+03
 0.150745D+03
 0.149967D+03
 0.149111D+03
 0.151380D+03
 0.150602D+03
 0.149727D+03
 0.152015D+03
 0.150931D+03
 0.149737D+03
 0.152035D+03
 0.150897D+03
 0.149915D+03
 0.151874D+03
 0.151030D+03
 0.149630D+03
 0.151267D+03
 0.150572D+03
 0.149088D+03
 0.151323D+03
 0.149549D+03
 0.148399D+03
 0.150491D+03
 0.147912D+03
 0.147162D+03
 0.149490D+03
 0.146279D+03
 0.145634D+03
 0.148136D+03
 0.145202D+03
 0.144027D+03
 0.147017D+03
 0.144562D+03
 0.142428D+03
 0.145473D+03
 0.143917D+03
 0.141137D+03
 0.144176D+03
 0.142328D+03
 0.140111D+03
 0.142958D+03
 0.141206D+03
 0.139250D+03
 0.142168D+03
 0.140377D+03
 0.138691D+03
 0.141846D+03
 0.139942D+03
 0.138589D+03
 0.141214D+03
 0.139289D+03
 0.138169D+03
 0.140687D+03
 0.139021D+03
 0.138252D+03
 0.140323D+03
 0.138714D+03
 0.138282D+03
 0.140358D+03
 0.138826D+03
 0.137913D+03
 0.140015D+03
 0.139070D+03
 0.138218D+03
 0.139943D+03
 0.139822D+03
 0.138051D+03
 0.139941D+03
 0.140483D+03
 0.138243D+03
 0.140284D+03
 0.140604D+03
 0.138409D+03
 0.140586D+03
 0.140645D+03
 0.139156D+03
 0.141039D+03
 0.139388D+03
 0.141490D+03
 0.140050D+03
 0.142317D+03
 0.140296D+03
 0.142854D+03
 0.141038D+03
 0.143448D+03
 0.141795D+03
 0.144536D+03
 0.142719D+03
 0.145389D+03
 0.146125D+03
 0.144136D+03
 0.146499D+03
 0.146386D+03
 0.145360D+03
 0.147726D+03
 0.147017D+03
 0.146577D+03
 0.148672D+03
 0.148220D+03
 0.147483D+03
 0.149772D+03
 0.149233D+03
 0.148506D+03
 0.150712D+03
 0.150076D+03
 0.149108D+03
 0.151243D+03
 0.150782D+03
 0.149445D+03
 0.152025D+03
 0.151015D+03
 0.149662D+03
 0.151880D+03
 0.150982D+03
 0.149770D+03
 0.151636D+03
 0.151126D+03
 0.149354D+03
 0.150960D+03
 0.150672D+03
 0.148650D+03
 0.151001D+03
 0.149581D+03
 0.148220D+03
 0.150492D+03
 0.148250D+03
 0.147187D+03
 0.149434D+03
 0.146662D+03
 0.145630D+03
 0.148186D+03
 0.145501D+03
 0.144330D+03
 0.146951D+03
 0.144890D+03
 0.142690D+03
 0.145554D+03
 0.143999D+03
 0.141454D+03
 0.144108D+03
 0.142698D+03
 0.140321D+03
 0.142913D+03
 0.141601D+03
 0.139384D+03
 0.142188D+03
 0.140485D+03
 0.138739D+03
 0.141541D+03
 0.140041D+03
 0.138490D+03
 0.141305D+03
 0.139523D+03
 0.138267D+03
 0.140862D+03
 0.139151D+03
 0.138098D+03
 0.140518D+03
 0.138951D+03
 0.138055D+03
 0.140086D+03
 0.138810D+03
 0.137925D+03
 0.139923D+03
 0.139495D+03
 0.138054D+03
 0.139808D+03
 0.139936D+03
 0.137916D+03
 0.139939D+03
 0.140563D+03
 0.138198D+03
 0.140129D+03
 0.140630D+03
 0.138453D+03
 0.140615D+03
 0.140976D+03
 0.139025D+03
 0.141184D+03
 0.139592D+03
 0.141474D+03
 0.139980D+03
 0.142259D+03
 0.140379D+03
 0.142935D+03
 0.141117D+03
 0.143702D+03
 0.141756D+03
 0.144423D+03
 0.142645D+03
 0.145486D+03
 0.146205D+03
 0.143857D+03
 0.146528D+03
 0.146475D+03
 0.144921D+03
 0.147681D+03
 0.147309D+03
 0.146172D+03
 0.148549D+03
 0.148229D+03
 0.147340D+03
 0.149676D+03
 0.149235D+03
 0.148140D+03
 0.150598D+03
 0.149873D+03
 0.148761D+03
 0.151151D+03
 0.150672D+03
 0.149105D+03
 0.151802D+03
 0.151048D+03
 0.149295D+03
 0.151924D+03
 0.150991D+03
 0.149122D+03
 0.151547D+03
 0.151017D+03
 0.148815D+03
 0.150962D+03
 0.150677D+03
 0.148493D+03
 0.150939D+03
 0.149625D+03
 0.147909D+03
 0.150443D+03
 0.148376D+03
 0.146931D+03
 0.149501D+03
 0.146984D+03
 0.145653D+03
 0.148210D+03
 0.146012D+03
 0.144027D+03
 0.146923D+03
 0.145186D+03
 0.142429D+03
 0.145426D+03
 0.144388D+03
 0.141109D+03
 0.143907D+03
 0.142907D+03
 0.139956D+03
 0.142761D+03
 0.141689D+03
 0.139082D+03
 0.142140D+03
 0.140587D+03
 0.138471D+03
 0.141356D+03
 0.140073D+03
 0.138263D+03
 0.141031D+03
 0.139486D+03
 0.138013D+03
 0.140763D+03
 0.139289D+03
 0.138104D+03
 0.140478D+03
 0.138763D+03
 0.137743D+03
 0.140138D+03
 0.138848D+03
 0.137790D+03
 0.139794D+03
 0.139207D+03
 0.137764D+03
 0.139759D+03
 0.139916D+03
 0.137648D+03
 0.139853D+03
 0.140529D+03
 0.137955D+03
 0.140385D+03
 0.140880D+03
 0.138271D+03
 0.140758D+03
 0.141126D+03
 0.138864D+03
 0.141346D+03
 0.139335D+03
 0.141758D+03
 0.139949D+03
 0.142632D+03
 0.140601D+03
 0.142943D+03
 0.140982D+03
 0.143676D+03
 0.147906D+03
 0.146681D+03
 0.149552D+03
 0.149060D+03
 0.147721D+03
 0.150541D+03
 0.149933D+03
 0.148426D+03
 0.151236D+03
 0.150606D+03
 0.148887D+03
 0.151812D+03
 0.150846D+03
 0.149011D+03
 0.151715D+03
 0.150848D+03
 0.148887D+03
 0.151607D+03
 0.151015D+03
 0.148714D+03
 0.151137D+03
 0.150775D+03
 0.148360D+03
 0.151208D+03
 0.150002D+03
 0.147740D+03
 0.150680D+03
 0.148558D+03
 0.146885D+03
 0.149561D+03
 0.147310D+03
 0.145346D+03
 0.148409D+03
 0.146246D+03
 0.143904D+03
 0.147183D+03
 0.145368D+03
 0.142318D+03
 0.145372D+03
 0.144162D+03
 0.140870D+03
 0.143909D+03
 0.140671D+03
 0.137476D+03
 0.141818D+03
 0.139302D+03
 0.136734D+03
 0.140664D+03
 0.138679D+03
 0.137987D+03
 0.139946D+03
 0.139431D+03
 0.137917D+03
 0.140438D+03
 0.139394D+03
 0.137835D+03
 0.140503D+03
 0.139027D+03
 0.137707D+03
 0.140352D+03
 0.138644D+03
 0.137537D+03
 0.139873D+03
 0.138753D+03
 0.137369D+03
 0.139782D+03
 0.139343D+03
 0.137391D+03
 0.139853D+03
 0.139917D+03
 0.137554D+03
 0.140116D+03
 0.140402D+03
 0.137863D+03
 0.140323D+03
 0.140845D+03
 0.138376D+03
 0.140895D+03
 0.141144D+03
 0.138831D+03
 0.141234D+03
 0.139425D+03
 0.141860D+03
 0.139731D+03
 0.142592D+03
 0.140115D+03
 0.142924D+03
 0.148755D+03
 0.147237D+03
 0.150250D+03
 0.149470D+03
 0.147837D+03
 0.151043D+03
 0.150712D+03
 0.148546D+03
 0.151656D+03
 0.150640D+03
 0.148556D+03
 0.151724D+03
 0.150942D+03
 0.148791D+03
 0.151608D+03
 0.151352D+03
 0.148646D+03
 0.151021D+03
 0.150687D+03
 0.148291D+03
 0.151221D+03
 0.150030D+03
 0.147574D+03
 0.150833D+03
 0.148949D+03
 0.146821D+03
 0.149877D+03
 0.147441D+03
 0.145560D+03
 0.148506D+03
 0.146165D+03
 0.143742D+03
 0.146720D+03
 0.145071D+03
 0.140228D+03
 0.144864D+03
 0.141937D+03
 0.138339D+03
 0.142623D+03
 0.140397D+03
 0.136949D+03
 0.141054D+03
 0.138472D+03
 0.136173D+03
 0.140166D+03
 0.137556D+03
 0.136779D+03
 0.139761D+03
 0.138286D+03
 0.135724D+03
 0.140127D+03
 0.136752D+03
 0.137228D+03
 0.140195D+03
 0.138722D+03
 0.137301D+03
 0.140219D+03
 0.138530D+03
 0.136976D+03
 0.139867D+03
 0.138574D+03
 0.137027D+03
 0.139763D+03
 0.139008D+03
 0.137290D+03
 0.139937D+03
 0.139876D+03
 0.137611D+03
 0.140175D+03
 0.140614D+03
 0.137727D+03
 0.140581D+03
 0.140946D+03
 0.138068D+03
 0.140899D+03
 0.141207D+03
 0.138682D+03
 0.141287D+03
 0.139264D+03
 0.141948D+03
 0.139371D+03
 0.142221D+03
 0.149242D+03
 0.147651D+03
 0.150675D+03
 0.150690D+03
 0.148153D+03
 0.151802D+03
 0.150648D+03
 0.148673D+03
 0.151718D+03
 0.150830D+03
 0.148654D+03
 0.151880D+03
 0.151069D+03
 0.148576D+03
 0.151221D+03
 0.150753D+03
 0.148344D+03
 0.151543D+03
 0.150094D+03
 0.147767D+03
 0.150905D+03
 0.148732D+03
 0.146664D+03
 0.149750D+03
 0.147073D+03
 0.144921D+03
 0.148361D+03
 0.144181D+03
 0.141437D+03
 0.146191D+03
 0.137366D+03
 0.136277D+03
 0.138591D+03
 0.138312D+03
 0.136817D+03
 0.139696D+03
 0.138631D+03
 0.136810D+03
 0.139801D+03
 0.138312D+03
 0.136913D+03
 0.139841D+03
 0.138545D+03
 0.136824D+03
 0.139709D+03
 0.138911D+03
 0.137055D+03
 0.139988D+03
 0.139701D+03
 0.137120D+03
 0.140326D+03
 0.140517D+03
 0.137616D+03
 0.140543D+03
 0.140859D+03
 0.138043D+03
 0.141208D+03
 0.141058D+03
 0.138512D+03
 0.141676D+03
 0.139040D+03
 0.142157D+03
 0.138639D+03
 0.141897D+03
 0.149232D+03
 0.147277D+03
 0.150985D+03
 0.150628D+03
 0.147911D+03
 0.151906D+03
 0.150671D+03
 0.148426D+03
 0.151902D+03
 0.150958D+03
 0.148452D+03
 0.151968D+03
 0.151281D+03
 0.148571D+03
 0.151320D+03
 0.151054D+03
 0.148137D+03
 0.151483D+03
 0.149983D+03
 0.147414D+03
 0.150819D+03
 0.148397D+03
 0.144656D+03
 0.149520D+03
 0.145270D+03
 0.142949D+03
 0.147893D+03
 0.137624D+03
 0.135954D+03
 0.139205D+03
 0.137901D+03
 0.136496D+03
 0.139412D+03
 0.137857D+03
 0.136358D+03
 0.139551D+03
 0.138301D+03
 0.136417D+03
 0.139519D+03
 0.138715D+03
 0.136809D+03
 0.139967D+03
 0.139537D+03
 0.136966D+03
 0.140135D+03
 0.140276D+03
 0.137302D+03
 0.140665D+03
 0.140761D+03
 0.137658D+03
 0.140934D+03
 0.140834D+03
 0.138098D+03
 0.141466D+03
 0.138394D+03
 0.141579D+03
 0.150686D+03
 0.148024D+03
 0.152041D+03
 0.150686D+03
 0.148497D+03
 0.151974D+03
 0.150949D+03
 0.148554D+03
 0.151970D+03
 0.151015D+03
 0.148459D+03
 0.151517D+03
 0.150442D+03
 0.147653D+03
 0.151142D+03
 0.148044D+03
 0.145301D+03
 0.150358D+03
 0.137686D+03
 0.135918D+03
 0.139395D+03
 0.137738D+03
 0.136098D+03
 0.139402D+03
 0.138259D+03
 0.136363D+03
 0.139526D+03
 0.139125D+03
 0.136749D+03
 0.139920D+03
 0.140053D+03
 0.136864D+03
 0.140183D+03
 0.140216D+03
 0.137399D+03
 0.140556D+03
 0.140326D+03
 0.137507D+03
 0.140962D+03
 0.150179D+03
 0.148113D+03
 0.150652D+03
 0.150392D+03
 0.148184D+03
 0.150666D+03
 0.150719D+03
 0.148170D+03
 0.151202D+03
 0.150368D+03
 0.147792D+03
 0.151043D+03
 0.148709D+03
 0.145693D+03
 0.150343D+03
 0.148136D+03
 0.145332D+03
 0.149360D+03
 0.137169D+03
 0.135447D+03
 0.139215D+03
 0.137264D+03
 0.135719D+03
 0.138869D+03
 0.137758D+03
 0.135707D+03
 0.139331D+03
 0.138453D+03
 0.135854D+03
 0.139528D+03
 0.139377D+03
 0.136090D+03
 0.139699D+03
 0.139518D+03
 0.136248D+03
 0.139991D+03
 0.139613D+03
 0.136631D+03
 0.140093D+03
 0.136883D+03
 0.135042D+03
 0.138540D+03
 0.137251D+03
 0.134989D+03
 0.138248D+03
 0.137778D+03
 0.135405D+03
 0.138055D+03
 0.142976D+03
 0.139661D+03
 0.141095D+03
 0.138262D+03
 0.140280D+03
 0.137794D+03
 0.138932D+03
 0.136602D+03
 0.137864D+03
 0.136064D+03
 0.137285D+03
 0.135719D+03
 0.136607D+03
 0.135480D+03
 0.137521D+03
 0.138058D+03
 0.138355D+03
 0.139269D+03
 0.140227D+03
 0.143649D+03
 0.141790D+03
 0.144657D+03
 0.143262D+03
 0.145058D+03
 0.144663D+03
 0.143023D+03
 0.141097D+03
 0.142178D+03
 0.139544D+03
 0.141881D+03
 0.138962D+03
 0.140547D+03
 0.137751D+03
 0.139178D+03
 0.136985D+03
 0.138213D+03
 0.136364D+03
 0.137562D+03
 0.136020D+03
 0.137047D+03
 0.135760D+03
 0.136848D+03
 0.135520D+03
 0.137526D+03
 0.135605D+03
 0.138124D+03
 0.135983D+03
 0.138421D+03
 0.136299D+03
 0.138474D+03
 0.136448D+03
 0.136870D+03
 0.137488D+03
 0.138249D+03
 0.138857D+03
 0.139786D+03
 0.140922D+03
 0.144041D+03
 0.142285D+03
 0.144933D+03
 0.143738D+03
 0.145635D+03
 0.145134D+03
 0.146956D+03
 0.146233D+03
 0.147970D+03
 0.146167D+03
 0.146165D+03
 0.144680D+03
 0.144433D+03
 0.143141D+03
 0.143711D+03
 0.141491D+03
 0.143188D+03
 0.140694D+03
 0.142521D+03
 0.139185D+03
 0.140930D+03
 0.138201D+03
 0.139807D+03
 0.137544D+03
 0.138852D+03
 0.136768D+03
 0.138190D+03
 0.136516D+03
 0.137487D+03
 0.136255D+03
 0.136790D+03
 0.135693D+03
 0.136586D+03
 0.135598D+03
 0.136323D+03
 0.135347D+03
 0.136544D+03
 0.135287D+03
 0.137159D+03
 0.135134D+03
 0.137740D+03
 0.135244D+03
 0.138548D+03
 0.135732D+03
 0.138385D+03
 0.136468D+03
 0.136959D+03
 0.148369D+03
 0.146336D+03
 0.146924D+03
 0.145017D+03
 0.145661D+03
 0.144137D+03
 0.144729D+03
 0.142742D+03
 0.144241D+03
 0.141426D+03
 0.143420D+03
 0.140032D+03
 0.142230D+03
 0.138791D+03
 0.140761D+03
 0.138235D+03
 0.139733D+03
 0.137532D+03
 0.138653D+03
 0.137168D+03
 0.137963D+03
 0.136801D+03
 0.137476D+03
 0.136180D+03
 0.137019D+03
 0.135865D+03
 0.136719D+03
 0.135492D+03
 0.136796D+03
 0.135149D+03
 0.137367D+03
 0.135292D+03
 0.138036D+03
 0.135525D+03
 0.149087D+03
 0.146883D+03
 0.148106D+03
 0.146244D+03
 0.146676D+03
 0.144971D+03
 0.145437D+03
 0.143425D+03
 0.145164D+03
 0.142102D+03
 0.144464D+03
 0.140792D+03
 0.143207D+03
 0.139714D+03
