 0.135860D+03
 0.136340D+03
 0.136744D+03
 0.137076D+03
 0.137248D+03
 0.138178D+03
 0.139265D+03
 0.139956D+03
 0.140817D+03
 0.141580D+03
 0.142589D+03
 0.143003D+03
 0.143574D+03
 0.143945D+03
 0.143937D+03
 0.144142D+03
 0.143595D+03
 0.142727D+03
 0.141888D+03
 0.140154D+03
 0.138192D+03
 0.136080D+03
 0.134556D+03
 0.133132D+03
 0.131780D+03
 0.131907D+03
 0.132076D+03
 0.132129D+03
 0.132128D+03
 0.132126D+03
 0.132152D+03
 0.132666D+03
 0.133178D+03
 0.133833D+03
 0.134695D+03
 0.135315D+03
 0.135860D+03
