 0.131425D+03
 0.134434D+03
 0.131598D+03
 0.134806D+03
 0.131842D+03
 0.135260D+03
 0.132411D+03
 0.135600D+03
 0.128911D+03
 0.131467D+03
 0.129422D+03
 0.132083D+03
 0.129660D+03
 0.132419D+03
 0.130221D+03
 0.133068D+03
 0.130537D+03
 0.133966D+03
 0.130895D+03
 0.134198D+03
 0.132213D+03
 0.134819D+03
 0.132355D+03
 0.135237D+03
 0.132770D+03
 0.135620D+03
 0.133117D+03
 0.135780D+03
 0.134104D+03
 0.136909D+03
 0.129874D+03
 0.131342D+03
 0.130006D+03
 0.131755D+03
 0.130432D+03
 0.132292D+03
 0.130860D+03
 0.132871D+03
 0.131008D+03
 0.133749D+03
 0.131619D+03
 0.134159D+03
 0.131953D+03
 0.134607D+03
 0.132981D+03
 0.134989D+03
 0.133152D+03
 0.135094D+03
 0.133257D+03
 0.135560D+03
 0.134042D+03
 0.136013D+03
 0.134916D+03
 0.137077D+03
 0.136172D+03
 0.138060D+03
 0.137582D+03
 0.139315D+03
 0.138900D+03
 0.140293D+03
 0.142771D+03
 0.144436D+03
 0.142952D+03
 0.144929D+03
 0.142700D+03
 0.144969D+03
 0.142373D+03
 0.144563D+03
 0.141624D+03
 0.143778D+03
 0.140180D+03
 0.142441D+03
 0.138357D+03
 0.140648D+03
 0.136358D+03
 0.138365D+03
 0.134509D+03
 0.136430D+03
 0.133334D+03
 0.130156D+03
 0.131903D+03
 0.129036D+03
 0.131178D+03
 0.128257D+03
 0.130695D+03
 0.127945D+03
 0.130365D+03
 0.127826D+03
 0.130497D+03
 0.127694D+03
 0.130403D+03
 0.128029D+03
 0.130321D+03
 0.128354D+03
 0.130565D+03
 0.131579D+03
 0.130845D+03
 0.131956D+03
 0.131215D+03
 0.132537D+03
 0.131472D+03
 0.133262D+03
 0.131893D+03
 0.133821D+03
 0.132441D+03
 0.134358D+03
 0.132630D+03
 0.134657D+03
 0.133504D+03
 0.134818D+03
 0.133601D+03
 0.135085D+03
 0.133955D+03
 0.135547D+03
 0.134597D+03
 0.136146D+03
 0.135671D+03
 0.137083D+03
 0.136870D+03
 0.138254D+03
 0.138294D+03
 0.139422D+03
 0.139539D+03
 0.140591D+03
 0.140733D+03
 0.141772D+03
 0.141649D+03
 0.142547D+03
 0.142607D+03
 0.143531D+03
 0.143003D+03
 0.143870D+03
 0.143499D+03
 0.144339D+03
 0.143511D+03
 0.144726D+03
 0.143354D+03
 0.144787D+03
 0.142819D+03
 0.144716D+03
 0.141999D+03
 0.143719D+03
 0.140633D+03
 0.142436D+03
 0.138807D+03
 0.140566D+03
 0.137000D+03
 0.138700D+03
 0.135324D+03
 0.136636D+03
 0.133741D+03
 0.130660D+03
 0.132537D+03
 0.129488D+03
 0.131748D+03
 0.128540D+03
 0.131314D+03
 0.128186D+03
 0.131211D+03
 0.128075D+03
 0.130977D+03
 0.128047D+03
 0.131151D+03
 0.128228D+03
 0.131095D+03
 0.128733D+03
 0.131348D+03
 0.131900D+03
 0.131372D+03
 0.132366D+03
 0.131869D+03
 0.132624D+03
 0.132007D+03
 0.133036D+03
 0.132494D+03
 0.133853D+03
 0.132808D+03
 0.134104D+03
 0.133264D+03
 0.134597D+03
 0.133504D+03
 0.134897D+03
 0.134023D+03
 0.135179D+03
 0.134182D+03
 0.135502D+03
 0.135034D+03
 0.136215D+03
 0.135968D+03
 0.137296D+03
 0.137405D+03
 0.138233D+03
 0.138649D+03
 0.139435D+03
 0.139969D+03
 0.140660D+03
 0.141005D+03
 0.141762D+03
 0.142027D+03
 0.142574D+03
 0.142714D+03
 0.143377D+03
 0.143418D+03
 0.143924D+03
 0.143216D+03
 0.144406D+03
 0.143527D+03
 0.144846D+03
 0.143534D+03
 0.144790D+03
 0.142796D+03
 0.144217D+03
 0.141960D+03
 0.143453D+03
 0.140615D+03
 0.142062D+03
 0.138817D+03
 0.140415D+03
 0.137327D+03
 0.138590D+03
 0.135626D+03
 0.136735D+03
 0.134005D+03
 0.130801D+03
 0.133095D+03
 0.129636D+03
 0.132246D+03
 0.128686D+03
 0.131804D+03
 0.128562D+03
 0.131589D+03
 0.128455D+03
 0.131507D+03
 0.128270D+03
 0.131329D+03
 0.128546D+03
 0.131528D+03
 0.128780D+03
 0.131503D+03
 0.131902D+03
 0.131662D+03
 0.132359D+03
 0.132158D+03
 0.132589D+03
 0.132367D+03
 0.133096D+03
 0.132827D+03
 0.133659D+03
 0.133106D+03
 0.134297D+03
 0.133404D+03
 0.134566D+03
 0.133769D+03
 0.134712D+03
 0.134014D+03
 0.135058D+03
 0.134475D+03
 0.135564D+03
 0.135171D+03
 0.136333D+03
 0.136034D+03
 0.137344D+03
 0.137540D+03
 0.138376D+03
 0.138738D+03
 0.139740D+03
 0.140301D+03
 0.140863D+03
 0.141091D+03
 0.141649D+03
 0.141949D+03
 0.142480D+03
 0.142771D+03
 0.143282D+03
 0.143298D+03
 0.143868D+03
 0.143521D+03
 0.144249D+03
 0.143673D+03
 0.144491D+03
 0.143535D+03
 0.144341D+03
 0.142638D+03
 0.143979D+03
 0.141878D+03
 0.143303D+03
 0.140662D+03
 0.141918D+03
 0.139114D+03
 0.140216D+03
 0.137308D+03
 0.138550D+03
 0.135603D+03
 0.132350D+03
 0.134498D+03
 0.130991D+03
 0.133297D+03
 0.129889D+03
 0.132605D+03
 0.128974D+03
 0.131934D+03
 0.128733D+03
 0.131838D+03
 0.128584D+03
 0.131635D+03
 0.128569D+03
 0.131479D+03
 0.128700D+03
 0.131853D+03
 0.128830D+03
 0.131594D+03
 0.129082D+03
 0.131756D+03
 0.131987D+03
 0.132158D+03
 0.132376D+03
 0.132446D+03
 0.133002D+03
 0.132841D+03
 0.133475D+03
 0.133347D+03
 0.133977D+03
 0.133419D+03
 0.134508D+03
 0.133733D+03
 0.134663D+03
 0.134199D+03
 0.135048D+03
 0.134742D+03
 0.135672D+03
 0.135368D+03
 0.136614D+03
 0.136460D+03
 0.137509D+03
 0.137650D+03
 0.138833D+03
 0.138803D+03
 0.139707D+03
 0.140245D+03
 0.140669D+03
 0.141303D+03
 0.141558D+03
 0.142139D+03
 0.142333D+03
 0.142631D+03
 0.142937D+03
 0.143294D+03
 0.143496D+03
 0.143430D+03
 0.144212D+03
 0.143585D+03
 0.144125D+03
 0.143243D+03
 0.144073D+03
 0.142705D+03
 0.143778D+03
 0.141841D+03
 0.143087D+03
 0.140501D+03
 0.141907D+03
 0.139085D+03
 0.140061D+03
 0.137496D+03
 0.138477D+03
 0.135898D+03
 0.132451D+03
 0.134382D+03
 0.131085D+03
 0.133246D+03
 0.130210D+03
 0.132521D+03
 0.129339D+03
 0.132081D+03
 0.128884D+03
 0.131865D+03
 0.128850D+03
 0.131819D+03
 0.128698D+03
 0.131873D+03
 0.128779D+03
 0.131804D+03
 0.128941D+03
 0.131746D+03
 0.129325D+03
 0.131726D+03
 0.131874D+03
 0.131911D+03
 0.132426D+03
 0.132357D+03
 0.132881D+03
 0.132632D+03
 0.133525D+03
 0.133045D+03
 0.133930D+03
 0.133313D+03
 0.134315D+03
 0.133679D+03
 0.134824D+03
 0.134363D+03
 0.135259D+03
 0.134852D+03
 0.135868D+03
 0.135500D+03
 0.136723D+03
 0.136600D+03
 0.137606D+03
 0.137686D+03
 0.138694D+03
 0.139144D+03
 0.139891D+03
 0.141987D+03
 0.142465D+03
 0.142562D+03
 0.142972D+03
 0.143200D+03
 0.143471D+03
 0.143263D+03
 0.143773D+03
 0.143339D+03
 0.143958D+03
 0.143231D+03
 0.143910D+03
 0.142536D+03
 0.143719D+03
 0.141551D+03
 0.142867D+03
 0.140508D+03
 0.141797D+03
 0.139138D+03
 0.140227D+03
 0.137588D+03
 0.134223D+03
 0.136082D+03
 0.132653D+03
 0.134527D+03
 0.131300D+03
 0.133504D+03
 0.130270D+03
 0.132730D+03
 0.129422D+03
 0.132362D+03
 0.128980D+03
 0.131992D+03
 0.129039D+03
 0.131612D+03
 0.128680D+03
 0.131799D+03
 0.129049D+03
 0.131800D+03
 0.129098D+03
 0.131520D+03
 0.129112D+03
 0.131924D+03
 0.129651D+03
 0.131780D+03
 0.132237D+03
 0.132334D+03
 0.132936D+03
 0.132461D+03
 0.133381D+03
 0.132909D+03
 0.134074D+03
 0.133439D+03
 0.134546D+03
 0.134126D+03
 0.135075D+03
 0.134374D+03
 0.135510D+03
 0.134939D+03
 0.135943D+03
 0.135657D+03
 0.136521D+03
 0.136879D+03
 0.137736D+03
 0.137928D+03
 0.138834D+03
 0.139239D+03
 0.139855D+03
 0.142542D+03
 0.142904D+03
 0.143050D+03
 0.143428D+03
 0.143221D+03
 0.143912D+03
 0.143136D+03
 0.143835D+03
 0.142953D+03
 0.143829D+03
 0.142506D+03
 0.143604D+03
 0.141610D+03
 0.142864D+03
 0.140547D+03
 0.141693D+03
 0.139133D+03
 0.140282D+03
 0.137526D+03
 0.134348D+03
 0.135946D+03
 0.132904D+03
 0.134571D+03
 0.131514D+03
 0.133432D+03
 0.130267D+03
 0.132673D+03
 0.129603D+03
 0.132334D+03
 0.128984D+03
 0.131818D+03
 0.128964D+03
 0.131894D+03
 0.128859D+03
 0.131725D+03
 0.129171D+03
 0.131407D+03
 0.129080D+03
 0.131779D+03
 0.129351D+03
 0.131718D+03
 0.129527D+03
 0.132037D+03
 0.132402D+03
 0.132328D+03
 0.132781D+03
 0.132624D+03
 0.133397D+03
 0.133100D+03
 0.134158D+03
 0.133622D+03
 0.134363D+03
 0.134164D+03
 0.135043D+03
 0.134517D+03
 0.135716D+03
 0.134921D+03
 0.136108D+03
 0.135746D+03
 0.136750D+03
 0.136746D+03
 0.137619D+03
 0.142935D+03
 0.143491D+03
 0.143105D+03
 0.143933D+03
 0.142951D+03
 0.144121D+03
 0.142367D+03
 0.143618D+03
 0.141538D+03
 0.143097D+03
 0.140736D+03
 0.141757D+03
 0.139150D+03
 0.140166D+03
 0.137715D+03
 0.134667D+03
 0.135976D+03
 0.132727D+03
 0.134456D+03
 0.130033D+03
 0.131376D+03
 0.128922D+03
 0.130521D+03
 0.128580D+03
 0.129897D+03
 0.127761D+03
 0.131653D+03
 0.128635D+03
 0.131435D+03
 0.128855D+03
 0.131637D+03
 0.129072D+03
 0.131514D+03
 0.129153D+03
 0.131435D+03
 0.129177D+03
 0.131662D+03
 0.129431D+03
 0.131916D+03
 0.132320D+03
 0.132210D+03
 0.132700D+03
 0.132630D+03
 0.133621D+03
 0.133193D+03
 0.133953D+03
 0.133762D+03
 0.134592D+03
 0.134160D+03
 0.135378D+03
 0.134592D+03
 0.135593D+03
 0.135088D+03
 0.136010D+03
 0.135552D+03
 0.136844D+03
 0.142836D+03
 0.143420D+03
 0.142916D+03
 0.143674D+03
 0.143170D+03
 0.143946D+03
 0.142775D+03
 0.143901D+03
 0.142633D+03
 0.143814D+03
 0.141846D+03
 0.143123D+03
 0.140556D+03
 0.142007D+03
 0.139315D+03
 0.136265D+03
 0.137530D+03
 0.134550D+03
 0.134096D+03
 0.131647D+03
 0.132350D+03
 0.129706D+03
 0.130867D+03
 0.128412D+03
 0.130218D+03
 0.128148D+03
 0.129892D+03
 0.127384D+03
 0.129817D+03
 0.127367D+03
 0.131324D+03
 0.128699D+03
 0.131341D+03
 0.128889D+03
 0.131246D+03
 0.128959D+03
 0.131555D+03
 0.129136D+03
 0.131774D+03
 0.129705D+03
 0.131692D+03
 0.129902D+03
 0.132160D+03
 0.133035D+03
 0.132568D+03
 0.133573D+03
 0.133231D+03
 0.134388D+03
 0.133829D+03
 0.134857D+03
 0.134020D+03
 0.135112D+03
 0.134249D+03
 0.135444D+03
 0.134358D+03
 0.135606D+03
 0.142487D+03
 0.143244D+03
 0.142909D+03
 0.143889D+03
 0.143146D+03
 0.144284D+03
 0.142760D+03
 0.144111D+03
 0.142716D+03
 0.143916D+03
 0.141819D+03
 0.143213D+03
 0.140587D+03
 0.141937D+03
 0.139012D+03
 0.134948D+03
 0.135913D+03
 0.133220D+03
 0.133706D+03
 0.130971D+03
 0.130882D+03
 0.128139D+03
 0.130914D+03
 0.128528D+03
 0.131063D+03
 0.128882D+03
 0.131209D+03
 0.129082D+03
 0.131236D+03
 0.129754D+03
 0.131817D+03
 0.130087D+03
 0.131934D+03
 0.132885D+03
 0.132692D+03
 0.133579D+03
 0.133087D+03
 0.134330D+03
 0.133751D+03
 0.134810D+03
 0.133676D+03
 0.134786D+03
 0.133469D+03
 0.134690D+03
 0.142704D+03
 0.143310D+03
 0.143371D+03
 0.143927D+03
 0.143315D+03
 0.144407D+03
 0.143316D+03
 0.144381D+03
 0.142471D+03
 0.143786D+03
 0.141799D+03
 0.142964D+03
 0.139073D+03
 0.140939D+03
 0.137592D+03
 0.139340D+03
 0.135626D+03
 0.137431D+03
 0.130843D+03
 0.128865D+03
 0.131023D+03
 0.129268D+03
 0.131268D+03
 0.129603D+03
 0.131746D+03
 0.130224D+03
 0.132180D+03
 0.132735D+03
 0.132499D+03
 0.133658D+03
 0.133057D+03
 0.134255D+03
 0.133412D+03
 0.134577D+03
 0.142978D+03
 0.143546D+03
 0.143331D+03
 0.144237D+03
 0.143373D+03
 0.144632D+03
 0.143167D+03
 0.144290D+03
 0.142429D+03
 0.143722D+03
 0.140171D+03
 0.142072D+03
 0.139060D+03
 0.140753D+03
 0.130652D+03
 0.128515D+03
 0.131019D+03
 0.129018D+03
 0.131136D+03
 0.131056D+03
 0.131364D+03
 0.131824D+03
 0.131779D+03
 0.132488D+03
 0.132196D+03
 0.133224D+03
 0.132676D+03
 0.133725D+03
 0.132605D+03
 0.133960D+03
 0.142982D+03
 0.143943D+03
 0.143301D+03
 0.144314D+03
 0.143178D+03
 0.144518D+03
 0.142561D+03
 0.143180D+03
 0.140853D+03
 0.142915D+03
 0.140000D+03
 0.141367D+03
 0.130424D+03
 0.128047D+03
 0.130598D+03
 0.128799D+03
 0.130804D+03
 0.130647D+03
 0.131241D+03
 0.131546D+03
 0.131441D+03
 0.132245D+03
 0.131667D+03
 0.132743D+03
 0.131968D+03
 0.132999D+03
 0.137828D+03
 0.138240D+03
 0.139267D+03
 0.139284D+03
 0.140461D+03
 0.140528D+03
 0.130385D+03
 0.127412D+03
 0.129678D+03
 0.126866D+03
 0.129500D+03
 0.126913D+03
 0.129721D+03
 0.127165D+03
 0.133062D+03
 0.133797D+03
 0.133842D+03
 0.134392D+03
 0.134778D+03
 0.135319D+03
 0.136225D+03
 0.136572D+03
 0.137459D+03
 0.138080D+03
 0.139016D+03
 0.139083D+03
 0.140440D+03
 0.140350D+03
 0.141364D+03
 0.140818D+03
 0.132290D+03
 0.130189D+03
 0.131638D+03
 0.128904D+03
 0.130580D+03
 0.127820D+03
 0.130088D+03
 0.127195D+03
 0.129766D+03
 0.127109D+03
 0.129661D+03
 0.126988D+03
 0.129741D+03
 0.127364D+03
 0.132338D+03
 0.133042D+03
 0.132782D+03
 0.133467D+03
 0.133819D+03
 0.134255D+03
 0.134627D+03
 0.135573D+03
 0.136250D+03
 0.136707D+03
 0.137517D+03
 0.138055D+03
 0.138859D+03
 0.139398D+03
 0.140020D+03
 0.140192D+03
 0.133334D+03
 0.131799D+03
 0.132432D+03
 0.130413D+03
 0.131629D+03
 0.129187D+03
 0.130884D+03
 0.128101D+03
 0.130354D+03
 0.127576D+03
 0.129922D+03
 0.127401D+03
 0.129947D+03
 0.127355D+03
 0.131979D+03
 0.132852D+03
 0.132528D+03
 0.133497D+03
 0.133026D+03
 0.134098D+03
 0.133668D+03
 0.134944D+03
 0.134976D+03
 0.136347D+03
 0.136474D+03
 0.137254D+03
 0.137851D+03
 0.138725D+03
 0.141735D+03
 0.142775D+03
 0.141787D+03
 0.142808D+03
 0.141340D+03
 0.142364D+03
 0.140640D+03
 0.141753D+03
 0.136740D+03
 0.137615D+03
 0.135044D+03
 0.134080D+03
 0.133999D+03
 0.132542D+03
 0.132731D+03
 0.131205D+03
 0.131709D+03
 0.130022D+03
 0.131065D+03
 0.128887D+03
 0.130681D+03
 0.128385D+03
 0.131030D+03
 0.131801D+03
 0.131546D+03
 0.132404D+03
 0.132115D+03
 0.134051D+03
 0.132605D+03
 0.134587D+03
 0.133484D+03
 0.135239D+03
 0.134440D+03
 0.136250D+03
 0.135398D+03
 0.137373D+03
 0.141452D+03
 0.142916D+03
 0.141461D+03
 0.142993D+03
 0.141343D+03
 0.142593D+03
 0.140732D+03
 0.142456D+03
 0.138469D+03
 0.140595D+03
 0.136779D+03
 0.139400D+03
 0.135951D+03
 0.137388D+03
 0.134372D+03
 0.133239D+03
 0.133142D+03
 0.132007D+03
 0.132356D+03
 0.130861D+03
 0.130912D+03
 0.132424D+03
 0.131717D+03
 0.133412D+03
 0.132625D+03
 0.132340D+03
 0.133348D+03
 0.131112D+03
 0.134051D+03
 0.133625D+03
 0.135068D+03
 0.134409D+03
 0.141937D+03
 0.139186D+03
 0.141732D+03
 0.139513D+03
 0.141449D+03
 0.139090D+03
 0.141618D+03
 0.139381D+03
 0.140352D+03
 0.137874D+03
 0.139479D+03
 0.142268D+03
 0.138012D+03
 0.140881D+03
 0.136668D+03
 0.139328D+03
 0.135060D+03
 0.137701D+03
 0.133920D+03
 0.135816D+03
 0.130251D+03
 0.127916D+03
 0.130915D+03
 0.130283D+03
 0.131506D+03
 0.131012D+03
 0.132077D+03
 0.129699D+03
 0.142396D+03
 0.140302D+03
 0.140788D+03
 0.139169D+03
 0.139858D+03
 0.138190D+03
 0.138641D+03
 0.136795D+03
 0.131887D+03
 0.129770D+03
 0.132458D+03
 0.130620D+03
 0.144751D+03
 0.139087D+03
 0.144162D+03
 0.138714D+03
 0.145594D+03
 0.139234D+03
 0.145005D+03
 0.138791D+03
 0.146601D+03
 0.139380D+03
 0.145612D+03
 0.138813D+03
 0.145280D+03
 0.137772D+03
 0.145737D+03
 0.141851D+03
 0.132260D+03
 0.133752D+03
