 0.132475D+03
 0.126513D+03
 0.132349D+03
 0.126787D+03
 0.129763D+03
 0.124018D+03
 0.130324D+03
 0.124288D+03
 0.130975D+03
 0.124846D+03
 0.131490D+03
 0.125453D+03
 0.131858D+03
 0.125862D+03
 0.132363D+03
 0.126100D+03
 0.134120D+03
 0.127498D+03
 0.134115D+03
 0.127721D+03
 0.134305D+03
 0.128089D+03
 0.131469D+03
 0.124956D+03
 0.131596D+03
 0.125380D+03
 0.132127D+03
 0.125764D+03
 0.132884D+03
 0.126492D+03
 0.133386D+03
 0.126932D+03
 0.133941D+03
 0.127149D+03
 0.135199D+03
 0.128298D+03
 0.135388D+03
 0.128578D+03
 0.136033D+03
 0.128794D+03
 0.132160D+03
 0.125738D+03
 0.132446D+03
 0.125574D+03
 0.132691D+03
 0.126060D+03
 0.133212D+03
 0.126286D+03
 0.133810D+03
 0.126913D+03
 0.134288D+03
 0.127325D+03
 0.134739D+03
 0.127637D+03
 0.135067D+03
 0.127884D+03
 0.136250D+03
 0.128963D+03
 0.136121D+03
 0.129208D+03
 0.137158D+03
 0.129641D+03
 0.133023D+03
 0.126653D+03
 0.133310D+03
 0.126763D+03
 0.133699D+03
 0.126836D+03
 0.133878D+03
 0.127174D+03
 0.134655D+03
 0.127442D+03
 0.135179D+03
 0.127995D+03
 0.135759D+03
 0.128362D+03
 0.136054D+03
 0.128716D+03
 0.136620D+03
 0.129531D+03
 0.136930D+03
 0.129713D+03
 0.137016D+03
 0.130085D+03
 0.138235D+03
 0.130783D+03
 0.139936D+03
 0.131632D+03
 0.139688D+03
 0.132871D+03
 0.141303D+03
 0.133990D+03
 0.142316D+03
 0.135235D+03
 0.143359D+03
 0.136251D+03
 0.144123D+03
 0.137003D+03
 0.144887D+03
 0.137770D+03
 0.145546D+03
 0.138424D+03
 0.145998D+03
 0.138434D+03
 0.146097D+03
 0.138670D+03
 0.146219D+03
 0.138897D+03
 0.146067D+03
 0.138334D+03
 0.145399D+03
 0.137647D+03
 0.144281D+03
 0.136220D+03
 0.142548D+03
 0.134697D+03
 0.140910D+03
 0.133043D+03
 0.139514D+03
 0.131548D+03
 0.137777D+03
 0.129894D+03
 0.136605D+03
 0.128967D+03
 0.135688D+03
 0.128212D+03
 0.134686D+03
 0.127616D+03
 0.134289D+03
 0.127255D+03
 0.133983D+03
 0.126990D+03
 0.134065D+03
 0.127074D+03
 0.133985D+03
 0.127088D+03
 0.133806D+03
 0.127127D+03
 0.134479D+03
 0.127404D+03
 0.134795D+03
 0.127786D+03
 0.135275D+03
 0.128035D+03
 0.135644D+03
 0.128526D+03
 0.136409D+03
 0.128786D+03
 0.136648D+03
 0.129357D+03
 0.137047D+03
 0.129731D+03
 0.137257D+03
 0.130124D+03
 0.138074D+03
 0.130516D+03
 0.138709D+03
 0.131067D+03
 0.140378D+03
 0.132015D+03
 0.140081D+03
 0.133165D+03
 0.141806D+03
 0.134400D+03
 0.142939D+03
 0.135386D+03
 0.143631D+03
 0.136572D+03
 0.144671D+03
 0.137258D+03
 0.145388D+03
 0.137815D+03
 0.145790D+03
 0.138375D+03
 0.145939D+03
 0.138715D+03
 0.146176D+03
 0.138753D+03
 0.146539D+03
 0.138663D+03
 0.146176D+03
 0.138561D+03
 0.145403D+03
 0.137634D+03
 0.144474D+03
 0.136349D+03
 0.143025D+03
 0.134794D+03
 0.141502D+03
 0.133414D+03
 0.139782D+03
 0.131865D+03
 0.138329D+03
 0.130365D+03
 0.137100D+03
 0.129166D+03
 0.136027D+03
 0.128385D+03
 0.135336D+03
 0.127936D+03
 0.134853D+03
 0.127585D+03
 0.134438D+03
 0.127272D+03
 0.134419D+03
 0.127133D+03
 0.134271D+03
 0.127173D+03
 0.134633D+03
 0.127262D+03
 0.134591D+03
 0.127441D+03
 0.134903D+03
 0.127882D+03
 0.135597D+03
 0.128251D+03
 0.136079D+03
 0.128540D+03
 0.136488D+03
 0.129033D+03
 0.136967D+03
 0.129316D+03
 0.137381D+03
 0.129662D+03
 0.137428D+03
 0.130231D+03
 0.138381D+03
 0.130579D+03
 0.138954D+03
 0.131335D+03
 0.140739D+03
 0.132369D+03
 0.140507D+03
 0.133492D+03
 0.142022D+03
 0.134634D+03
 0.143037D+03
 0.135910D+03
 0.143883D+03
 0.136609D+03
 0.144755D+03
 0.137471D+03
 0.145453D+03
 0.137955D+03
 0.145874D+03
 0.138412D+03
 0.146179D+03
 0.138593D+03
 0.146417D+03
 0.138724D+03
 0.146493D+03
 0.138706D+03
 0.146009D+03
 0.138321D+03
 0.145426D+03
 0.137570D+03
 0.144598D+03
 0.136302D+03
 0.143087D+03
 0.135105D+03
 0.141585D+03
 0.133482D+03
 0.140162D+03
 0.132033D+03
 0.138432D+03
 0.130422D+03
 0.137336D+03
 0.129259D+03
 0.136373D+03
 0.128678D+03
 0.135441D+03
 0.127976D+03
 0.135062D+03
 0.127654D+03
 0.134686D+03
 0.127411D+03
 0.134607D+03
 0.127212D+03
 0.134767D+03
 0.127209D+03
 0.134727D+03
 0.127208D+03
 0.134796D+03
 0.127575D+03
 0.135299D+03
 0.128083D+03
 0.135734D+03
 0.128377D+03
 0.136017D+03
 0.128496D+03
 0.136667D+03
 0.128982D+03
 0.136980D+03
 0.129256D+03
 0.137675D+03
 0.129911D+03
 0.137894D+03
 0.130221D+03
 0.138693D+03
 0.130744D+03
 0.139148D+03
 0.131596D+03
 0.140851D+03
 0.132353D+03
 0.142211D+03
 0.134604D+03
 0.143006D+03
 0.135869D+03
 0.144259D+03
 0.136627D+03
 0.144883D+03
 0.137172D+03
 0.145332D+03
 0.137955D+03
 0.145676D+03
 0.138358D+03
 0.146072D+03
 0.138541D+03
 0.146390D+03
 0.138615D+03
 0.146246D+03
 0.138328D+03
 0.145930D+03
 0.138189D+03
 0.145180D+03
 0.137290D+03
 0.144296D+03
 0.136202D+03
 0.143261D+03
 0.135013D+03
 0.141674D+03
 0.133439D+03
 0.140221D+03
 0.132127D+03
 0.138822D+03
 0.130504D+03
 0.137525D+03
 0.129418D+03
 0.136325D+03
 0.128424D+03
 0.134816D+03
 0.127288D+03
 0.134798D+03
 0.127154D+03
 0.134629D+03
 0.127184D+03
 0.134333D+03
 0.127217D+03
 0.134785D+03
 0.127539D+03
 0.135096D+03
 0.127698D+03
 0.135551D+03
 0.128063D+03
 0.136195D+03
 0.128516D+03
 0.136665D+03
 0.128915D+03
 0.137136D+03
 0.129472D+03
 0.137752D+03
 0.129890D+03
 0.138162D+03
 0.130463D+03
 0.138699D+03
 0.130987D+03
 0.139220D+03
 0.131739D+03
 0.141080D+03
 0.132553D+03
 0.142363D+03
 0.134865D+03
 0.143076D+03
 0.135488D+03
 0.144030D+03
 0.136563D+03
 0.144667D+03
 0.137310D+03
 0.145042D+03
 0.137741D+03
 0.145435D+03
 0.138180D+03
 0.145693D+03
 0.138225D+03
 0.146050D+03
 0.138480D+03
 0.146114D+03
 0.138655D+03
 0.145680D+03
 0.138042D+03
 0.145260D+03
 0.137095D+03
 0.144471D+03
 0.136355D+03
 0.143323D+03
 0.135080D+03
 0.141865D+03
 0.133314D+03
 0.140368D+03
 0.132013D+03
 0.138548D+03
 0.130433D+03
 0.137390D+03
 0.129453D+03
 0.136173D+03
 0.128618D+03
 0.135478D+03
 0.127802D+03
 0.135135D+03
 0.127521D+03
 0.134703D+03
 0.127317D+03
 0.134537D+03
 0.127159D+03
 0.134610D+03
 0.127046D+03
 0.134222D+03
 0.127043D+03
 0.134593D+03
 0.127289D+03
 0.135021D+03
 0.127535D+03
 0.135360D+03
 0.127852D+03
 0.136002D+03
 0.128403D+03
 0.136741D+03
 0.129111D+03
 0.137132D+03
 0.129539D+03
 0.137599D+03
 0.129796D+03
 0.138029D+03
 0.130491D+03
 0.138856D+03
 0.131007D+03
 0.144960D+03
 0.137365D+03
 0.145224D+03
 0.137739D+03
 0.145830D+03
 0.138207D+03
 0.145885D+03
 0.138321D+03
 0.145941D+03
 0.138337D+03
 0.145813D+03
 0.137776D+03
 0.144998D+03
 0.137405D+03
 0.144332D+03
 0.136207D+03
 0.143241D+03
 0.134844D+03
 0.141788D+03
 0.133337D+03
 0.140254D+03
 0.131714D+03
 0.138319D+03
 0.130273D+03
 0.135267D+03
 0.127631D+03
 0.134060D+03
 0.127077D+03
 0.135054D+03
 0.127231D+03
 0.134759D+03
 0.127231D+03
 0.134399D+03
 0.126969D+03
 0.134296D+03
 0.127123D+03
 0.134243D+03
 0.127133D+03
 0.134433D+03
 0.126940D+03
 0.134626D+03
 0.127275D+03
 0.135086D+03
 0.127438D+03
 0.135380D+03
 0.127948D+03
 0.136125D+03
 0.128556D+03
 0.136701D+03
 0.129007D+03
 0.137314D+03
 0.129479D+03
 0.137552D+03
 0.130055D+03
 0.137785D+03
 0.130328D+03
 0.138538D+03
 0.130677D+03
 0.144653D+03
 0.137261D+03
 0.145199D+03
 0.137598D+03
 0.145432D+03
 0.138050D+03
 0.145601D+03
 0.138449D+03
 0.145840D+03
 0.138130D+03
 0.145647D+03
 0.137772D+03
 0.145366D+03
 0.137247D+03
 0.144263D+03
 0.136238D+03
 0.143388D+03
 0.134773D+03
 0.141623D+03
 0.133169D+03
 0.137923D+03
 0.130065D+03
 0.136233D+03
 0.128422D+03
 0.134564D+03
 0.127314D+03
 0.133488D+03
 0.126377D+03
 0.133780D+03
 0.126085D+03
 0.132758D+03
 0.126400D+03
 0.134194D+03
 0.126798D+03
 0.134117D+03
 0.126757D+03
 0.133953D+03
 0.126907D+03
 0.134217D+03
 0.126842D+03
 0.134352D+03
 0.127064D+03
 0.134720D+03
 0.127334D+03
 0.135271D+03
 0.127838D+03
 0.135864D+03
 0.128322D+03
 0.136693D+03
 0.129188D+03
 0.137086D+03
 0.129559D+03
 0.137439D+03
 0.129559D+03
 0.137435D+03
 0.130007D+03
 0.145351D+03
 0.138087D+03
 0.145587D+03
 0.138437D+03
 0.145722D+03
 0.138095D+03
 0.145598D+03
 0.137913D+03
 0.145216D+03
 0.137055D+03
 0.144205D+03
 0.136195D+03
 0.142816D+03
 0.133540D+03
 0.139436D+03
 0.131694D+03
 0.133625D+03
 0.126348D+03
 0.133701D+03
 0.126415D+03
 0.133670D+03
 0.126524D+03
 0.133922D+03
 0.126602D+03
 0.133890D+03
 0.126997D+03
 0.134692D+03
 0.127342D+03
 0.134936D+03
 0.127805D+03
 0.135956D+03
 0.128394D+03
 0.136561D+03
 0.128922D+03
 0.137056D+03
 0.129299D+03
 0.136680D+03
 0.129130D+03
 0.145435D+03
 0.138269D+03
 0.145598D+03
 0.138388D+03
 0.145914D+03
 0.138429D+03
 0.145552D+03
 0.138054D+03
 0.145128D+03
 0.137019D+03
 0.142404D+03
 0.134750D+03
 0.141052D+03
 0.133382D+03
 0.133446D+03
 0.125962D+03
 0.133404D+03
 0.126233D+03
 0.133486D+03
 0.126492D+03
 0.133917D+03
 0.126842D+03
 0.134301D+03
 0.127319D+03
 0.134955D+03
 0.127666D+03
 0.135598D+03
 0.128236D+03
 0.136220D+03
 0.128662D+03
 0.136696D+03
 0.128878D+03
 0.145423D+03
 0.138189D+03
 0.145573D+03
 0.138181D+03
 0.145638D+03
 0.138010D+03
 0.145510D+03
 0.137460D+03
 0.142964D+03
 0.135856D+03
 0.133043D+03
 0.125923D+03
 0.133390D+03
 0.126379D+03
 0.133409D+03
 0.126493D+03
 0.133804D+03
 0.126892D+03
 0.134610D+03
 0.127323D+03
 0.135111D+03
 0.127585D+03
 0.135516D+03
 0.128211D+03
 0.144982D+03
 0.137900D+03
 0.145399D+03
 0.138113D+03
 0.145528D+03
 0.138218D+03
 0.145210D+03
 0.137776D+03
 0.143175D+03
 0.136318D+03
 0.143087D+03
 0.135401D+03
 0.132600D+03
 0.125709D+03
 0.132721D+03
 0.125764D+03
 0.133089D+03
 0.125994D+03
 0.133468D+03
 0.126419D+03
 0.134045D+03
 0.126878D+03
 0.134538D+03
 0.127415D+03
 0.132325D+03
 0.125720D+03
 0.132954D+03
 0.126006D+03
 0.133253D+03
 0.126390D+03
 0.133881D+03
 0.125874D+03
 0.132761D+03
 0.125044D+03
 0.132003D+03
 0.124565D+03
 0.131509D+03
 0.123995D+03
 0.130925D+03
 0.123940D+03
 0.140568D+03
 0.132631D+03
 0.141471D+03
 0.133713D+03
 0.142673D+03
 0.134868D+03
 0.134494D+03
 0.126164D+03
 0.133465D+03
 0.125396D+03
 0.132698D+03
 0.124853D+03
 0.132198D+03
 0.124462D+03
 0.131870D+03
 0.124140D+03
 0.132323D+03
 0.124210D+03
 0.135726D+03
 0.128109D+03
 0.136655D+03
 0.128396D+03
 0.137173D+03
 0.128894D+03
 0.138635D+03
 0.129797D+03
 0.138332D+03
 0.130969D+03
 0.140239D+03
 0.132123D+03
 0.141199D+03
 0.133278D+03
 0.142523D+03
 0.134662D+03
 0.138395D+03
 0.129304D+03
 0.135951D+03
 0.127688D+03
 0.135347D+03
 0.126894D+03
 0.134049D+03
 0.125740D+03
 0.133166D+03
 0.125286D+03
 0.132545D+03
 0.124608D+03
 0.132506D+03
 0.124492D+03
 0.132390D+03
 0.124244D+03
 0.132557D+03
 0.124459D+03
 0.135279D+03
 0.127254D+03
 0.135501D+03
 0.127690D+03
 0.135905D+03
 0.128217D+03
 0.136902D+03
 0.129047D+03
 0.138443D+03
 0.129794D+03
 0.138469D+03
 0.131184D+03
 0.140371D+03
 0.132463D+03
 0.138628D+03
 0.130520D+03
 0.137364D+03
 0.129488D+03
 0.136524D+03
 0.128089D+03
 0.135205D+03
 0.127033D+03
 0.134339D+03
 0.126136D+03
 0.133466D+03
 0.125542D+03
 0.132936D+03
 0.125230D+03
 0.132430D+03
 0.124882D+03
 0.134935D+03
 0.127576D+03
 0.135473D+03
 0.128239D+03
 0.136614D+03
 0.128866D+03
 0.137130D+03
 0.129744D+03
 0.139078D+03
 0.130995D+03
 0.138901D+03
 0.132022D+03
 0.143232D+03
 0.135358D+03
 0.141848D+03
 0.133877D+03
 0.140405D+03
 0.132392D+03
 0.138725D+03
 0.131709D+03
 0.137989D+03
 0.130142D+03
 0.136582D+03
 0.128887D+03
 0.135495D+03
 0.127818D+03
 0.134599D+03
 0.126949D+03
 0.133632D+03
 0.126233D+03
 0.132889D+03
 0.125931D+03
 0.132655D+03
 0.125571D+03
 0.133070D+03
 0.125863D+03
 0.133527D+03
 0.126002D+03
 0.134044D+03
 0.126546D+03
 0.134642D+03
 0.127191D+03
 0.135414D+03
 0.128875D+03
 0.135835D+03
 0.129573D+03
 0.136990D+03
 0.130317D+03
 0.143096D+03
 0.136278D+03
 0.141838D+03
 0.135524D+03
 0.140504D+03
 0.134122D+03
 0.139730D+03
 0.132789D+03
 0.138467D+03
 0.131355D+03
 0.137047D+03
 0.130244D+03
 0.136021D+03
 0.128940D+03
 0.134832D+03
 0.128068D+03
 0.134188D+03
 0.127471D+03
 0.132980D+03
 0.126491D+03
 0.133438D+03
 0.127037D+03
 0.134103D+03
 0.127739D+03
 0.134812D+03
 0.128486D+03
 0.136024D+03
 0.131016D+03
 0.143677D+03
 0.138143D+03
 0.143143D+03
 0.137260D+03
 0.141689D+03
 0.136019D+03
 0.140388D+03
 0.134683D+03
 0.139077D+03
 0.133219D+03
 0.137731D+03
 0.132087D+03
 0.136506D+03
 0.130679D+03
 0.132349D+03
 0.127449D+03
 0.132686D+03
 0.127744D+03
 0.133206D+03
 0.128438D+03
 0.133851D+03
 0.128823D+03
 0.134829D+03
 0.129515D+03
 0.135409D+03
 0.130232D+03
 0.129316D+03
 0.124137D+03
 0.130163D+03
 0.124816D+03
 0.130565D+03
 0.125244D+03
