 180.000-180.000 179.992                                                        
 180.000-170.000 179.626                                                        
 180.000-160.000 179.040                                                        
 180.000-150.000 178.399                                                        
 180.000-140.000 176.786                                                        
 180.000-130.000 178.254                                                        
 180.000-120.000-177.620                                                        
 180.000-110.000-177.996                                                        
 180.000-100.000-179.606                                                        
 180.000 -90.000 179.639                                                        
 180.000 -80.000 179.472                                                        
 180.000 -70.000-179.714                                                        
 180.000 -60.000-179.415                                                        
 180.000 -50.000-179.827                                                        
 180.000 -40.000 179.382                                                        
 180.000 -30.000 178.802                                                        
 180.000 -20.000 178.324                                                        
 180.000 -10.000 178.159                                                        
 180.000   0.000 178.506                                                        
 180.000  10.000 179.772                                                        
 180.000  20.000-175.469                                                        
 180.000  30.000-173.432                                                        
 180.000  40.000-172.814                                                        
 180.000  50.000-172.355                                                        
 180.000  60.000-170.006                                                        
 180.000  70.000-178.732                                                        
 180.000  80.000 179.691                                                        
 180.000  90.000 178.753                                                        
 180.000 100.000 178.704                                                        
 180.000 110.000 179.124                                                        
 180.000 120.000 179.640                                                        
 180.000 130.000 179.939                                                        
 180.000 140.000-179.748                                                        
 180.000 150.000-179.625                                                        
 180.000 160.000-179.678                                                        
 180.000 170.000-179.765
 180.000 180.000 179.992                                                        
