 0.133125D+03
 0.134128D+03
 0.131305D+03
 0.130128D+03
 0.132346D+03
 0.131706D+03
 0.132880D+03
 0.134185D+03
 0.131498D+03
 0.130605D+03
 0.132924D+03
 0.131906D+03
 0.132537D+03
 0.134315D+03
 0.131973D+03
 0.130737D+03
 0.133284D+03
 0.132451D+03
 0.132715D+03
 0.132430D+03
 0.131304D+03
 0.134274D+03
 0.132932D+03
 0.129789D+03
 0.131248D+03
 0.128132D+03
 0.127013D+03
 0.129372D+03
 0.129081D+03
 0.130247D+03
 0.131188D+03
 0.128499D+03
 0.127474D+03
 0.129762D+03
 0.129521D+03
 0.130814D+03
 0.131751D+03
 0.129051D+03
 0.128057D+03
 0.130055D+03
 0.129814D+03
 0.131575D+03
 0.132436D+03
 0.129365D+03
 0.128478D+03
 0.130809D+03
 0.130176D+03
 0.132333D+03
 0.132456D+03
 0.129886D+03
 0.128934D+03
 0.131236D+03
 0.130758D+03
 0.133074D+03
 0.133091D+03
 0.130363D+03
 0.129405D+03
 0.131738D+03
 0.131244D+03
 0.133536D+03
 0.133814D+03
 0.131028D+03
 0.129731D+03
 0.131985D+03
 0.131473D+03
 0.133895D+03
 0.134888D+03
 0.132031D+03
 0.131620D+03
 0.133137D+03
 0.132150D+03
 0.133425D+03
 0.134967D+03
 0.132380D+03
 0.131884D+03
 0.133362D+03
 0.132409D+03
 0.133068D+03
 0.134487D+03
 0.132691D+03
 0.132294D+03
 0.133735D+03
 0.132759D+03
 0.133721D+03
 0.133141D+03
 0.132733D+03
 0.134593D+03
 0.133390D+03
 0.135839D+03
 0.133809D+03
 0.133612D+03
 0.135127D+03
 0.134139D+03
 0.142841D+03
 0.143171D+03
 0.140345D+03
 0.140161D+03
 0.141640D+03
 0.140933D+03
 0.142009D+03
 0.142117D+03
 0.139530D+03
 0.139359D+03
 0.140174D+03
 0.139724D+03
 0.139956D+03
 0.140162D+03
 0.137732D+03
 0.137414D+03
 0.138160D+03
 0.137823D+03
 0.131184D+03
 0.132427D+03
 0.129548D+03
 0.129239D+03
 0.130244D+03
 0.130307D+03
 0.130743D+03
 0.132071D+03
 0.129201D+03
 0.128944D+03
 0.130067D+03
 0.129889D+03
 0.130676D+03
 0.131965D+03
 0.129066D+03
 0.128689D+03
 0.129922D+03
 0.129781D+03
 0.130679D+03
 0.131686D+03
 0.128919D+03
 0.128790D+03
 0.129933D+03
 0.129610D+03
 0.131219D+03
 0.131907D+03
 0.129438D+03
 0.129405D+03
 0.130323D+03
 0.130110D+03
 0.131543D+03
 0.132166D+03
 0.129847D+03
 0.129462D+03
 0.130777D+03
 0.130241D+03
 0.132104D+03
 0.133135D+03
 0.130415D+03
 0.130028D+03
 0.131422D+03
 0.130920D+03
 0.132990D+03
 0.133244D+03
 0.130778D+03
 0.130315D+03
 0.131828D+03
 0.131100D+03
 0.133923D+03
 0.133708D+03
 0.131191D+03
 0.130901D+03
 0.132127D+03
 0.131448D+03
 0.133550D+03
 0.134610D+03
 0.131815D+03
 0.131304D+03
 0.132667D+03
 0.131956D+03
 0.134185D+03
 0.135171D+03
 0.132695D+03
 0.132603D+03
 0.133137D+03
 0.132452D+03
 0.133729D+03
 0.135121D+03
 0.132926D+03
 0.133310D+03
 0.133848D+03
 0.132609D+03
 0.133449D+03
 0.134727D+03
 0.133315D+03
 0.133097D+03
 0.134132D+03
 0.133089D+03
 0.133365D+03
 0.133809D+03
 0.134071D+03
 0.134393D+03
 0.133603D+03
 0.136121D+03
 0.134557D+03
 0.134804D+03
 0.135348D+03
 0.134537D+03
 0.142758D+03
 0.143659D+03
 0.141415D+03
 0.141296D+03
 0.141773D+03
 0.142283D+03
 0.143259D+03
 0.144360D+03
 0.141786D+03
 0.141807D+03
 0.142801D+03
 0.142693D+03
 0.143648D+03
 0.144450D+03
 0.142100D+03
 0.142153D+03
 0.142918D+03
 0.142484D+03
 0.143777D+03
 0.144476D+03
 0.142572D+03
 0.142331D+03
 0.143153D+03
 0.142845D+03
 0.143780D+03
 0.144512D+03
 0.142437D+03
 0.142264D+03
 0.143255D+03
 0.142687D+03
 0.143666D+03
 0.144256D+03
 0.141968D+03
 0.142096D+03
 0.142777D+03
 0.142312D+03
 0.143292D+03
 0.143552D+03
 0.141416D+03
 0.141553D+03
 0.141951D+03
 0.141444D+03
 0.142301D+03
 0.142278D+03
 0.140392D+03
 0.140367D+03
 0.140442D+03
 0.140015D+03
 0.140330D+03
 0.140348D+03
 0.138461D+03
 0.138480D+03
 0.138534D+03
 0.138106D+03
 0.138399D+03
 0.138203D+03
 0.136591D+03
 0.136477D+03
 0.136461D+03
 0.136169D+03
 0.136552D+03
 0.136302D+03
 0.134814D+03
 0.134771D+03
 0.134629D+03
 0.134300D+03
 0.134699D+03
 0.134896D+03
 0.133331D+03
 0.133052D+03
 0.133074D+03
 0.133126D+03
 0.133395D+03
 0.133943D+03
 0.131995D+03
 0.132049D+03
 0.131867D+03
 0.131908D+03
 0.132442D+03
 0.133190D+03
 0.131077D+03
 0.130989D+03
 0.131351D+03
 0.131107D+03
 0.131793D+03
 0.132906D+03
 0.130778D+03
 0.130580D+03
 0.130938D+03
 0.130734D+03
 0.131449D+03
 0.132612D+03
 0.130158D+03
 0.130178D+03
 0.130580D+03
 0.130388D+03
 0.131243D+03
 0.132328D+03
 0.130144D+03
 0.130071D+03
 0.130319D+03
 0.130097D+03
 0.131063D+03
 0.132365D+03
 0.130174D+03
 0.129930D+03
 0.130207D+03
 0.130375D+03
 0.131239D+03
 0.132333D+03
 0.130010D+03
 0.130126D+03
 0.130358D+03
 0.130201D+03
 0.131401D+03
 0.132286D+03
 0.130342D+03
 0.130225D+03
 0.130436D+03
 0.130412D+03
 0.131690D+03
 0.132549D+03
 0.130610D+03
 0.130318D+03
 0.130930D+03
 0.130466D+03
 0.131984D+03
 0.132735D+03
 0.130814D+03
 0.130572D+03
 0.131405D+03
 0.130952D+03
 0.132591D+03
 0.133322D+03
 0.131199D+03
 0.131177D+03
 0.131666D+03
 0.131183D+03
 0.133365D+03
 0.133573D+03
 0.131565D+03
 0.131708D+03
 0.132176D+03
 0.131598D+03
 0.134234D+03
 0.134222D+03
 0.132055D+03
 0.131879D+03
 0.132452D+03
 0.132051D+03
 0.134016D+03
 0.134935D+03
 0.132512D+03
 0.132410D+03
 0.132995D+03
 0.132237D+03
 0.134353D+03
 0.135243D+03
 0.133485D+03
 0.133419D+03
 0.133512D+03
 0.132626D+03
 0.134117D+03
 0.135413D+03
 0.133763D+03
 0.133700D+03
 0.133740D+03
 0.132993D+03
 0.133682D+03
 0.135007D+03
 0.134019D+03
 0.133971D+03
 0.134131D+03
 0.133244D+03
 0.134115D+03
 0.134847D+03
 0.134724D+03
 0.134660D+03
 0.133842D+03
 0.136251D+03
 0.135635D+03
 0.135484D+03
 0.135727D+03
 0.134766D+03
 0.143283D+03
 0.143737D+03
 0.141910D+03
 0.142206D+03
 0.142169D+03
 0.142643D+03
 0.143575D+03
 0.144588D+03
 0.142663D+03
 0.142571D+03
 0.142862D+03
 0.143043D+03
 0.144059D+03
 0.144561D+03
 0.142915D+03
 0.142866D+03
 0.143363D+03
 0.142970D+03
 0.144380D+03
 0.144924D+03
 0.143335D+03
 0.143260D+03
 0.143730D+03
 0.143082D+03
 0.144251D+03
 0.144750D+03
 0.143091D+03
 0.143172D+03
 0.143454D+03
 0.143071D+03
 0.144037D+03
 0.144397D+03
 0.142848D+03
 0.143076D+03
 0.142947D+03
 0.142595D+03
 0.143476D+03
 0.143643D+03
 0.142181D+03
 0.142202D+03
 0.142106D+03
 0.141637D+03
 0.142292D+03
 0.142460D+03
 0.140998D+03
 0.141106D+03
 0.140784D+03
 0.140358D+03
 0.140480D+03
 0.140578D+03
 0.139117D+03
 0.139108D+03
 0.138758D+03
 0.138242D+03
 0.138594D+03
 0.138677D+03
 0.137271D+03
 0.137499D+03
 0.136847D+03
 0.136488D+03
 0.136614D+03
 0.136716D+03
 0.135681D+03
 0.135705D+03
 0.134944D+03
 0.134813D+03
 0.134961D+03
 0.135161D+03
 0.134084D+03
 0.134198D+03
 0.133590D+03
 0.133502D+03
 0.133664D+03
 0.134242D+03
 0.133039D+03
 0.133035D+03
 0.132596D+03
 0.132534D+03
 0.132685D+03
 0.133599D+03
 0.131991D+03
 0.132146D+03
 0.131685D+03
 0.131623D+03
 0.132180D+03
 0.133322D+03
 0.131668D+03
 0.131571D+03
 0.131221D+03
 0.131253D+03
 0.131739D+03
 0.133111D+03
 0.131266D+03
 0.131240D+03
 0.131096D+03
 0.130745D+03
 0.131805D+03
 0.133001D+03
 0.131136D+03
 0.130936D+03
 0.130917D+03
 0.130736D+03
 0.131534D+03
 0.132658D+03
 0.131072D+03
 0.130998D+03
 0.130823D+03
 0.130438D+03
 0.131601D+03
 0.132798D+03
 0.130949D+03
 0.131121D+03
 0.130935D+03
 0.130641D+03
 0.131870D+03
 0.132703D+03
 0.131165D+03
 0.131205D+03
 0.130962D+03
 0.130582D+03
 0.132038D+03
 0.132892D+03
 0.131380D+03
 0.131452D+03
 0.131242D+03
 0.130691D+03
 0.132257D+03
 0.133011D+03
 0.131751D+03
 0.131664D+03
 0.131468D+03
 0.131211D+03
 0.132886D+03
 0.133553D+03
 0.132116D+03
 0.131902D+03
 0.131879D+03
 0.131489D+03
 0.133605D+03
 0.133858D+03
 0.132476D+03
 0.132263D+03
 0.132312D+03
 0.131887D+03
 0.134242D+03
 0.134534D+03
 0.132745D+03
 0.133005D+03
 0.132659D+03
 0.132202D+03
 0.134449D+03
 0.134879D+03
 0.133146D+03
 0.133099D+03
 0.133086D+03
 0.132200D+03
 0.134430D+03
 0.135350D+03
 0.134082D+03
 0.133909D+03
 0.133648D+03
 0.132590D+03
 0.133994D+03
 0.135419D+03
 0.134194D+03
 0.134398D+03
 0.133924D+03
 0.132978D+03
 0.133852D+03
 0.135065D+03
 0.134815D+03
 0.134794D+03
 0.134390D+03
 0.133483D+03
 0.134397D+03
 0.135506D+03
 0.135363D+03
 0.134862D+03
 0.134259D+03
 0.136616D+03
 0.136309D+03
 0.136226D+03
 0.135899D+03
 0.135168D+03
 0.138255D+03
 0.137448D+03
 0.137368D+03
 0.136533D+03
 0.135840D+03
 0.139525D+03
 0.138930D+03
 0.138831D+03
 0.137321D+03
 0.141831D+03
 0.142396D+03
 0.141192D+03
 0.141098D+03
 0.141267D+03
 0.142661D+03
 0.143593D+03
 0.142259D+03
 0.142249D+03
 0.141630D+03
 0.141905D+03
 0.143406D+03
 0.144211D+03
 0.142583D+03
 0.142834D+03
 0.142340D+03
 0.142955D+03
 0.143882D+03
 0.144611D+03
 0.143360D+03
 0.143387D+03
 0.142887D+03
 0.143360D+03
 0.144122D+03
 0.144992D+03
 0.143849D+03
 0.143578D+03
 0.143564D+03
 0.143069D+03
 0.144283D+03
 0.145044D+03
 0.143759D+03
 0.143685D+03
 0.143639D+03
 0.143218D+03
 0.144416D+03
 0.145076D+03
 0.143570D+03
 0.143950D+03
 0.143569D+03
 0.143077D+03
 0.144028D+03
 0.144600D+03
 0.143347D+03
 0.143490D+03
 0.143090D+03
 0.142516D+03
 0.143263D+03
 0.143758D+03
 0.142760D+03
 0.142726D+03
 0.142236D+03
 0.141754D+03
 0.142135D+03
 0.142424D+03
 0.141210D+03
 0.141436D+03
 0.140707D+03
 0.140257D+03
 0.140790D+03
 0.140735D+03
 0.139628D+03
 0.139686D+03
 0.138782D+03
 0.138485D+03
 0.138671D+03
 0.138832D+03
 0.138116D+03
 0.137820D+03
 0.136867D+03
 0.136661D+03
 0.136895D+03
 0.136971D+03
 0.136322D+03
 0.136012D+03
 0.135260D+03
 0.134893D+03
 0.135193D+03
 0.135494D+03
 0.134875D+03
 0.134754D+03
 0.133924D+03
 0.133661D+03
 0.134061D+03
 0.134430D+03
 0.133802D+03
 0.133752D+03
 0.132732D+03
 0.132652D+03
 0.132901D+03
 0.134039D+03
 0.132858D+03
 0.132785D+03
 0.132136D+03
 0.132043D+03
 0.132625D+03
 0.133713D+03
 0.132356D+03
 0.132148D+03
 0.131773D+03
 0.131492D+03
 0.132225D+03
 0.133398D+03
 0.132016D+03
 0.132011D+03
 0.131483D+03
 0.131351D+03
 0.132199D+03
 0.133380D+03
 0.131998D+03
 0.132013D+03
 0.131250D+03
 0.131109D+03
 0.132133D+03
 0.133060D+03
 0.131777D+03
 0.131717D+03
 0.131152D+03
 0.130939D+03
 0.132026D+03
 0.133178D+03
 0.131780D+03
 0.131714D+03
 0.131071D+03
 0.131027D+03
 0.132193D+03
 0.133047D+03
 0.131877D+03
 0.131675D+03
 0.131070D+03
 0.130953D+03
 0.132277D+03
 0.132830D+03
 0.132076D+03
 0.132007D+03
 0.131584D+03
 0.131153D+03
 0.132596D+03
 0.133180D+03
 0.132350D+03
 0.132256D+03
 0.131670D+03
 0.131438D+03
 0.132926D+03
 0.133756D+03
 0.132750D+03
 0.132527D+03
 0.132117D+03
 0.131619D+03
 0.133655D+03
 0.133869D+03
 0.133101D+03
 0.132906D+03
 0.132500D+03
 0.132175D+03
 0.134401D+03
 0.134668D+03
 0.133402D+03
 0.133310D+03
 0.132825D+03
 0.132175D+03
 0.134372D+03
 0.135112D+03
 0.133731D+03
 0.133579D+03
 0.133178D+03
 0.132544D+03
 0.134534D+03
 0.135408D+03
 0.134446D+03
 0.134206D+03
 0.133762D+03
 0.132948D+03
 0.133954D+03
 0.135471D+03
 0.134777D+03
 0.134519D+03
 0.134334D+03
 0.132877D+03
 0.133814D+03
 0.135153D+03
 0.135211D+03
 0.135129D+03
 0.134711D+03
 0.133742D+03
 0.134588D+03
 0.136006D+03
 0.135900D+03
 0.135397D+03
 0.134404D+03
 0.136765D+03
 0.137005D+03
 0.136642D+03
 0.136376D+03
 0.135468D+03
 0.138532D+03
 0.138067D+03
 0.137792D+03
 0.137004D+03
 0.136054D+03
 0.139916D+03
 0.139370D+03
 0.139246D+03
 0.137596D+03
 0.140957D+03
 0.140845D+03
 0.140566D+03
 0.140545D+03
 0.139271D+03
 0.141817D+03
 0.142662D+03
 0.141504D+03
 0.141448D+03
 0.141559D+03
 0.142615D+03
 0.143483D+03
 0.142628D+03
 0.142373D+03
 0.141827D+03
 0.141977D+03
 0.143516D+03
 0.144190D+03
 0.143139D+03
 0.142883D+03
 0.142700D+03
 0.142855D+03
 0.143816D+03
 0.144719D+03
 0.143629D+03
 0.143513D+03
 0.143277D+03
 0.143304D+03
 0.144077D+03
 0.144843D+03
 0.144204D+03
 0.143815D+03
 0.143487D+03
 0.142964D+03
 0.144190D+03
 0.145042D+03
 0.144111D+03
 0.144028D+03
 0.143711D+03
 0.143355D+03
 0.144281D+03
 0.144893D+03
 0.144144D+03
 0.143968D+03
 0.143673D+03
 0.143150D+03
 0.143740D+03
 0.144195D+03
 0.143522D+03
 0.143326D+03
 0.143170D+03
 0.142586D+03
 0.143221D+03
 0.143617D+03
 0.142653D+03
 0.142761D+03
 0.142185D+03
 0.141459D+03
 0.141912D+03
 0.142309D+03
 0.141591D+03
 0.141338D+03
 0.140807D+03
 0.140134D+03
 0.140499D+03
 0.140595D+03
 0.139813D+03
 0.139759D+03
 0.139028D+03
 0.138508D+03
 0.138863D+03
 0.138909D+03
 0.138147D+03
 0.138140D+03
 0.137304D+03
 0.136584D+03
 0.137045D+03
 0.136947D+03
 0.136882D+03
 0.136623D+03
 0.135462D+03
 0.135384D+03
 0.135449D+03
 0.135667D+03
 0.135506D+03
 0.135052D+03
 0.134114D+03
 0.134141D+03
 0.134078D+03
 0.134765D+03
 0.134185D+03
 0.134086D+03
 0.133018D+03
 0.133051D+03
 0.133213D+03
 0.134136D+03
 0.133494D+03
 0.133085D+03
 0.132497D+03
 0.132403D+03
 0.132702D+03
 0.133898D+03
 0.132839D+03
 0.132618D+03
 0.132254D+03
 0.131898D+03
 0.132566D+03
 0.133778D+03
 0.132582D+03
 0.132370D+03
 0.131861D+03
 0.131745D+03
 0.132305D+03
 0.133617D+03
 0.132485D+03
 0.132301D+03
 0.131720D+03
 0.131404D+03
 0.132053D+03
 0.133149D+03
 0.132438D+03
 0.132113D+03
 0.131757D+03
 0.131128D+03
 0.132151D+03
 0.133121D+03
 0.132267D+03
 0.132212D+03
 0.131569D+03
 0.131187D+03
 0.132204D+03
 0.133307D+03
 0.132126D+03
 0.132147D+03
 0.131360D+03
 0.131177D+03
 0.132546D+03
 0.133030D+03
 0.132466D+03
 0.132083D+03
 0.131619D+03
 0.131206D+03
 0.132538D+03
 0.133379D+03
 0.132650D+03
 0.132380D+03
 0.131864D+03
 0.131679D+03
 0.132969D+03
 0.133558D+03
 0.133010D+03
 0.132881D+03
 0.132154D+03
 0.131580D+03
 0.133714D+03
 0.133772D+03
 0.133324D+03
 0.132934D+03
 0.132431D+03
 0.132018D+03
 0.134238D+03
 0.134475D+03
 0.133859D+03
 0.133451D+03
 0.132974D+03
 0.132428D+03
 0.134278D+03
 0.135040D+03
 0.134089D+03
 0.133889D+03
 0.133199D+03
 0.132642D+03
 0.134252D+03
 0.135415D+03
 0.134645D+03
 0.134367D+03
 0.133744D+03
 0.132872D+03
 0.134184D+03
 0.135632D+03
 0.135201D+03
 0.134755D+03
 0.134683D+03
 0.133415D+03
 0.134240D+03
 0.135365D+03
 0.135724D+03
 0.135312D+03
 0.134970D+03
 0.134013D+03
 0.134373D+03
 0.136364D+03
 0.136134D+03
 0.135439D+03
 0.134716D+03
 0.136998D+03
 0.137283D+03
 0.136776D+03
 0.136834D+03
 0.135754D+03
 0.138706D+03
 0.138638D+03
 0.138179D+03
 0.137271D+03
 0.136180D+03
 0.139924D+03
 0.140013D+03
 0.139432D+03
 0.138030D+03
 0.140834D+03
 0.140831D+03
 0.141132D+03
 0.140519D+03
 0.139357D+03
 0.141768D+03
 0.142604D+03
 0.142018D+03
 0.141601D+03
 0.141710D+03
 0.142452D+03
 0.143533D+03
 0.142877D+03
 0.142418D+03
 0.141759D+03
 0.141930D+03
 0.143179D+03
 0.144013D+03
 0.143631D+03
 0.143259D+03
 0.142622D+03
 0.143000D+03
 0.143847D+03
 0.144450D+03
 0.143923D+03
 0.143691D+03
 0.143320D+03
 0.143266D+03
 0.144072D+03
 0.144625D+03
 0.144391D+03
 0.143806D+03
 0.143284D+03
 0.143026D+03
 0.144009D+03
 0.144746D+03
 0.144283D+03
 0.143801D+03
 0.143717D+03
 0.142918D+03
 0.144042D+03
 0.144757D+03
 0.144157D+03
 0.143752D+03
 0.143553D+03
 0.142979D+03
 0.143667D+03
 0.144172D+03
 0.143786D+03
 0.143280D+03
 0.142877D+03
 0.142508D+03
 0.142991D+03
 0.143168D+03
 0.143170D+03
 0.142518D+03
 0.142052D+03
 0.141381D+03
 0.141901D+03
 0.142048D+03
 0.141662D+03
 0.141263D+03
 0.140734D+03
 0.140207D+03
 0.140451D+03
 0.140604D+03
 0.140268D+03
 0.139803D+03
 0.139066D+03
 0.138383D+03
 0.138820D+03
 0.139030D+03
 0.138616D+03
 0.138397D+03
 0.137382D+03
 0.137072D+03
 0.137154D+03
 0.137271D+03
 0.137143D+03
 0.136659D+03
 0.135872D+03
 0.135332D+03
 0.135526D+03
 0.135757D+03
 0.135809D+03
 0.135122D+03
 0.134550D+03
 0.134080D+03
 0.134192D+03
 0.134877D+03
 0.134572D+03
 0.133924D+03
 0.133415D+03
 0.133387D+03
 0.133477D+03
 0.134388D+03
 0.134023D+03
 0.133429D+03
 0.132674D+03
 0.132629D+03
 0.132731D+03
 0.134027D+03
 0.133510D+03
 0.133078D+03
 0.132469D+03
 0.132097D+03
 0.132749D+03
 0.133806D+03
 0.132963D+03
 0.132740D+03
 0.132302D+03
 0.131767D+03
 0.132528D+03
 0.133802D+03
 0.133012D+03
 0.132280D+03
 0.131753D+03
 0.131558D+03
 0.132266D+03
 0.133347D+03
 0.132548D+03
 0.132205D+03
 0.131651D+03
 0.131240D+03
 0.131998D+03
 0.133290D+03
 0.132748D+03
 0.132350D+03
 0.131662D+03
 0.131177D+03
 0.132139D+03
 0.133284D+03
 0.132859D+03
 0.132238D+03
 0.131436D+03
 0.131109D+03
 0.132117D+03
 0.132978D+03
 0.132785D+03
 0.132293D+03
 0.131663D+03
 0.131478D+03
 0.132411D+03
 0.133176D+03
 0.133074D+03
 0.132419D+03
 0.131900D+03
 0.131458D+03
 0.133112D+03
 0.133806D+03
 0.133477D+03
 0.132668D+03
 0.132157D+03
 0.131781D+03
 0.133596D+03
 0.133804D+03
 0.133633D+03
 0.133048D+03
 0.132638D+03
 0.132015D+03
 0.134238D+03
 0.134315D+03
 0.133984D+03
 0.133284D+03
 0.132939D+03
 0.132201D+03
 0.134189D+03
 0.134894D+03
 0.134408D+03
 0.133792D+03
 0.133350D+03
 0.132526D+03
 0.134425D+03
 0.135384D+03
 0.134767D+03
 0.134313D+03
 0.133972D+03
 0.132901D+03
 0.134205D+03
 0.135678D+03
 0.135205D+03
 0.134752D+03
 0.134606D+03
 0.133353D+03
 0.134250D+03
 0.135370D+03
 0.135729D+03
 0.135468D+03
 0.135015D+03
 0.134089D+03
 0.134893D+03
 0.136414D+03
 0.136058D+03
 0.135796D+03
 0.134918D+03
 0.137451D+03
 0.137265D+03
 0.136778D+03
 0.135867D+03
 0.138925D+03
 0.138501D+03
 0.138108D+03
 0.137280D+03
 0.136282D+03
 0.139850D+03
 0.139847D+03
 0.139345D+03
 0.137883D+03
 0.141240D+03
 0.140828D+03
 0.141079D+03
 0.140582D+03
 0.139557D+03
 0.141676D+03
 0.142730D+03
 0.142083D+03
 0.141534D+03
 0.141460D+03
 0.142571D+03
 0.143304D+03
 0.142638D+03
 0.142428D+03
 0.141801D+03
 0.141907D+03
 0.143227D+03
 0.144093D+03
 0.143416D+03
 0.142936D+03
 0.142553D+03
 0.143000D+03
 0.143544D+03
 0.144297D+03
 0.143719D+03
 0.143304D+03
 0.142946D+03
 0.142803D+03
 0.143706D+03
 0.144563D+03
 0.144051D+03
 0.143399D+03
 0.143480D+03
 0.142799D+03
 0.143822D+03
 0.144417D+03
 0.143968D+03
 0.143764D+03
 0.143487D+03
 0.143109D+03
 0.143366D+03
 0.144406D+03
 0.144075D+03
 0.143366D+03
 0.143157D+03
 0.142807D+03
 0.143281D+03
 0.143872D+03
 0.143734D+03
 0.142910D+03
 0.142859D+03
 0.142032D+03
 0.142807D+03
 0.143122D+03
 0.142762D+03
 0.142196D+03
 0.141930D+03
 0.141275D+03
 0.141688D+03
 0.142185D+03
 0.141762D+03
 0.141007D+03
 0.140609D+03
 0.140186D+03
 0.140274D+03
 0.140598D+03
 0.140221D+03
 0.139790D+03
 0.138985D+03
 0.138496D+03
 0.138844D+03
 0.138921D+03
 0.138717D+03
 0.138208D+03
 0.137435D+03
 0.136967D+03
 0.137126D+03
 0.137204D+03
 0.137116D+03
 0.136566D+03
 0.135748D+03
 0.135282D+03
 0.135718D+03
 0.136004D+03
 0.135801D+03
 0.135322D+03
 0.134567D+03
 0.133959D+03
 0.134280D+03
 0.134868D+03
 0.134804D+03
 0.134158D+03
 0.133340D+03
 0.133127D+03
 0.133287D+03
 0.134222D+03
 0.133983D+03
 0.133449D+03
 0.132856D+03
 0.132699D+03
 0.132735D+03
 0.134173D+03
 0.133348D+03
 0.132813D+03
 0.132478D+03
 0.132052D+03
 0.132682D+03
 0.133755D+03
 0.132989D+03
 0.132641D+03
 0.132164D+03
 0.131791D+03
 0.132427D+03
 0.133520D+03
 0.132866D+03
 0.132264D+03
 0.132067D+03
 0.131493D+03
 0.132220D+03
 0.133387D+03
 0.132627D+03
 0.132128D+03
 0.131642D+03
 0.131251D+03
 0.132202D+03
 0.133204D+03
 0.132473D+03
 0.131898D+03
 0.131514D+03
 0.131240D+03
 0.131935D+03
 0.132824D+03
 0.132520D+03
 0.132023D+03
 0.131577D+03
 0.131178D+03
 0.131941D+03
 0.132758D+03
 0.132638D+03
 0.132296D+03
 0.131516D+03
 0.131136D+03
 0.132138D+03
 0.133247D+03
 0.132920D+03
 0.132336D+03
 0.131718D+03
 0.131495D+03
 0.132582D+03
 0.133687D+03
 0.133063D+03
 0.132707D+03
 0.132019D+03
 0.131450D+03
 0.133504D+03
 0.133852D+03
 0.133671D+03
 0.133034D+03
 0.132714D+03
 0.131818D+03
 0.134171D+03
 0.134249D+03
 0.134104D+03
 0.133391D+03
 0.132883D+03
 0.132315D+03
 0.133899D+03
 0.134852D+03
 0.134439D+03
 0.133857D+03
 0.133517D+03
 0.132523D+03
 0.134231D+03
 0.135459D+03
 0.134640D+03
 0.134428D+03
 0.134008D+03
 0.132970D+03
 0.134285D+03
 0.135749D+03
 0.135140D+03
 0.134773D+03
 0.134629D+03
 0.133276D+03
 0.134385D+03
 0.135530D+03
 0.135732D+03
 0.135322D+03
 0.135137D+03
 0.134195D+03
 0.134964D+03
 0.136741D+03
 0.136152D+03
 0.135972D+03
 0.135228D+03
 0.137520D+03
 0.137300D+03
 0.136970D+03
 0.135975D+03
 0.138759D+03
 0.138528D+03
 0.138320D+03
 0.137365D+03
 0.136504D+03
 0.139657D+03
 0.139727D+03
 0.139310D+03
 0.137855D+03
 0.141071D+03
 0.140782D+03
 0.140793D+03
 0.140317D+03
 0.139266D+03
 0.141710D+03
 0.142177D+03
 0.141888D+03
 0.141407D+03
 0.141229D+03
 0.142376D+03
 0.143087D+03
 0.142544D+03
 0.142074D+03
 0.141633D+03
 0.141729D+03
 0.142971D+03
 0.143830D+03
 0.143171D+03
 0.142788D+03
 0.142384D+03
 0.142607D+03
 0.143324D+03
 0.143949D+03
 0.143672D+03
 0.143084D+03
 0.142813D+03
 0.142650D+03
 0.143128D+03
 0.144099D+03
 0.143825D+03
 0.143292D+03
 0.143313D+03
 0.142607D+03
 0.143487D+03
 0.144159D+03
 0.143878D+03
 0.143292D+03
 0.143315D+03
 0.142567D+03
 0.143334D+03
 0.143827D+03
 0.143460D+03
 0.143198D+03
 0.143254D+03
 0.142451D+03
 0.143095D+03
 0.143690D+03
 0.143207D+03
 0.142810D+03
 0.142444D+03
 0.141878D+03
 0.142616D+03
 0.142979D+03
 0.142588D+03
 0.142004D+03
 0.141793D+03
 0.141110D+03
 0.141659D+03
 0.141956D+03
 0.141275D+03
 0.141181D+03
 0.140738D+03
 0.139972D+03
 0.140184D+03
 0.140388D+03
 0.140187D+03
 0.139674D+03
 0.139182D+03
 0.138565D+03
 0.138821D+03
 0.138790D+03
 0.138628D+03
 0.138344D+03
 0.137426D+03
 0.136694D+03
 0.137039D+03
 0.137417D+03
 0.137191D+03
 0.136428D+03
 0.135990D+03
 0.135460D+03
 0.135485D+03
 0.135711D+03
 0.135553D+03
 0.135282D+03
 0.134497D+03
 0.133969D+03
 0.134065D+03
 0.134933D+03
 0.134643D+03
 0.134140D+03
 0.133402D+03
 0.133132D+03
 0.131187D+03
 0.132107D+03
 0.133475D+03
 0.133249D+03
 0.130851D+03
 0.132335D+03
 0.132708D+03
 0.133743D+03
 0.133096D+03
 0.132727D+03
 0.132376D+03
 0.131736D+03
 0.132284D+03
 0.133628D+03
 0.132783D+03
 0.132251D+03
 0.131977D+03
 0.131578D+03
 0.132025D+03
 0.133287D+03
 0.132607D+03
 0.132073D+03
 0.131740D+03
 0.131521D+03
 0.132105D+03
 0.133242D+03
 0.132220D+03
 0.131886D+03
 0.131585D+03
 0.131161D+03
 0.131897D+03
 0.133064D+03
 0.132232D+03
 0.132038D+03
 0.131360D+03
 0.131181D+03
 0.131698D+03
 0.132725D+03
 0.132369D+03
 0.131793D+03
 0.131232D+03
 0.130809D+03
 0.131995D+03
 0.132559D+03
 0.132483D+03
 0.131737D+03
 0.131495D+03
 0.130980D+03
 0.132237D+03
 0.132827D+03
 0.132437D+03
 0.131858D+03
 0.131563D+03
 0.131204D+03
 0.132612D+03
 0.133528D+03
 0.132888D+03
 0.132303D+03
 0.132033D+03
 0.131657D+03
 0.133233D+03
 0.133847D+03
 0.133101D+03
 0.132912D+03
 0.132541D+03
 0.132018D+03
 0.134153D+03
 0.134366D+03
 0.133664D+03
 0.133496D+03
 0.132991D+03
 0.132245D+03
 0.134000D+03
 0.135107D+03
 0.134171D+03
 0.133794D+03
 0.133525D+03
 0.132675D+03
 0.134279D+03
 0.135313D+03
 0.134778D+03
 0.134394D+03
 0.134255D+03
 0.132939D+03
 0.134382D+03
 0.135749D+03
 0.135246D+03
 0.134905D+03
 0.134805D+03
 0.133454D+03
 0.134778D+03
 0.135568D+03
 0.135691D+03
 0.135361D+03
 0.134836D+03
 0.134101D+03
 0.134941D+03
 0.136395D+03
 0.135958D+03
 0.136066D+03
 0.134836D+03
 0.137379D+03
 0.137033D+03
 0.136917D+03
 0.135733D+03
 0.142870D+03
 0.143775D+03
 0.143037D+03
 0.142724D+03
 0.142671D+03
 0.142379D+03
 0.143163D+03
 0.143895D+03
 0.143299D+03
 0.142885D+03
 0.142762D+03
 0.142403D+03
 0.143202D+03
 0.143924D+03
 0.143470D+03
 0.143015D+03
 0.143256D+03
 0.142405D+03
 0.143047D+03
 0.143843D+03
 0.143195D+03
 0.143049D+03
 0.142895D+03
 0.142259D+03
 0.143083D+03
 0.143411D+03
 0.142989D+03
 0.142657D+03
 0.142483D+03
 0.141805D+03
 0.142392D+03
 0.142607D+03
 0.142275D+03
 0.142035D+03
 0.141759D+03
 0.140920D+03
 0.141680D+03
 0.141729D+03
 0.141310D+03
 0.140904D+03
 0.140490D+03
 0.139910D+03
 0.140305D+03
 0.140472D+03
 0.140138D+03
 0.139693D+03
 0.139131D+03
 0.138383D+03
 0.138924D+03
 0.138889D+03
 0.138433D+03
 0.138261D+03
 0.137537D+03
 0.136688D+03
 0.136933D+03
 0.137309D+03
 0.136929D+03
 0.136315D+03
 0.135795D+03
 0.135179D+03
 0.135194D+03
 0.135413D+03
 0.133764D+03
 0.134885D+03
 0.134034D+03
 0.132430D+03
 0.131755D+03
 0.132555D+03
 0.131962D+03
 0.131700D+03
 0.131310D+03
 0.131296D+03
 0.130978D+03
 0.131783D+03
 0.131314D+03
 0.130927D+03
 0.130924D+03
 0.130471D+03
 0.130706D+03
 0.131604D+03
 0.130606D+03
 0.130239D+03
 0.130626D+03
 0.130889D+03
 0.130148D+03
 0.130915D+03
 0.132164D+03
 0.131784D+03
 0.131401D+03
 0.130966D+03
 0.131955D+03
 0.132936D+03
 0.132223D+03
 0.131743D+03
 0.131399D+03
 0.130984D+03
 0.131940D+03
 0.132851D+03
 0.132058D+03
 0.131781D+03
 0.131333D+03
 0.130666D+03
 0.131356D+03
 0.132528D+03
 0.132025D+03
 0.131583D+03
 0.131101D+03
 0.130786D+03
 0.131438D+03
 0.132310D+03
 0.131964D+03
 0.131583D+03
 0.131032D+03
 0.130660D+03
 0.131705D+03
 0.132402D+03
 0.131945D+03
 0.131579D+03
 0.131254D+03
 0.130750D+03
 0.131938D+03
 0.132801D+03
 0.132195D+03
 0.131840D+03
 0.131521D+03
 0.130951D+03
 0.132528D+03
 0.133156D+03
 0.132636D+03
 0.132314D+03
 0.131853D+03
 0.131368D+03
 0.133232D+03
 0.133641D+03
 0.132995D+03
 0.132531D+03
 0.132449D+03
 0.131669D+03
 0.134170D+03
 0.134196D+03
 0.133628D+03
 0.133198D+03
 0.133072D+03
 0.132099D+03
 0.133955D+03
 0.134997D+03
 0.134084D+03
 0.133850D+03
 0.133563D+03
 0.132651D+03
 0.134382D+03
 0.135472D+03
 0.134532D+03
 0.134225D+03
 0.134090D+03
 0.132988D+03
 0.134213D+03
 0.135563D+03
 0.134926D+03
 0.134701D+03
 0.134537D+03
 0.133259D+03
 0.133965D+03
 0.135356D+03
 0.135435D+03
 0.135178D+03
 0.134749D+03
 0.133832D+03
 0.134314D+03
 0.135986D+03
 0.135654D+03
 0.135501D+03
 0.134472D+03
 0.136580D+03
 0.136170D+03
 0.136321D+03
 0.135308D+03
 0.142354D+03
 0.143349D+03
 0.142850D+03
 0.142314D+03
 0.142388D+03
 0.141950D+03
 0.142793D+03
 0.143661D+03
 0.143184D+03
 0.142579D+03
 0.142864D+03
 0.142307D+03
 0.142825D+03
 0.143780D+03
 0.143198D+03
 0.142618D+03
 0.142903D+03
 0.142133D+03
 0.142761D+03
 0.143601D+03
 0.143000D+03
 0.142764D+03
 0.142800D+03
 0.142001D+03
 0.143012D+03
 0.143406D+03
 0.142880D+03
 0.142319D+03
 0.142346D+03
 0.141507D+03
 0.142181D+03
 0.142932D+03
 0.141922D+03
 0.141952D+03
 0.141739D+03
 0.140780D+03
 0.141470D+03
 0.141791D+03
 0.141254D+03
 0.140912D+03
 0.140633D+03
 0.139774D+03
 0.140214D+03
 0.140391D+03
 0.139957D+03
 0.139666D+03
 0.139053D+03
 0.138311D+03
 0.138436D+03
 0.138836D+03
 0.138199D+03
 0.138079D+03
 0.137425D+03
 0.136583D+03
 0.134785D+03
 0.134916D+03
 0.134901D+03
 0.134095D+03
 0.133502D+03
 0.133478D+03
 0.132764D+03
 0.133273D+03
 0.133226D+03
 0.132452D+03
 0.132109D+03
 0.131833D+03
 0.131342D+03
 0.131936D+03
 0.131570D+03
 0.131150D+03
 0.130680D+03
 0.130661D+03
 0.130395D+03
 0.131440D+03
 0.130898D+03
 0.130144D+03
 0.130202D+03
 0.129708D+03
 0.129551D+03
 0.130676D+03
 0.130399D+03
 0.129579D+03
 0.129930D+03
 0.129380D+03
 0.129184D+03
 0.130399D+03
 0.130171D+03
 0.129583D+03
 0.129822D+03
 0.128996D+03
 0.131498D+03
 0.132498D+03
 0.131596D+03
 0.131469D+03
 0.131067D+03
 0.130323D+03
 0.131470D+03
 0.132495D+03
 0.131551D+03
 0.131280D+03
 0.130947D+03
 0.130426D+03
 0.131245D+03
 0.132204D+03
 0.131468D+03
 0.131297D+03
 0.130983D+03
 0.130373D+03
 0.131323D+03
 0.132280D+03
 0.131454D+03
 0.131177D+03
 0.130695D+03
 0.130359D+03
 0.131430D+03
 0.132135D+03
 0.131592D+03
 0.131218D+03
 0.130910D+03
 0.130577D+03
 0.131702D+03
 0.132454D+03
 0.132167D+03
 0.131672D+03
 0.131482D+03
 0.130883D+03
 0.132459D+03
 0.133117D+03
 0.132347D+03
 0.132059D+03
 0.131782D+03
 0.131126D+03
 0.133053D+03
 0.133572D+03
 0.132946D+03
 0.132776D+03
 0.132272D+03
 0.131591D+03
 0.134106D+03
 0.134226D+03
 0.133416D+03
 0.133148D+03
 0.132810D+03
 0.132039D+03
 0.133952D+03
 0.135034D+03
 0.134118D+03
 0.133754D+03
 0.133523D+03
 0.132441D+03
 0.134177D+03
 0.135009D+03
 0.134119D+03
 0.134061D+03
 0.133619D+03
 0.132564D+03
 0.133742D+03
 0.135176D+03
 0.134325D+03
 0.134264D+03
 0.134208D+03
 0.132732D+03
 0.133429D+03
 0.134976D+03
 0.134583D+03
 0.134334D+03
 0.134247D+03
 0.133200D+03
 0.133595D+03
 0.134887D+03
 0.134696D+03
 0.135022D+03
 0.133456D+03
 0.142324D+03
 0.143115D+03
 0.142386D+03
 0.142101D+03
 0.141981D+03
 0.141580D+03
 0.142642D+03
 0.143454D+03
 0.142804D+03
 0.142433D+03
 0.142473D+03
 0.142161D+03
 0.142818D+03
 0.143843D+03
 0.142941D+03
 0.142636D+03
 0.142651D+03
 0.142128D+03
 0.142950D+03
 0.143542D+03
 0.143055D+03
 0.142924D+03
 0.142904D+03
 0.141991D+03
 0.142916D+03
 0.143429D+03
 0.142698D+03
 0.142322D+03
 0.142398D+03
 0.141593D+03
 0.142320D+03
 0.142708D+03
 0.141997D+03
 0.141857D+03
 0.141705D+03
 0.140935D+03
 0.141411D+03
 0.141721D+03
 0.140933D+03
 0.140738D+03
 0.140303D+03
 0.139489D+03
 0.140030D+03
 0.140167D+03
 0.138620D+03
 0.139420D+03
 0.137374D+03
 0.137510D+03
 0.136933D+03
 0.136906D+03
 0.136730D+03
 0.135851D+03
 0.135194D+03
 0.135306D+03
 0.134342D+03
 0.134563D+03
 0.134314D+03
 0.133734D+03
 0.133061D+03
 0.133942D+03
 0.130798D+03
 0.132087D+03
 0.130990D+03
 0.130857D+03
 0.130489D+03
 0.130013D+03
 0.130731D+03
 0.131899D+03
 0.131167D+03
 0.130965D+03
 0.130373D+03
 0.130014D+03
 0.131140D+03
 0.131930D+03
 0.131300D+03
 0.131027D+03
 0.130527D+03
 0.130100D+03
 0.131347D+03
 0.132059D+03
 0.131410D+03
 0.131196D+03
 0.130780D+03
 0.130326D+03
 0.131605D+03
 0.132418D+03
 0.131762D+03
 0.131395D+03
 0.131177D+03
 0.130594D+03
 0.132281D+03
 0.133106D+03
 0.132374D+03
 0.132052D+03
 0.131724D+03
 0.130978D+03
 0.133129D+03
 0.133347D+03
 0.132794D+03
 0.132525D+03
 0.132265D+03
 0.131427D+03
 0.133990D+03
 0.134136D+03
 0.133299D+03
 0.132916D+03
 0.132760D+03
 0.131849D+03
 0.133720D+03
 0.134780D+03
 0.133959D+03
 0.133503D+03
 0.133257D+03
 0.132409D+03
 0.133554D+03
 0.134605D+03
 0.133616D+03
 0.133317D+03
 0.133110D+03
 0.131879D+03
 0.133059D+03
 0.134419D+03
 0.133674D+03
 0.133387D+03
 0.133398D+03
 0.132095D+03
 0.132562D+03
 0.134035D+03
 0.133975D+03
 0.133433D+03
 0.133304D+03
 0.132054D+03
 0.141362D+03
 0.142280D+03
 0.141402D+03
 0.141158D+03
 0.140858D+03
 0.140758D+03
 0.142168D+03
 0.143172D+03
 0.142188D+03
 0.142080D+03
 0.141670D+03
 0.141620D+03
 0.142624D+03
 0.143613D+03
 0.142679D+03
 0.142411D+03
 0.142417D+03
 0.141928D+03
 0.142768D+03
 0.143700D+03
 0.142941D+03
 0.142801D+03
 0.142718D+03
 0.142159D+03
 0.142993D+03
 0.143647D+03
 0.142919D+03
 0.142713D+03
 0.142463D+03
 0.142107D+03
 0.142640D+03
 0.143443D+03
 0.142433D+03
 0.142390D+03
 0.142063D+03
 0.141449D+03
 0.142184D+03
 0.142679D+03
 0.141729D+03
 0.141488D+03
 0.141331D+03
 0.140526D+03
 0.139730D+03
 0.140047D+03
 0.139927D+03
 0.138702D+03
 0.138783D+03
 0.138935D+03
 0.138431D+03
 0.138579D+03
 0.138447D+03
 0.137334D+03
 0.137318D+03
 0.137244D+03
 0.137719D+03
 0.137552D+03
 0.137232D+03
 0.136722D+03
 0.136068D+03
 0.135344D+03
 0.130630D+03
 0.131528D+03
 0.130734D+03
 0.130672D+03
 0.130002D+03
 0.129641D+03
 0.130723D+03
 0.131521D+03
 0.131004D+03
 0.130706D+03
 0.130249D+03
 0.129929D+03
 0.131018D+03
 0.131718D+03
 0.131136D+03
 0.130757D+03
 0.130425D+03
 0.130229D+03
 0.131390D+03
 0.132161D+03
 0.131768D+03
 0.131365D+03
 0.130929D+03
 0.130559D+03
 0.132093D+03
 0.132727D+03
 0.131892D+03
 0.131607D+03
 0.131555D+03
 0.130859D+03
 0.133101D+03
 0.133257D+03
 0.132759D+03
 0.132160D+03
 0.131879D+03
 0.131286D+03
 0.133591D+03
 0.133943D+03
 0.133028D+03
 0.132492D+03
 0.132314D+03
 0.131773D+03
 0.133469D+03
 0.134268D+03
 0.133321D+03
 0.133085D+03
 0.132905D+03
 0.131908D+03
 0.141193D+03
 0.142547D+03
 0.141377D+03
 0.140887D+03
 0.140550D+03
 0.140717D+03
 0.142198D+03
 0.142956D+03
 0.142257D+03
 0.142031D+03
 0.141793D+03
 0.140303D+03
 0.142545D+03
 0.143444D+03
 0.142691D+03
 0.142494D+03
 0.142399D+03
 0.142355D+03
 0.142876D+03
 0.143444D+03
 0.142908D+03
 0.142506D+03
 0.142762D+03
 0.142159D+03
 0.142835D+03
 0.143363D+03
 0.142801D+03
 0.142505D+03
 0.142461D+03
 0.142019D+03
 0.142542D+03
 0.142945D+03
 0.142131D+03
 0.142063D+03
 0.141717D+03
 0.141158D+03
 0.140550D+03
 0.140971D+03
 0.140220D+03
 0.139754D+03
 0.139947D+03
 0.140089D+03
 0.130172D+03
 0.130992D+03
 0.130278D+03
 0.129907D+03
 0.129530D+03
 0.129255D+03
 0.130474D+03
 0.131400D+03
 0.130661D+03
 0.130282D+03
 0.129899D+03
 0.129431D+03
 0.130745D+03
 0.131522D+03
 0.130835D+03
 0.130632D+03
 0.130094D+03
 0.129765D+03
 0.131080D+03
 0.131866D+03
 0.131215D+03
 0.130935D+03
 0.130479D+03
 0.129995D+03
 0.131943D+03
 0.132319D+03
 0.131459D+03
 0.131488D+03
 0.131153D+03
 0.130518D+03
 0.132405D+03
 0.132844D+03
 0.132135D+03
 0.131762D+03
 0.131440D+03
 0.130900D+03
 0.133128D+03
 0.133243D+03
 0.132395D+03
 0.132172D+03
 0.131832D+03
 0.131069D+03
 0.132782D+03
 0.133642D+03
 0.132695D+03
 0.132496D+03
 0.132121D+03
 0.131179D+03
 0.141494D+03
 0.142804D+03
 0.141504D+03
 0.141282D+03
 0.140482D+03
 0.141496D+03
 0.142145D+03
 0.143419D+03
 0.142378D+03
 0.142016D+03
 0.141654D+03
 0.141905D+03
 0.142528D+03
 0.143520D+03
 0.142511D+03
 0.142168D+03
 0.141960D+03
 0.142081D+03
 0.142679D+03
 0.143291D+03
 0.142672D+03
 0.142477D+03
 0.142238D+03
 0.141885D+03
 0.142185D+03
 0.142971D+03
 0.142240D+03
 0.141849D+03
 0.141192D+03
 0.141367D+03
 0.140881D+03
 0.141326D+03
 0.141611D+03
 0.140423D+03
 0.140595D+03
 0.140694D+03
 0.140638D+03
 0.140834D+03
 0.140143D+03
 0.139642D+03
 0.139639D+03
 0.139170D+03
 0.129789D+03
 0.130673D+03
 0.130003D+03
 0.129763D+03
 0.129312D+03
 0.128801D+03
 0.129966D+03
 0.130866D+03
 0.130456D+03
 0.130049D+03
 0.129319D+03
 0.128952D+03
 0.130286D+03
 0.130997D+03
 0.130539D+03
 0.130150D+03
 0.129622D+03
 0.129484D+03
 0.130764D+03
 0.131429D+03
 0.130769D+03
 0.130514D+03
 0.129969D+03
 0.129719D+03
 0.131161D+03
 0.131642D+03
 0.131304D+03
 0.130769D+03
 0.130477D+03
 0.130176D+03
 0.131935D+03
 0.132418D+03
 0.131702D+03
 0.131270D+03
 0.131000D+03
 0.130365D+03
 0.132653D+03
 0.132759D+03
 0.131787D+03
 0.131405D+03
 0.131083D+03
 0.130638D+03
 0.142287D+03
 0.143054D+03
 0.142327D+03
 0.142049D+03
 0.141546D+03
 0.141671D+03
 0.142363D+03
 0.142995D+03
 0.142390D+03
 0.141894D+03
 0.141226D+03
 0.142368D+03
 0.142067D+03
 0.142655D+03
 0.142411D+03
 0.141036D+03
 0.141374D+03
 0.141098D+03
 0.141594D+03
 0.141494D+03
 0.141830D+03
 0.140778D+03
 0.140923D+03
 0.140968D+03
 0.129648D+03
 0.130678D+03
 0.129866D+03
 0.129667D+03
 0.128965D+03
 0.128703D+03
 0.130021D+03
 0.130798D+03
 0.130008D+03
 0.129652D+03
 0.129143D+03
 0.129172D+03
 0.130362D+03
 0.131203D+03
 0.130470D+03
 0.129905D+03
 0.129436D+03
 0.129318D+03
 0.142086D+03
 0.142831D+03
 0.142228D+03
 0.140845D+03
 0.141111D+03
 0.141839D+03
 0.132537D+03
 0.133718D+03
 0.134023D+03
 0.133555D+03
 0.132291D+03
 0.131562D+03
 0.133100D+03
 0.134843D+03
 0.134037D+03
 0.133038D+03
 0.132130D+03
 0.135682D+03
 0.135334D+03
 0.133795D+03
 0.132814D+03
 0.138033D+03
 0.136766D+03
 0.136360D+03
 0.134648D+03
 0.134327D+03
 0.139153D+03
 0.138202D+03
 0.137667D+03
 0.135295D+03
 0.139303D+03
 0.139380D+03
 0.139474D+03
 0.139080D+03
 0.135667D+03
 0.135872D+03
 0.135955D+03
 0.135340D+03
 0.134026D+03
 0.132858D+03
 0.132937D+03
 0.133486D+03
 0.133476D+03
 0.133018D+03
 0.131816D+03
 0.131455D+03
 0.132396D+03
 0.132930D+03
 0.132931D+03
 0.132160D+03
 0.130527D+03
 0.130424D+03
 0.131267D+03
 0.132253D+03
 0.131988D+03
 0.131348D+03
 0.129782D+03
 0.129592D+03
 0.130764D+03
 0.132015D+03
 0.131167D+03
 0.130642D+03
 0.129130D+03
 0.128975D+03
 0.130384D+03
 0.131538D+03
 0.130744D+03
 0.130520D+03
 0.128595D+03
 0.128458D+03
 0.130211D+03
 0.131475D+03
 0.130620D+03
 0.130278D+03
 0.128355D+03
 0.128219D+03
 0.132929D+03
 0.134650D+03
 0.134066D+03
 0.133224D+03
 0.132320D+03
 0.135637D+03
 0.134886D+03
 0.134048D+03
 0.133228D+03
 0.137602D+03
 0.136877D+03
 0.136364D+03
 0.134829D+03
 0.133908D+03
 0.138277D+03
 0.138105D+03
 0.137794D+03
 0.135654D+03
 0.139601D+03
 0.139470D+03
 0.139527D+03
 0.139045D+03
 0.141275D+03
 0.142306D+03
 0.140896D+03
 0.140243D+03
 0.134423D+03
 0.134386D+03
 0.134636D+03
 0.134157D+03
 0.133004D+03
 0.132764D+03
 0.133491D+03
 0.133595D+03
 0.133649D+03
 0.133121D+03
 0.131725D+03
 0.131819D+03
 0.132190D+03
 0.132512D+03
 0.132787D+03
 0.131985D+03
 0.130706D+03
 0.130784D+03
 0.131507D+03
 0.132207D+03
 0.131736D+03
 0.131186D+03
 0.129732D+03
 0.129915D+03
 0.130815D+03
 0.131836D+03
 0.131396D+03
 0.130936D+03
 0.129381D+03
 0.129401D+03
 0.130419D+03
 0.131579D+03
 0.130990D+03
 0.130430D+03
 0.129082D+03
 0.129236D+03
 0.130164D+03
 0.131433D+03
 0.130738D+03
 0.130387D+03
 0.128933D+03
 0.128627D+03
 0.135222D+03
 0.135832D+03
 0.135403D+03
 0.134796D+03
 0.134244D+03
 0.137920D+03
 0.137366D+03
 0.136562D+03
 0.135368D+03
 0.134686D+03
 0.139297D+03
 0.138408D+03
 0.137945D+03
 0.136468D+03
 0.139762D+03
 0.139458D+03
 0.139765D+03
 0.139207D+03
 0.141568D+03
 0.142177D+03
 0.141020D+03
 0.140319D+03
 0.141328D+03
 0.143179D+03
 0.141726D+03
 0.141102D+03
 0.141958D+03
 0.142820D+03
 0.142582D+03
 0.141705D+03
 0.141756D+03
 0.141843D+03
 0.142493D+03
 0.143069D+03
 0.142751D+03
 0.142238D+03
 0.140850D+03
 0.141007D+03
 0.142185D+03
 0.142873D+03
 0.143033D+03
 0.142177D+03
 0.140681D+03
 0.140804D+03
 0.142126D+03
 0.142703D+03
 0.142662D+03
 0.141960D+03
 0.140414D+03
 0.140552D+03
 0.141839D+03
 0.142455D+03
 0.142428D+03
 0.141770D+03
 0.140222D+03
 0.140212D+03
 0.141261D+03
 0.141798D+03
 0.141571D+03
 0.141035D+03
 0.139955D+03
 0.139627D+03
 0.140927D+03
 0.141533D+03
 0.141162D+03
 0.140659D+03
 0.139367D+03
 0.138994D+03
 0.139324D+03
 0.139320D+03
 0.139581D+03
 0.138762D+03
 0.138455D+03
 0.137156D+03
 0.137643D+03
 0.137512D+03
 0.137727D+03
 0.137098D+03
 0.135998D+03
 0.136274D+03
 0.136087D+03
 0.136142D+03
 0.136495D+03
 0.135990D+03
 0.135291D+03
 0.134799D+03
 0.135021D+03
 0.135030D+03
 0.135040D+03
 0.134526D+03
 0.133489D+03
 0.133407D+03
 0.133559D+03
 0.133743D+03
 0.133983D+03
 0.133188D+03
 0.132391D+03
 0.132650D+03
 0.132360D+03
 0.133010D+03
 0.132998D+03
 0.132119D+03
 0.131374D+03
 0.131493D+03
 0.131449D+03
 0.132371D+03
 0.132107D+03
 0.131644D+03
 0.130822D+03
 0.130875D+03
 0.130918D+03
 0.132078D+03
 0.131664D+03
 0.131057D+03
 0.130141D+03
 0.130244D+03
 0.130653D+03
 0.131835D+03
 0.131270D+03
 0.130666D+03
 0.130028D+03
 0.130046D+03
 0.130438D+03
 0.131240D+03
 0.130777D+03
 0.130274D+03
 0.129589D+03
 0.129336D+03
 0.139792D+03
 0.139242D+03
 0.138410D+03
 0.137786D+03
 0.140251D+03
 0.140194D+03
 0.140286D+03
 0.139666D+03
 0.141031D+03
 0.142483D+03
 0.141351D+03
 0.140403D+03
 0.141704D+03
 0.142329D+03
 0.141996D+03
 0.141131D+03
 0.141756D+03
 0.142428D+03
 0.142492D+03
 0.141618D+03
 0.142571D+03
 0.142670D+03
 0.141917D+03
 0.142546D+03
 0.142895D+03
 0.141666D+03
 0.142752D+03
 0.142836D+03
 0.141577D+03
 0.142509D+03
 0.142557D+03
 0.141949D+03
 0.141429D+03
 0.141635D+03
 0.141736D+03
 0.142535D+03
 0.142747D+03
 0.141666D+03
 0.141375D+03
 0.141412D+03
 0.141719D+03
 0.142336D+03
 0.142254D+03
 0.141535D+03
 0.140859D+03
 0.140901D+03
 0.141467D+03
 0.141868D+03
 0.142094D+03
 0.141132D+03
 0.140689D+03
 0.140365D+03
 0.140780D+03
 0.141111D+03
 0.141295D+03
 0.140152D+03
 0.140439D+03
 0.140030D+03
 0.139529D+03
 0.139710D+03
 0.140004D+03
 0.139108D+03
 0.139141D+03
 0.138749D+03
 0.138542D+03
 0.137983D+03
 0.138637D+03
 0.137678D+03
 0.137896D+03
 0.137496D+03
 0.136937D+03
 0.137013D+03
 0.137253D+03
 0.136499D+03
 0.136487D+03
 0.136060D+03
 0.135453D+03
 0.135324D+03
 0.135651D+03
 0.135087D+03
 0.134713D+03
 0.134676D+03
 0.133853D+03
 0.134284D+03
 0.134627D+03
 0.133624D+03
 0.133489D+03
 0.133645D+03
 0.132821D+03
 0.133275D+03
 0.133621D+03
 0.132699D+03
 0.132474D+03
 0.132761D+03
 0.131843D+03
 0.132751D+03
 0.132859D+03
 0.132108D+03
 0.131828D+03
 0.132046D+03
 0.140589D+03
 0.140427D+03
 0.141137D+03
 0.139961D+03
 0.141782D+03
 0.143090D+03
 0.142016D+03
 0.140860D+03
 0.142044D+03
 0.142612D+03
 0.142591D+03
 0.141572D+03
 0.142450D+03
 0.142877D+03
 0.143119D+03
 0.141826D+03
 0.142476D+03
 0.142702D+03
 0.143209D+03
 0.142177D+03
 0.142259D+03
 0.143019D+03
 0.143487D+03
 0.141751D+03
 0.141962D+03
 0.142565D+03
 0.143250D+03
 0.141955D+03
 0.141920D+03
 0.142516D+03
 0.143063D+03
 0.141778D+03
 0.141816D+03
 0.142213D+03
 0.142517D+03
 0.141455D+03
 0.141051D+03
 0.141404D+03
 0.142189D+03
 0.141114D+03
 0.140421D+03
 0.140583D+03
 0.140863D+03
 0.139819D+03
 0.139170D+03
 0.139168D+03
 0.139617D+03
 0.138618D+03
 0.137706D+03
 0.137818D+03
 0.137998D+03
 0.137026D+03
 0.136069D+03
 0.136103D+03
 0.136506D+03
 0.135658D+03
 0.134581D+03
 0.134998D+03
 0.135245D+03
 0.134461D+03
 0.133495D+03
 0.134234D+03
 0.134246D+03
 0.133428D+03
 0.141549D+03
 0.141134D+03
 0.141821D+03
 0.140395D+03
 0.142563D+03
 0.142502D+03
 0.142739D+03
 0.141397D+03
 0.142450D+03
 0.143380D+03
 0.143168D+03
 0.141928D+03
 0.142918D+03
 0.143649D+03
 0.143569D+03
 0.142157D+03
 0.143159D+03
 0.143693D+03
 0.143747D+03
 0.142550D+03
 0.142680D+03
 0.143646D+03
 0.144114D+03
 0.142465D+03
 0.132050D+03
 0.132493D+03
 0.131087D+03
 0.130470D+03
 0.132681D+03
 0.133011D+03
 0.131495D+03
 0.130892D+03
 0.132895D+03
 0.134568D+03
 0.132749D+03
 0.135113D+03
 0.132056D+03
 0.135379D+03
 0.132293D+03
 0.129516D+03
 0.130618D+03
 0.129969D+03
 0.130096D+03
 0.130398D+03
 0.130523D+03
 0.130912D+03
 0.131182D+03
 0.131530D+03
 0.131751D+03
 0.132166D+03
 0.132614D+03
 0.132899D+03
 0.133560D+03
 0.133263D+03
 0.132036D+03
 0.134953D+03
 0.133295D+03
 0.132281D+03
 0.135393D+03
 0.132556D+03
 0.132672D+03
 0.135831D+03
 0.132956D+03
 0.133391D+03
 0.136316D+03
 0.134094D+03
 0.142162D+03
 0.140424D+03
 0.142111D+03
 0.141244D+03
 0.139491D+03
 0.140672D+03
 0.139654D+03
 0.137598D+03
 0.138760D+03
 0.130828D+03
 0.129644D+03
 0.130487D+03
 0.129184D+03
 0.130375D+03
 0.129172D+03
 0.131053D+03
 0.130397D+03
 0.129137D+03
 0.131071D+03
 0.130823D+03
 0.129501D+03
 0.130729D+03
 0.131185D+03
 0.130021D+03
 0.131211D+03
 0.131852D+03
 0.130332D+03
 0.131554D+03
 0.132300D+03
 0.130921D+03
 0.132275D+03
 0.133011D+03
 0.131146D+03
 0.133064D+03
 0.133613D+03
 0.131790D+03
 0.133851D+03
 0.133730D+03
 0.132848D+03
 0.135131D+03
 0.133383D+03
 0.133360D+03
 0.135473D+03
 0.132969D+03
 0.133705D+03
 0.136028D+03
 0.133743D+03
 0.134224D+03
 0.136246D+03
 0.135117D+03
 0.142587D+03
 0.141536D+03
 0.143008D+03
 0.142293D+03
 0.142710D+03
 0.143426D+03
 0.142750D+03
 0.143329D+03
 0.143305D+03
 0.142737D+03
 0.143636D+03
 0.143375D+03
 0.142695D+03
 0.143574D+03
 0.143172D+03
 0.142365D+03
 0.143143D+03
 0.142902D+03
 0.141707D+03
 0.142444D+03
 0.141728D+03
 0.140435D+03
 0.141138D+03
 0.139861D+03
 0.138609D+03
 0.139029D+03
 0.137781D+03
 0.136865D+03
 0.136929D+03
 0.136151D+03
 0.134896D+03
 0.135045D+03
 0.134343D+03
 0.133469D+03
 0.133680D+03
 0.132943D+03
 0.132369D+03
 0.131931D+03
 0.131488D+03
 0.131206D+03
 0.130783D+03
 0.130933D+03
 0.130517D+03
 0.130897D+03
 0.130364D+03
 0.131546D+03
 0.130791D+03
 0.130328D+03
 0.131645D+03
 0.130956D+03
 0.130281D+03
 0.131261D+03
 0.130918D+03
 0.130392D+03
 0.131064D+03
 0.131064D+03
 0.130661D+03
 0.131076D+03
 0.131576D+03
 0.131035D+03
 0.131345D+03
 0.132133D+03
 0.131351D+03
 0.132029D+03
 0.132947D+03
 0.131855D+03
 0.132532D+03
 0.133322D+03
 0.132290D+03
 0.133206D+03
 0.133997D+03
 0.132693D+03
 0.134406D+03
 0.133745D+03
 0.133502D+03
 0.135281D+03
 0.133880D+03
 0.133990D+03
 0.135452D+03
 0.133155D+03
 0.134444D+03
 0.136275D+03
 0.133282D+03
 0.135063D+03
 0.136481D+03
 0.136027D+03
 0.142925D+03
 0.142367D+03
 0.143284D+03
 0.142898D+03
 0.143053D+03
 0.143410D+03
 0.143429D+03
 0.143684D+03
 0.143729D+03
 0.143358D+03
 0.143768D+03
 0.143619D+03
 0.143494D+03
 0.143891D+03
 0.143553D+03
 0.143107D+03
 0.143571D+03
 0.142983D+03
 0.142452D+03
 0.142707D+03
 0.141920D+03
 0.140953D+03
 0.141268D+03
 0.140132D+03
 0.139316D+03
 0.139285D+03
 0.138137D+03
 0.137484D+03
 0.137379D+03
 0.136409D+03
 0.135703D+03
 0.135448D+03
 0.134793D+03
 0.134178D+03
 0.133831D+03
 0.133384D+03
 0.133208D+03
 0.132455D+03
 0.132332D+03
 0.131879D+03
 0.131878D+03
 0.131578D+03
 0.131473D+03
 0.131435D+03
 0.131303D+03
 0.132032D+03
 0.131156D+03
 0.131355D+03
 0.131968D+03
 0.131291D+03
 0.131121D+03
 0.131709D+03
 0.131376D+03
 0.131246D+03
 0.131318D+03
 0.131521D+03
 0.131559D+03
 0.131422D+03
 0.131801D+03
 0.131707D+03
 0.131773D+03
 0.132314D+03
 0.132270D+03
 0.132256D+03
 0.132982D+03
 0.132843D+03
 0.132708D+03
 0.133627D+03
 0.132959D+03
 0.133575D+03
 0.134139D+03
 0.133335D+03
 0.134287D+03
 0.133998D+03
 0.134101D+03
 0.135505D+03
 0.133942D+03
 0.134360D+03
 0.135547D+03
 0.133605D+03
 0.135093D+03
 0.136188D+03
 0.133700D+03
 0.135362D+03
 0.135901D+03
 0.136442D+03
 0.137616D+03
 0.137741D+03
 0.138985D+03
 0.139053D+03
 0.141231D+03
 0.141288D+03
 0.142311D+03
 0.142187D+03
 0.143092D+03
 0.142902D+03
 0.143435D+03
 0.143478D+03
 0.143190D+03
 0.143894D+03
 0.143878D+03
 0.143681D+03
 0.143956D+03
 0.143762D+03
 0.144108D+03
 0.143861D+03
 0.143645D+03
 0.143888D+03
 0.143371D+03
 0.143451D+03
 0.143525D+03
 0.142836D+03
 0.142823D+03
 0.142534D+03
 0.141690D+03
 0.141399D+03
 0.141156D+03
 0.140084D+03
 0.139763D+03
 0.139470D+03
 0.138244D+03
 0.137969D+03
 0.137449D+03
 0.136557D+03
 0.136167D+03
 0.135661D+03
 0.134832D+03
 0.135050D+03
 0.134322D+03
 0.133741D+03
 0.133867D+03
 0.132783D+03
 0.132872D+03
 0.132211D+03
 0.132518D+03
 0.131898D+03
 0.132285D+03
 0.131600D+03
 0.131967D+03
 0.132680D+03
 0.131672D+03
 0.131792D+03
 0.131988D+03
 0.131609D+03
 0.131946D+03
 0.131846D+03
 0.131599D+03
 0.131924D+03
 0.131410D+03
 0.131621D+03
 0.132098D+03
 0.131781D+03
 0.132036D+03
 0.132300D+03
 0.132028D+03
 0.132462D+03
 0.132756D+03
 0.132249D+03
 0.133166D+03
 0.133168D+03
 0.132908D+03
 0.133818D+03
 0.133416D+03
 0.133585D+03
 0.133958D+03
 0.133757D+03
 0.134250D+03
 0.133925D+03
 0.134401D+03
 0.135528D+03
 0.134007D+03
 0.134742D+03
 0.135665D+03
 0.133355D+03
 0.135332D+03
 0.136338D+03
 0.133754D+03
 0.136055D+03
 0.135842D+03
 0.136966D+03
 0.137631D+03
 0.138059D+03
 0.139415D+03
 0.139468D+03
 0.140583D+03
 0.140347D+03
 0.141490D+03
 0.141595D+03
 0.142233D+03
 0.142453D+03
 0.142960D+03
 0.143207D+03
 0.143554D+03
 0.143662D+03
 0.143159D+03
 0.143683D+03
 0.144090D+03
 0.143841D+03
 0.143731D+03
 0.144156D+03
 0.143870D+03
 0.143828D+03
 0.143955D+03
 0.143936D+03
 0.143306D+03
 0.143418D+03
 0.143671D+03
 0.142829D+03
 0.143007D+03
 0.142370D+03
 0.141739D+03
 0.141455D+03
 0.141269D+03
 0.139907D+03
 0.140048D+03
 0.139322D+03
 0.138363D+03
 0.138332D+03
 0.137532D+03
 0.136679D+03
 0.136787D+03
 0.135951D+03
 0.135124D+03
 0.135486D+03
 0.134425D+03
 0.133829D+03
 0.134335D+03
 0.133066D+03
 0.133557D+03
 0.132341D+03
 0.132998D+03
 0.132094D+03
 0.132646D+03
 0.132054D+03
 0.132519D+03
 0.132836D+03
 0.131918D+03
 0.132381D+03
 0.132455D+03
 0.132035D+03
 0.132280D+03
 0.132113D+03
 0.131731D+03
 0.132286D+03
 0.131851D+03
 0.131932D+03
 0.132565D+03
 0.131821D+03
 0.132108D+03
 0.132686D+03
 0.132145D+03
 0.132622D+03
 0.133035D+03
 0.132531D+03
 0.132996D+03
 0.133260D+03
 0.133011D+03
 0.133555D+03
 0.133665D+03
 0.133664D+03
 0.134159D+03
 0.134196D+03
 0.134311D+03
 0.134074D+03
 0.134681D+03
 0.135410D+03
 0.133896D+03
 0.135139D+03
 0.135805D+03
 0.133426D+03
 0.135555D+03
 0.136897D+03
 0.134198D+03
 0.136312D+03
 0.134823D+03
 0.137368D+03
 0.138012D+03
 0.138613D+03
 0.139326D+03
 0.139718D+03
 0.140139D+03
 0.140857D+03
 0.141382D+03
 0.141985D+03
 0.142263D+03
 0.142772D+03
 0.142840D+03
 0.143493D+03
 0.143345D+03
 0.143747D+03
 0.143207D+03
 0.143485D+03
 0.144151D+03
 0.143517D+03
 0.143572D+03
 0.144063D+03
 0.143955D+03
 0.143609D+03
 0.144074D+03
 0.143910D+03
 0.143116D+03
 0.143393D+03
 0.143423D+03
 0.142413D+03
 0.142816D+03
 0.142600D+03
 0.141389D+03
 0.141407D+03
 0.141049D+03
 0.139893D+03
 0.140201D+03
 0.139379D+03
 0.138128D+03
 0.138602D+03
 0.137637D+03
 0.136593D+03
 0.136875D+03
 0.136170D+03
 0.135082D+03
 0.135633D+03
 0.134831D+03
 0.133903D+03
 0.134613D+03
 0.133218D+03
 0.133634D+03
 0.132470D+03
 0.133321D+03
 0.132341D+03
 0.132856D+03
 0.132085D+03
 0.132428D+03
 0.132800D+03
 0.131728D+03
 0.132416D+03
 0.132409D+03
 0.131927D+03
 0.132337D+03
 0.132171D+03
 0.131809D+03
 0.132329D+03
 0.131765D+03
 0.131971D+03
 0.132517D+03
 0.131976D+03
 0.131931D+03
 0.132830D+03
 0.132104D+03
 0.132386D+03
 0.133076D+03
 0.132519D+03
 0.132883D+03
 0.133370D+03
 0.133076D+03
 0.133483D+03
 0.133784D+03
 0.133767D+03
 0.133871D+03
 0.134286D+03
 0.134525D+03
 0.134087D+03
 0.134488D+03
 0.135668D+03
 0.133891D+03
 0.134993D+03
 0.135917D+03
 0.134015D+03
 0.135942D+03
 0.136774D+03
 0.134150D+03
 0.136648D+03
 0.136222D+03
 0.137545D+03
 0.138068D+03
 0.138805D+03
 0.139362D+03
 0.139947D+03
 0.140850D+03
 0.140938D+03
 0.141345D+03
 0.142108D+03
 0.142173D+03
 0.142707D+03
 0.142811D+03
 0.143397D+03
 0.143105D+03
 0.143975D+03
 0.143027D+03
 0.143128D+03
 0.144076D+03
 0.143503D+03
 0.143193D+03
 0.144016D+03
 0.143699D+03
 0.143320D+03
 0.143849D+03
 0.143616D+03
 0.142876D+03
 0.143409D+03
 0.143189D+03
 0.142200D+03
 0.142634D+03
 0.142369D+03
 0.141201D+03
 0.141574D+03
 0.140939D+03
 0.140006D+03
 0.139924D+03
 0.139586D+03
 0.138378D+03
 0.138674D+03
 0.137735D+03
 0.136672D+03
 0.136788D+03
 0.136026D+03
 0.135189D+03
 0.135672D+03
 0.135026D+03
 0.134052D+03
 0.134622D+03
 0.132924D+03
 0.133912D+03
 0.132550D+03
 0.133305D+03
 0.132206D+03
 0.132700D+03
 0.131820D+03
 0.132816D+03
 0.133141D+03
 0.131913D+03
 0.132600D+03
 0.132668D+03
 0.131755D+03
 0.132365D+03
 0.132290D+03
 0.131790D+03
 0.132525D+03
 0.132000D+03
 0.131520D+03
 0.132613D+03
 0.131726D+03
 0.131773D+03
 0.132929D+03
 0.131924D+03
 0.132158D+03
 0.132873D+03
 0.132457D+03
 0.132814D+03
 0.133226D+03
 0.132795D+03
 0.133303D+03
 0.133725D+03
 0.133517D+03
 0.134020D+03
 0.134064D+03
 0.134711D+03
 0.133848D+03
 0.134687D+03
 0.135666D+03
 0.134137D+03
 0.134985D+03
 0.136027D+03
 0.133858D+03
 0.135812D+03
 0.136991D+03
 0.134387D+03
 0.136489D+03
 0.135129D+03
 0.137514D+03
 0.138056D+03
 0.138649D+03
 0.139554D+03
 0.139887D+03
 0.140582D+03
 0.140810D+03
 0.141224D+03
 0.141642D+03
 0.141829D+03
 0.142531D+03
 0.142292D+03
 0.143091D+03
 0.142635D+03
 0.143407D+03
 0.142979D+03
 0.143155D+03
 0.143643D+03
 0.143286D+03
 0.142986D+03
 0.143655D+03
 0.143845D+03
 0.142843D+03
 0.143549D+03
 0.143402D+03
 0.142543D+03
 0.143220D+03
 0.143037D+03
 0.142171D+03
 0.142368D+03
 0.142252D+03
 0.141203D+03
 0.141369D+03
 0.140888D+03
 0.139925D+03
 0.140093D+03
 0.139456D+03
 0.138440D+03
 0.138460D+03
 0.137785D+03
 0.136689D+03
 0.136969D+03
 0.136186D+03
 0.135028D+03
 0.135543D+03
 0.135001D+03
 0.133842D+03
 0.132691D+03
 0.130869D+03
 0.131725D+03
 0.132276D+03
 0.132894D+03
 0.131968D+03
 0.132521D+03
 0.131822D+03
 0.132435D+03
 0.132887D+03
 0.131426D+03
 0.132342D+03
 0.132554D+03
 0.131473D+03
 0.132255D+03
 0.132208D+03
 0.131304D+03
 0.132262D+03
 0.131723D+03
 0.131398D+03
 0.132216D+03
 0.131917D+03
 0.131555D+03
 0.132364D+03
 0.131771D+03
 0.132021D+03
 0.132739D+03
 0.132054D+03
 0.132611D+03
 0.133130D+03
 0.132981D+03
 0.133246D+03
 0.133668D+03
 0.133682D+03
 0.134033D+03
 0.134326D+03
 0.134672D+03
 0.133938D+03
 0.134582D+03
 0.135734D+03
 0.134279D+03
 0.135239D+03
 0.136137D+03
 0.133623D+03
 0.135614D+03
 0.136936D+03
 0.134191D+03
 0.136235D+03
 0.134814D+03
 0.137062D+03
 0.142453D+03
 0.142872D+03
 0.142603D+03
 0.142601D+03
 0.143267D+03
 0.143311D+03
 0.142777D+03
 0.143107D+03
 0.143496D+03
 0.142671D+03
 0.143054D+03
 0.143438D+03
 0.142558D+03
 0.142631D+03
 0.142967D+03
 0.141826D+03
 0.142040D+03
 0.142172D+03
 0.141165D+03
 0.141125D+03
 0.140878D+03
 0.139644D+03
 0.139829D+03
 0.139392D+03
 0.138261D+03
 0.138340D+03
 0.137567D+03
 0.136501D+03
 0.136583D+03
 0.136197D+03
 0.134795D+03
 0.133540D+03
 0.134684D+03
 0.131451D+03
 0.132237D+03
 0.130589D+03
 0.131377D+03
 0.130071D+03
 0.130802D+03
 0.129678D+03
 0.132122D+03
 0.131193D+03
 0.132100D+03
 0.132616D+03
 0.131305D+03
 0.131999D+03
 0.132297D+03
 0.131199D+03
 0.131727D+03
 0.131768D+03
 0.131011D+03
 0.131966D+03
 0.131511D+03
 0.131134D+03
 0.131693D+03
 0.131494D+03
 0.131627D+03
 0.131935D+03
 0.131598D+03
 0.132109D+03
 0.132420D+03
 0.132111D+03
 0.132718D+03
 0.132881D+03
 0.132717D+03
 0.133236D+03
 0.133462D+03
 0.133515D+03
 0.133409D+03
 0.134186D+03
 0.134612D+03
 0.133707D+03
 0.134244D+03
 0.135736D+03
 0.133769D+03
 0.134897D+03
 0.135978D+03
 0.133403D+03
 0.135034D+03
 0.136719D+03
 0.133799D+03
 0.135574D+03
 0.135561D+03
 0.136519D+03
 0.142033D+03
 0.142492D+03
 0.142463D+03
 0.142170D+03
 0.142876D+03
 0.143096D+03
 0.142654D+03
 0.142890D+03
 0.143215D+03
 0.142526D+03
 0.142635D+03
 0.143335D+03
 0.142213D+03
 0.142319D+03
 0.142863D+03
 0.141670D+03
 0.141940D+03
 0.142093D+03
 0.140946D+03
 0.140970D+03
 0.140751D+03
 0.139879D+03
 0.139394D+03
 0.139502D+03
 0.138001D+03
 0.138064D+03
 0.137612D+03
 0.134376D+03
 0.134908D+03
 0.134176D+03
 0.132436D+03
 0.133172D+03
 0.132381D+03
 0.130846D+03
 0.131780D+03
 0.130171D+03
 0.130768D+03
 0.129086D+03
 0.130399D+03
 0.128753D+03
 0.129930D+03
 0.130754D+03
 0.131375D+03
 0.132054D+03
 0.130891D+03
 0.131399D+03
 0.131892D+03
 0.130813D+03
 0.131391D+03
 0.131638D+03
 0.130885D+03
 0.131481D+03
 0.131350D+03
 0.130932D+03
 0.131426D+03
 0.131215D+03
 0.131283D+03
 0.131865D+03
 0.131620D+03
 0.131825D+03
 0.132160D+03
 0.132060D+03
 0.132506D+03
 0.132557D+03
 0.132730D+03
 0.133192D+03
 0.133162D+03
 0.133668D+03
 0.133406D+03
 0.133981D+03
 0.134509D+03
 0.133504D+03
 0.133955D+03
 0.135384D+03
 0.133351D+03
 0.134215D+03
 0.135709D+03
 0.132864D+03
 0.134532D+03
 0.136033D+03
 0.133384D+03
 0.134654D+03
 0.141771D+03
 0.142067D+03
 0.142420D+03
 0.142208D+03
 0.142508D+03
 0.142824D+03
 0.142411D+03
 0.142813D+03
 0.143256D+03
 0.142535D+03
 0.142614D+03
 0.143306D+03
 0.142277D+03
 0.142448D+03
 0.142769D+03
 0.141727D+03
 0.141715D+03
 0.141983D+03
 0.140952D+03
 0.140721D+03
 0.140763D+03
 0.137844D+03
 0.138940D+03
 0.137661D+03
 0.136152D+03
 0.136647D+03
 0.135805D+03
 0.134023D+03
 0.134488D+03
 0.133388D+03
 0.130500D+03
 0.130867D+03
 0.131288D+03
 0.130578D+03
 0.130919D+03
 0.131183D+03
 0.130427D+03
 0.131052D+03
 0.130933D+03
 0.130755D+03
 0.131198D+03
 0.130992D+03
 0.131219D+03
 0.131323D+03
 0.131224D+03
 0.131577D+03
 0.132050D+03
 0.131962D+03
 0.132398D+03
 0.132420D+03
 0.132686D+03
 0.133105D+03
 0.132997D+03
 0.133473D+03
 0.133138D+03
 0.133363D+03
 0.134573D+03
 0.133011D+03
 0.133183D+03
 0.134804D+03
 0.132543D+03
 0.133491D+03
 0.135072D+03
 0.132125D+03
 0.133448D+03
 0.135203D+03
 0.140956D+03
 0.141124D+03
 0.141684D+03
 0.141860D+03
 0.142577D+03
 0.142195D+03
 0.142453D+03
 0.142824D+03
 0.142503D+03
 0.142603D+03
 0.143300D+03
 0.142250D+03
 0.142586D+03
 0.143238D+03
 0.142082D+03
 0.142118D+03
 0.142590D+03
 0.141699D+03
 0.141443D+03
 0.141675D+03
 0.139116D+03
 0.140202D+03
 0.139027D+03
 0.137934D+03
 0.138530D+03
 0.137576D+03
 0.137089D+03
 0.136880D+03
 0.136233D+03
 0.130088D+03
 0.130469D+03
 0.130872D+03
 0.130331D+03
 0.130643D+03
 0.130648D+03
 0.130387D+03
 0.130755D+03
 0.130816D+03
 0.130935D+03
 0.131287D+03
 0.131014D+03
 0.131525D+03
 0.131701D+03
 0.131713D+03
 0.132164D+03
 0.132132D+03
 0.132481D+03
 0.133055D+03
 0.132595D+03
 0.133171D+03
 0.133167D+03
 0.132922D+03
 0.134169D+03
 0.140764D+03
 0.140960D+03
 0.141785D+03
 0.141833D+03
 0.142539D+03
 0.142198D+03
 0.142397D+03
 0.142916D+03
 0.142327D+03
 0.142514D+03
 0.143230D+03
 0.142448D+03
 0.142518D+03
 0.142922D+03
 0.141766D+03
 0.141971D+03
 0.142435D+03
 0.139758D+03
 0.140995D+03
 0.140198D+03
 0.129835D+03
 0.130146D+03
 0.130273D+03
 0.129858D+03
 0.130224D+03
 0.130323D+03
 0.130264D+03
 0.130456D+03
 0.130352D+03
 0.130681D+03
 0.131110D+03
 0.130721D+03
 0.131330D+03
 0.131348D+03
 0.131364D+03
 0.131772D+03
 0.131758D+03
 0.131772D+03
 0.132451D+03
 0.132103D+03
 0.132719D+03
 0.132756D+03
 0.132421D+03
 0.133349D+03
 0.140943D+03
 0.141085D+03
 0.141918D+03
 0.141915D+03
 0.142565D+03
 0.142068D+03
 0.142513D+03
 0.142667D+03
 0.142140D+03
 0.142238D+03
 0.142770D+03
 0.141966D+03
 0.142081D+03
 0.142151D+03
 0.140208D+03
 0.141173D+03
 0.140713D+03
 0.139938D+03
 0.139722D+03
 0.139394D+03
 0.129295D+03
 0.129581D+03
 0.129907D+03
 0.129808D+03
 0.129957D+03
 0.129779D+03
 0.129939D+03
 0.130182D+03
 0.130071D+03
 0.130262D+03
 0.130622D+03
 0.130152D+03
 0.130902D+03
 0.130842D+03
 0.130777D+03
 0.131347D+03
 0.131278D+03
 0.131432D+03
 0.131727D+03
 0.131592D+03
 0.132140D+03
 0.141695D+03
 0.141958D+03
 0.142337D+03
 0.141808D+03
 0.142292D+03
 0.142241D+03
 0.141698D+03
 0.141949D+03
 0.141339D+03
 0.140554D+03
 0.141745D+03
 0.141195D+03
 0.129436D+03
 0.129662D+03
 0.129650D+03
 0.129437D+03
 0.129948D+03
 0.129490D+03
 0.129958D+03
 0.130039D+03
 0.129913D+03
 0.141543D+03
 0.141887D+03
 0.141209D+03
 0.132672D+03
 0.133763D+03
 0.134445D+03
 0.132635D+03
 0.134431D+03
 0.134516D+03
 0.135566D+03
 0.136345D+03
 0.136646D+03
 0.138061D+03
 0.138276D+03
 0.139487D+03
 0.139396D+03
 0.135341D+03
 0.135734D+03
 0.134849D+03
 0.132686D+03
 0.133658D+03
 0.132297D+03
 0.131921D+03
 0.132382D+03
 0.131082D+03
 0.131758D+03
 0.130436D+03
 0.130929D+03
 0.130104D+03
 0.130882D+03
 0.130100D+03
 0.130941D+03
 0.129734D+03
 0.132457D+03
 0.134397D+03
 0.134307D+03
 0.135354D+03
 0.136288D+03
 0.136769D+03
 0.138065D+03
 0.138309D+03
 0.139168D+03
 0.139516D+03
 0.140148D+03
 0.140722D+03
 0.134072D+03
 0.134669D+03
 0.133533D+03
 0.133099D+03
 0.133495D+03
 0.132289D+03
 0.131800D+03
 0.132585D+03
 0.130920D+03
 0.131824D+03
 0.130300D+03
 0.131179D+03
 0.130099D+03
 0.131042D+03
 0.130052D+03
 0.130797D+03
 0.130131D+03
 0.133540D+03
 0.135720D+03
 0.136412D+03
 0.137258D+03
 0.138245D+03
 0.138637D+03
 0.139105D+03
 0.139829D+03
 0.140031D+03
 0.141001D+03
 0.140996D+03
 0.141794D+03
 0.141526D+03
 0.142200D+03
 0.141808D+03
 0.142588D+03
 0.141201D+03
 0.141771D+03
 0.142772D+03
 0.141496D+03
 0.141636D+03
 0.142851D+03
 0.141555D+03
 0.141431D+03
 0.142069D+03
 0.141030D+03
 0.140838D+03
 0.141536D+03
 0.140179D+03
 0.140507D+03
 0.140984D+03
 0.139705D+03
 0.138912D+03
 0.139612D+03
 0.139589D+03
 0.137322D+03
 0.137924D+03
 0.138641D+03
 0.135554D+03
 0.136452D+03
 0.135576D+03
 0.134497D+03
 0.135072D+03
 0.133880D+03
 0.133028D+03
 0.133913D+03
 0.132957D+03
 0.131977D+03
 0.132861D+03
 0.131275D+03
 0.131986D+03
 0.130619D+03
 0.131871D+03
 0.130457D+03
 0.131284D+03
 0.129917D+03
 0.130836D+03
 0.130883D+03
 0.138506D+03
 0.139012D+03
 0.139492D+03
 0.140488D+03
 0.140311D+03
 0.141125D+03
 0.140871D+03
 0.141977D+03
 0.141531D+03
 0.142286D+03
 0.141616D+03
 0.142577D+03
 0.142594D+03
 0.141313D+03
 0.142300D+03
 0.142135D+03
 0.141131D+03
 0.142683D+03
 0.141616D+03
 0.141195D+03
 0.142303D+03
 0.141548D+03
 0.141103D+03
 0.142148D+03
 0.140816D+03
 0.140110D+03
 0.141191D+03
 0.140614D+03
 0.139039D+03
 0.139809D+03
 0.140792D+03
 0.137600D+03
 0.138394D+03
 0.137987D+03
 0.136489D+03
 0.136877D+03
 0.136500D+03
 0.134913D+03
 0.135689D+03
 0.135272D+03
 0.133525D+03
 0.134257D+03
 0.133994D+03
 0.132441D+03
 0.133398D+03
 0.131619D+03
 0.132625D+03
 0.140346D+03
 0.140814D+03
 0.141047D+03
 0.141662D+03
 0.141440D+03
 0.142202D+03
 0.141778D+03
 0.142826D+03
 0.141935D+03
 0.142959D+03
 0.141757D+03
 0.143107D+03
 0.143034D+03
 0.141605D+03
 0.143096D+03
 0.143479D+03
 0.141575D+03
 0.142772D+03
 0.143218D+03
 0.141429D+03
 0.142412D+03
 0.143229D+03
 0.140547D+03
 0.141728D+03
 0.143034D+03
 0.140066D+03
 0.140707D+03
 0.141061D+03
 0.138611D+03
 0.139324D+03
 0.139683D+03
 0.137177D+03
 0.137745D+03
 0.138025D+03
 0.135501D+03
 0.136245D+03
 0.136373D+03
 0.134165D+03
 0.135027D+03
 0.132950D+03
 0.134060D+03
 0.140923D+03
 0.141277D+03
 0.142083D+03
 0.142456D+03
 0.142432D+03
 0.142239D+03
 0.131296D+03
 0.131990D+03
 0.131965D+03
 0.132779D+03
