 0.142063D+03
 0.141359D+03
 0.138671D+03
 0.138648D+03
 0.140981D+03
 0.141282D+03
 0.142078D+03
 0.141335D+03
 0.139135D+03
 0.138929D+03
 0.141377D+03
 0.141632D+03
 0.141530D+03
 0.140353D+03
 0.139372D+03
 0.139199D+03
 0.141666D+03
 0.141872D+03
 0.138489D+03
 0.138221D+03
 0.135996D+03
 0.135678D+03
 0.138234D+03
 0.138799D+03
 0.138570D+03
 0.138086D+03
 0.136110D+03
 0.135829D+03
 0.138266D+03
 0.139034D+03
 0.138837D+03
 0.138286D+03
 0.136202D+03
 0.136153D+03
 0.138706D+03
 0.139292D+03
 0.139237D+03
 0.138763D+03
 0.136584D+03
 0.136386D+03
 0.139025D+03
 0.139301D+03
 0.139858D+03
 0.139241D+03
 0.137148D+03
 0.136941D+03
 0.139685D+03
 0.139725D+03
 0.140318D+03
 0.139859D+03
 0.137443D+03
 0.137293D+03
 0.140024D+03
 0.140386D+03
 0.140915D+03
 0.140489D+03
 0.138053D+03
 0.137761D+03
 0.140469D+03
 0.140574D+03
 0.141697D+03
 0.141046D+03
 0.138316D+03
 0.138169D+03
 0.140733D+03
 0.140951D+03
 0.142855D+03
 0.142041D+03
 0.139956D+03
 0.139944D+03
 0.141776D+03
 0.141847D+03
 0.142478D+03
 0.141914D+03
 0.139903D+03
 0.140145D+03
 0.141921D+03
 0.142181D+03
 0.142292D+03
 0.140999D+03
 0.140404D+03
 0.140657D+03
 0.142154D+03
 0.142608D+03
 0.139367D+03
 0.138886D+03
 0.137123D+03
 0.137312D+03
 0.138986D+03
 0.139509D+03
 0.139444D+03
 0.139011D+03
 0.137436D+03
 0.137481D+03
 0.139218D+03
 0.139788D+03
 0.139431D+03
 0.139332D+03
 0.137616D+03
 0.137726D+03
 0.139282D+03
 0.139906D+03
 0.139762D+03
 0.139535D+03
 0.138013D+03
 0.138125D+03
 0.139768D+03
 0.140002D+03
 0.140401D+03
 0.139941D+03
 0.138213D+03
 0.138338D+03
 0.140406D+03
 0.140353D+03
 0.141213D+03
 0.140493D+03
 0.138856D+03
 0.138745D+03
 0.140955D+03
 0.141055D+03
 0.141721D+03
 0.141282D+03
 0.139065D+03
 0.139106D+03
 0.141073D+03
 0.141209D+03
 0.142513D+03
 0.141676D+03
 0.139547D+03
 0.139511D+03
 0.141667D+03
 0.141672D+03
 0.143445D+03
 0.142427D+03
 0.140527D+03
 0.140950D+03
 0.142204D+03
 0.142222D+03
 0.143012D+03
 0.141957D+03
 0.140933D+03
 0.141216D+03
 0.142272D+03
 0.142520D+03
 0.142642D+03
 0.141517D+03
 0.141399D+03
 0.141537D+03
 0.142638D+03
 0.143029D+03
 0.150790D+03
 0.150318D+03
 0.148794D+03
 0.149065D+03
 0.150451D+03
 0.150426D+03
 0.149301D+03
 0.148862D+03
 0.147150D+03
 0.147343D+03
 0.148637D+03
 0.148651D+03
 0.147382D+03
 0.146824D+03
 0.145212D+03
 0.145517D+03
 0.146701D+03
 0.146482D+03
 0.145257D+03
 0.144870D+03
 0.143343D+03
 0.143447D+03
 0.144660D+03
 0.144637D+03
 0.143503D+03
 0.143237D+03
 0.141891D+03
 0.142151D+03
 0.143093D+03
 0.142977D+03
 0.142020D+03
 0.141747D+03
 0.140532D+03
 0.140845D+03
 0.142007D+03
 0.141679D+03
 0.141042D+03
 0.140706D+03
 0.139510D+03
 0.139981D+03
 0.140927D+03
 0.141015D+03
 0.140447D+03
 0.139875D+03
 0.138684D+03
 0.139095D+03
 0.140449D+03
 0.140696D+03
 0.140071D+03
 0.139579D+03
 0.138636D+03
 0.138861D+03
 0.139983D+03
 0.140410D+03
 0.140017D+03
 0.139468D+03
 0.138220D+03
 0.138671D+03
 0.139869D+03
 0.140293D+03
 0.139893D+03
 0.139344D+03
 0.138294D+03
 0.138466D+03
 0.139664D+03
 0.140128D+03
 0.139786D+03
 0.139395D+03
 0.138372D+03
 0.138449D+03
 0.139615D+03
 0.140070D+03
 0.140004D+03
 0.139437D+03
 0.138549D+03
 0.138719D+03
 0.139731D+03
 0.140089D+03
 0.139880D+03
 0.139639D+03
 0.138761D+03
 0.138798D+03
 0.140053D+03
 0.140153D+03
 0.140224D+03
 0.139930D+03
 0.138836D+03
 0.139166D+03
 0.140364D+03
 0.140569D+03
 0.140768D+03
 0.140351D+03
 0.139466D+03
 0.139367D+03
 0.140771D+03
 0.140867D+03
 0.141354D+03
 0.141061D+03
 0.139645D+03
 0.139761D+03
 0.141192D+03
 0.141350D+03
 0.142243D+03
 0.141689D+03
 0.140178D+03
 0.140249D+03
 0.141668D+03
 0.141766D+03
 0.142701D+03
 0.142059D+03
 0.140434D+03
 0.140581D+03
 0.142037D+03
 0.142175D+03
 0.143368D+03
 0.142587D+03
 0.141392D+03
 0.141772D+03
 0.142277D+03
 0.142644D+03
 0.143290D+03
 0.142439D+03
 0.141699D+03
 0.141942D+03
 0.142670D+03
 0.142630D+03
 0.142823D+03
 0.142182D+03
 0.142281D+03
 0.142383D+03
 0.143047D+03
 0.143187D+03
 0.142508D+03
 0.142478D+03
 0.143010D+03
 0.143535D+03
 0.143970D+03
 0.152532D+03
 0.151985D+03
 0.151151D+03
 0.151425D+03
 0.152853D+03
 0.153168D+03
 0.151962D+03
 0.151613D+03
 0.150533D+03
 0.150792D+03
 0.152077D+03
 0.152210D+03
 0.150907D+03
 0.150405D+03
 0.149312D+03
 0.149441D+03
 0.150949D+03
 0.150700D+03
 0.149328D+03
 0.148980D+03
 0.147793D+03
 0.147908D+03
 0.149046D+03
 0.148930D+03
 0.147596D+03
 0.147084D+03
 0.145950D+03
 0.146128D+03
 0.147049D+03
 0.147023D+03
 0.145603D+03
 0.145150D+03
 0.144215D+03
 0.144395D+03
 0.145237D+03
 0.144949D+03
 0.143882D+03
 0.143680D+03
 0.142685D+03
 0.142782D+03
 0.143520D+03
 0.143683D+03
 0.142493D+03
 0.142156D+03
 0.141332D+03
 0.141573D+03
 0.142413D+03
 0.142144D+03
 0.141483D+03
 0.140987D+03
 0.140616D+03
 0.140989D+03
 0.141757D+03
 0.141563D+03
 0.141047D+03
 0.140401D+03
 0.140083D+03
 0.140106D+03
 0.141040D+03
 0.141017D+03
 0.140668D+03
 0.140102D+03
 0.139508D+03
 0.139986D+03
 0.140717D+03
 0.141119D+03
 0.140504D+03
 0.139910D+03
 0.139288D+03
 0.139730D+03
 0.140529D+03
 0.140789D+03
 0.140373D+03
 0.139849D+03
 0.139492D+03
 0.139623D+03
 0.140325D+03
 0.140817D+03
 0.140186D+03
 0.139852D+03
 0.139297D+03
 0.139441D+03
 0.140181D+03
 0.140725D+03
 0.140333D+03
 0.140028D+03
 0.139381D+03
 0.139729D+03
 0.140258D+03
 0.140468D+03
 0.140325D+03
 0.139996D+03
 0.139392D+03
 0.140034D+03
 0.140775D+03
 0.140973D+03
 0.140555D+03
 0.140203D+03
 0.139764D+03
 0.140074D+03
 0.140838D+03
 0.141106D+03
 0.140932D+03
 0.140617D+03
 0.140038D+03
 0.140243D+03
 0.141155D+03
 0.141218D+03
 0.141567D+03
 0.141284D+03
 0.140358D+03
 0.140693D+03
 0.141562D+03
 0.141657D+03
 0.142313D+03
 0.141817D+03
 0.140773D+03
 0.140981D+03
 0.141744D+03
 0.141941D+03
 0.143025D+03
 0.142323D+03
 0.141237D+03
 0.141426D+03
 0.142189D+03
 0.142520D+03
 0.143475D+03
 0.142597D+03
 0.141999D+03
 0.142156D+03
 0.142764D+03
 0.142893D+03
 0.143416D+03
 0.142614D+03
 0.142438D+03
 0.142391D+03
 0.142918D+03
 0.143153D+03
 0.143125D+03
 0.142494D+03
 0.142875D+03
 0.142826D+03
 0.143232D+03
 0.143620D+03
 0.142791D+03
 0.143340D+03
 0.143522D+03
 0.144144D+03
 0.144260D+03
 0.144242D+03
 0.144537D+03
 0.144561D+03
 0.144769D+03
 0.152026D+03
 0.151847D+03
 0.151382D+03
 0.151446D+03
 0.152023D+03
 0.152685D+03
 0.152177D+03
 0.151757D+03
 0.151892D+03
 0.152668D+03
 0.153001D+03
 0.152321D+03
 0.151990D+03
 0.152191D+03
 0.153112D+03
 0.153524D+03
 0.153053D+03
 0.152763D+03
 0.152199D+03
 0.152392D+03
 0.153463D+03
 0.153731D+03
 0.153182D+03
 0.152606D+03
 0.151977D+03
 0.152291D+03
 0.153427D+03
 0.153649D+03
 0.152522D+03
 0.152198D+03
 0.151703D+03
 0.152045D+03
 0.153130D+03
 0.153240D+03
 0.151968D+03
 0.151638D+03
 0.150987D+03
 0.151254D+03
 0.152269D+03
 0.152307D+03
 0.150860D+03
 0.150520D+03
 0.149954D+03
 0.149858D+03
 0.150870D+03
 0.150803D+03
 0.149503D+03
 0.149314D+03
 0.148172D+03
 0.148546D+03
 0.149264D+03
 0.149162D+03
 0.147751D+03
 0.147284D+03
 0.146546D+03
 0.146635D+03
 0.147415D+03
 0.147175D+03
 0.145965D+03
 0.145734D+03
 0.144758D+03
 0.145042D+03
 0.145728D+03
 0.145381D+03
 0.144184D+03
 0.143885D+03
 0.143306D+03
 0.143442D+03
 0.144068D+03
 0.143842D+03
 0.142867D+03
 0.142396D+03
 0.142231D+03
 0.142517D+03
 0.142967D+03
 0.142843D+03
 0.141867D+03
 0.141375D+03
 0.141166D+03
 0.141569D+03
 0.142284D+03
 0.142068D+03
 0.141277D+03
 0.141138D+03
 0.140842D+03
 0.140866D+03
 0.141636D+03
 0.141762D+03
 0.140977D+03
 0.140471D+03
 0.140387D+03
 0.140613D+03
 0.141314D+03
 0.141420D+03
 0.141066D+03
 0.140479D+03
 0.140125D+03
 0.140388D+03
 0.141031D+03
 0.141304D+03
 0.141016D+03
 0.140412D+03
 0.140151D+03
 0.140501D+03
 0.140805D+03
 0.141109D+03
 0.140719D+03
 0.140257D+03
 0.140292D+03
 0.140246D+03
 0.140582D+03
 0.141197D+03
 0.140862D+03
 0.140267D+03
 0.140179D+03
 0.140281D+03
 0.140779D+03
 0.141056D+03
 0.140821D+03
 0.140322D+03
 0.140140D+03
 0.140300D+03
 0.140771D+03
 0.141249D+03
 0.140809D+03
 0.140469D+03
 0.140640D+03
 0.140501D+03
 0.141311D+03
 0.141414D+03
 0.141493D+03
 0.141110D+03
 0.140857D+03
 0.140864D+03
 0.141418D+03
 0.141549D+03
 0.141896D+03
 0.141435D+03
 0.141063D+03
 0.141176D+03
 0.141727D+03
 0.141834D+03
 0.142594D+03
 0.142114D+03
 0.141504D+03
 0.141604D+03
 0.142423D+03
 0.142326D+03
 0.143110D+03
 0.142380D+03
 0.141688D+03
 0.141740D+03
 0.142356D+03
 0.142568D+03
 0.143617D+03
 0.142762D+03
 0.142509D+03
 0.142629D+03
 0.143011D+03
 0.142984D+03
 0.143773D+03
 0.142559D+03
 0.142842D+03
 0.142874D+03
 0.143315D+03
 0.143386D+03
 0.143361D+03
 0.142193D+03
 0.143337D+03
 0.143375D+03
 0.143755D+03
 0.143938D+03
 0.143083D+03
 0.143882D+03
 0.143933D+03
 0.144588D+03
 0.144875D+03
 0.144786D+03
 0.145068D+03
 0.145080D+03
 0.145118D+03
 0.146034D+03
 0.146195D+03
 0.145872D+03
 0.146215D+03
 0.147526D+03
 0.147396D+03
 0.147405D+03
 0.147330D+03
 0.147643D+03
 0.152344D+03
 0.151804D+03
 0.151768D+03
 0.151856D+03
 0.152596D+03
 0.152681D+03
 0.152376D+03
 0.152273D+03
 0.152438D+03
 0.153120D+03
 0.152977D+03
 0.152568D+03
 0.152323D+03
 0.152396D+03
 0.153321D+03
 0.153687D+03
 0.153117D+03
 0.152784D+03
 0.152846D+03
 0.152562D+03
 0.153803D+03
 0.153838D+03
 0.153043D+03
 0.152761D+03
 0.152471D+03
 0.152584D+03
 0.153460D+03
 0.153690D+03
 0.152656D+03
 0.152204D+03
 0.152015D+03
 0.152183D+03
 0.153030D+03
 0.153534D+03
 0.152070D+03
 0.151615D+03
 0.151223D+03
 0.151404D+03
 0.152280D+03
 0.152605D+03
 0.150990D+03
 0.150526D+03
 0.150040D+03
 0.150087D+03
 0.150907D+03
 0.150992D+03
 0.149711D+03
 0.149074D+03
 0.148539D+03
 0.148702D+03
 0.149497D+03
 0.149139D+03
 0.147900D+03
 0.147607D+03
 0.146660D+03
 0.146848D+03
 0.147778D+03
 0.147553D+03
 0.146197D+03
 0.145818D+03
 0.145218D+03
 0.145330D+03
 0.145883D+03
 0.145791D+03
 0.144432D+03
 0.144413D+03
 0.143654D+03
 0.144071D+03
 0.144537D+03
 0.144261D+03
 0.143238D+03
 0.142993D+03
 0.142588D+03
 0.142868D+03
 0.143404D+03
 0.143181D+03
 0.142237D+03
 0.141711D+03
 0.141751D+03
 0.141918D+03
 0.142285D+03
 0.142523D+03
 0.141756D+03
 0.141194D+03
 0.141169D+03
 0.141451D+03
 0.142172D+03
 0.141903D+03
 0.141579D+03
 0.140814D+03
 0.141122D+03
 0.141001D+03
 0.141862D+03
 0.141864D+03
 0.141410D+03
 0.140939D+03
 0.140861D+03
 0.140979D+03
 0.141363D+03
 0.142004D+03
 0.141273D+03
 0.140849D+03
 0.140591D+03
 0.140839D+03
 0.141153D+03
 0.141625D+03
 0.141138D+03
 0.140658D+03
 0.140554D+03
 0.140738D+03
 0.140958D+03
 0.141421D+03
 0.141149D+03
 0.140626D+03
 0.140404D+03
 0.140730D+03
 0.141245D+03
 0.141412D+03
 0.141015D+03
 0.140534D+03
 0.140603D+03
 0.140744D+03
 0.141048D+03
 0.141646D+03
 0.141201D+03
 0.140686D+03
 0.140852D+03
 0.140950D+03
 0.141327D+03
 0.141638D+03
 0.141474D+03
 0.141099D+03
 0.141089D+03
 0.141377D+03
 0.141750D+03
 0.142065D+03
 0.142008D+03
 0.141730D+03
 0.141375D+03
 0.141615D+03
 0.142061D+03
 0.142162D+03
 0.142611D+03
 0.141994D+03
 0.141527D+03
 0.141814D+03
 0.142420D+03
 0.142672D+03
 0.143302D+03
 0.142574D+03
 0.142124D+03
 0.142185D+03
 0.142685D+03
 0.142802D+03
 0.143830D+03
 0.142910D+03
 0.142696D+03
 0.142751D+03
 0.143316D+03
 0.143377D+03
 0.143963D+03
 0.142476D+03
 0.143027D+03
 0.143444D+03
 0.143533D+03
 0.143639D+03
 0.143504D+03
 0.142788D+03
 0.143523D+03
 0.143909D+03
 0.144194D+03
 0.144458D+03
 0.143307D+03
 0.144413D+03
 0.144634D+03
 0.144765D+03
 0.145167D+03
 0.145125D+03
 0.145447D+03
 0.145669D+03
 0.145660D+03
 0.146418D+03
 0.146653D+03
 0.146310D+03
 0.146742D+03
 0.147951D+03
 0.147727D+03
 0.148098D+03
 0.147796D+03
 0.148009D+03
 0.149982D+03
 0.149340D+03
 0.149139D+03
 0.149275D+03
 0.151183D+03
 0.150758D+03
 0.150301D+03
 0.150707D+03
 0.151977D+03
 0.151242D+03
 0.151204D+03
 0.151380D+03
 0.152182D+03
 0.151967D+03
 0.151784D+03
 0.152141D+03
 0.152715D+03
 0.152591D+03
 0.152397D+03
 0.152435D+03
 0.152559D+03
 0.153027D+03
 0.152890D+03
 0.152601D+03
 0.152808D+03
 0.152971D+03
 0.153470D+03
 0.153811D+03
 0.153022D+03
 0.152688D+03
 0.152598D+03
 0.152991D+03
 0.153749D+03
 0.153927D+03
 0.153076D+03
 0.152513D+03
 0.152301D+03
 0.152704D+03
 0.153708D+03
 0.153805D+03
 0.152385D+03
 0.151992D+03
 0.152000D+03
 0.152426D+03
 0.153395D+03
 0.153526D+03
 0.152011D+03
 0.151478D+03
 0.151158D+03
 0.151531D+03
 0.152387D+03
 0.152433D+03
 0.151081D+03
 0.150570D+03
 0.150197D+03
 0.150226D+03
 0.151021D+03
 0.151134D+03
 0.149701D+03
 0.149235D+03
 0.148569D+03
 0.149017D+03
 0.149470D+03
 0.149518D+03
 0.148308D+03
 0.147566D+03
 0.147248D+03
 0.147236D+03
 0.147925D+03
 0.147900D+03
 0.146473D+03
 0.146051D+03
 0.145507D+03
 0.145610D+03
 0.146085D+03
 0.145948D+03
 0.144909D+03
 0.144629D+03
 0.144203D+03
 0.144072D+03
 0.144826D+03
 0.144601D+03
 0.143322D+03
 0.142983D+03
 0.143278D+03
 0.143061D+03
 0.143713D+03
 0.143489D+03
 0.142221D+03
 0.142209D+03
 0.142258D+03
 0.142411D+03
 0.143010D+03
 0.142783D+03
 0.142088D+03
 0.141329D+03
 0.141646D+03
 0.141953D+03
 0.142293D+03
 0.142364D+03
 0.141858D+03
 0.141101D+03
 0.141373D+03
 0.141521D+03
 0.141891D+03
 0.142282D+03
 0.141473D+03
 0.140840D+03
 0.141331D+03
 0.141267D+03
 0.141610D+03
 0.142330D+03
 0.141531D+03
 0.140999D+03
 0.140948D+03
 0.141252D+03
 0.141516D+03
 0.141878D+03
 0.141397D+03
 0.140651D+03
 0.140975D+03
 0.141278D+03
 0.141195D+03
 0.142050D+03
 0.141327D+03
 0.141034D+03
 0.140774D+03
 0.141058D+03
 0.141460D+03
 0.141801D+03
 0.140893D+03
 0.140580D+03
 0.141128D+03
 0.141247D+03
 0.141210D+03
 0.141766D+03
 0.141315D+03
 0.140848D+03
 0.141117D+03
 0.141307D+03
 0.141435D+03
 0.141819D+03
 0.141508D+03
 0.141008D+03
 0.141237D+03
 0.141434D+03
 0.141998D+03
 0.142060D+03
 0.142198D+03
 0.141536D+03
 0.141544D+03
 0.141619D+03
 0.142299D+03
 0.142213D+03
 0.142529D+03
 0.142252D+03
 0.141882D+03
 0.142161D+03
 0.142450D+03
 0.142695D+03
 0.143318D+03
 0.142781D+03
 0.142410D+03
 0.142573D+03
 0.142754D+03
 0.142943D+03
 0.143820D+03
 0.143188D+03
 0.142934D+03
 0.142855D+03
 0.143377D+03
 0.143400D+03
 0.143881D+03
 0.142690D+03
 0.143459D+03
 0.143560D+03
 0.143882D+03
 0.143936D+03
 0.143855D+03
 0.143114D+03
 0.143838D+03
 0.143912D+03
 0.144465D+03
 0.144705D+03
 0.143645D+03
 0.144767D+03
 0.144780D+03
 0.145199D+03
 0.145573D+03
 0.145634D+03
 0.145804D+03
 0.145807D+03
 0.145828D+03
 0.146551D+03
 0.147058D+03
 0.146441D+03
 0.146809D+03
 0.148049D+03
 0.148072D+03
 0.148237D+03
 0.148029D+03
 0.148238D+03
 0.149954D+03
 0.149478D+03
 0.149234D+03
 0.149416D+03
 0.150861D+03
 0.150809D+03
 0.150624D+03
 0.150697D+03
 0.152147D+03
 0.151352D+03
 0.151345D+03
 0.151357D+03
 0.152476D+03
 0.151850D+03
 0.152087D+03
 0.152043D+03
 0.152783D+03
 0.152601D+03
 0.152177D+03
 0.152266D+03
 0.152410D+03
 0.152890D+03
 0.152957D+03
 0.152394D+03
 0.152640D+03
 0.152508D+03
 0.153426D+03
 0.153724D+03
 0.152913D+03
 0.152396D+03
 0.152619D+03
 0.152724D+03
 0.153458D+03
 0.154058D+03
 0.152507D+03
 0.152492D+03
 0.152359D+03
 0.152611D+03
 0.153821D+03
 0.153699D+03
 0.152539D+03
 0.152059D+03
 0.152025D+03
 0.152004D+03
 0.153305D+03
 0.153503D+03
 0.151908D+03
 0.151606D+03
 0.151383D+03
 0.151612D+03
 0.152547D+03
 0.152469D+03
 0.151195D+03
 0.150657D+03
 0.150389D+03
 0.150216D+03
 0.151090D+03
 0.151254D+03
 0.149861D+03
 0.149219D+03
 0.148946D+03
 0.149065D+03
 0.149696D+03
 0.149619D+03
 0.148207D+03
 0.147822D+03
 0.147595D+03
 0.147592D+03
 0.148098D+03
 0.147869D+03
 0.146408D+03
 0.146340D+03
 0.145747D+03
 0.146102D+03
 0.146390D+03
 0.146323D+03
 0.145105D+03
 0.144608D+03
 0.144471D+03
 0.144563D+03
 0.144873D+03
 0.144772D+03
 0.143645D+03
 0.143266D+03
 0.143231D+03
 0.143491D+03
 0.143792D+03
 0.143737D+03
 0.142593D+03
 0.142215D+03
 0.142472D+03
 0.142591D+03
 0.142981D+03
 0.143083D+03
 0.142122D+03
 0.141569D+03
 0.141657D+03
 0.141829D+03
 0.142348D+03
 0.142450D+03
 0.141823D+03
 0.141071D+03
 0.141392D+03
 0.141605D+03
 0.142094D+03
 0.142302D+03
 0.141827D+03
 0.141076D+03
 0.141235D+03
 0.141379D+03
 0.141922D+03
 0.142141D+03
 0.141403D+03
 0.140921D+03
 0.141065D+03
 0.141295D+03
 0.141445D+03
 0.142078D+03
 0.141459D+03
 0.140754D+03
 0.140994D+03
 0.141176D+03
 0.141347D+03
 0.141994D+03
 0.140978D+03
 0.140782D+03
 0.141032D+03
 0.141090D+03
 0.141305D+03
 0.141694D+03
 0.141167D+03
 0.140821D+03
 0.140766D+03
 0.141082D+03
 0.141303D+03
 0.141984D+03
 0.141224D+03
 0.140779D+03
 0.140998D+03
 0.141152D+03
 0.141491D+03
 0.141809D+03
 0.141791D+03
 0.141124D+03
 0.141260D+03
 0.141281D+03
 0.141914D+03
 0.142022D+03
 0.142040D+03
 0.141731D+03
 0.141338D+03
 0.141791D+03
 0.142381D+03
 0.142385D+03
 0.142538D+03
 0.142269D+03
 0.141965D+03
 0.142166D+03
 0.142686D+03
 0.142761D+03
 0.143464D+03
 0.142746D+03
 0.142349D+03
 0.142576D+03
 0.143116D+03
 0.143031D+03
 0.144099D+03
 0.143251D+03
 0.142879D+03
 0.143070D+03
 0.143591D+03
 0.143677D+03
 0.144182D+03
 0.143043D+03
 0.143459D+03
 0.143519D+03
 0.144047D+03
 0.144086D+03
 0.144015D+03
 0.143469D+03
 0.144061D+03
 0.144049D+03
 0.144813D+03
 0.144779D+03
 0.143759D+03
 0.144648D+03
 0.144936D+03
 0.145330D+03
 0.145615D+03
 0.143646D+03
 0.145523D+03
 0.145766D+03
 0.145829D+03
 0.146148D+03
 0.146792D+03
 0.146947D+03
 0.146626D+03
 0.146974D+03
 0.148064D+03
 0.148105D+03
 0.148057D+03
 0.147949D+03
 0.148311D+03
 0.147431D+03
 0.149525D+03
 0.149156D+03
 0.149248D+03
 0.151227D+03
 0.150467D+03
 0.150465D+03
 0.150504D+03
 0.152002D+03
 0.151162D+03
 0.151136D+03
 0.151512D+03
 0.152210D+03
 0.151871D+03
 0.152016D+03
 0.151938D+03
 0.152650D+03
 0.152501D+03
 0.152093D+03
 0.152093D+03
 0.152376D+03
 0.153056D+03
 0.152792D+03
 0.152193D+03
 0.152263D+03
 0.152624D+03
 0.153373D+03
 0.153866D+03
 0.152896D+03
 0.152284D+03
 0.152473D+03
 0.152485D+03
 0.153607D+03
 0.153807D+03
 0.152469D+03
 0.152068D+03
 0.152334D+03
 0.152416D+03
 0.153471D+03
 0.153994D+03
 0.152175D+03
 0.152065D+03
 0.151964D+03
 0.151975D+03
 0.153155D+03
 0.153410D+03
 0.151847D+03
 0.151387D+03
 0.151170D+03
 0.151206D+03
 0.152245D+03
 0.152491D+03
 0.150886D+03
 0.150532D+03
 0.150457D+03
 0.150470D+03
 0.151384D+03
 0.151361D+03
 0.149890D+03
 0.149450D+03
 0.149031D+03
 0.149094D+03
 0.149686D+03
 0.149824D+03
 0.148208D+03
 0.147772D+03
 0.147294D+03
 0.147431D+03
 0.148152D+03
 0.147959D+03
 0.146625D+03
 0.146171D+03
 0.145709D+03
 0.146264D+03
 0.146534D+03
 0.146453D+03
 0.144961D+03
 0.144541D+03
 0.144437D+03
 0.144398D+03
 0.145059D+03
 0.144801D+03
 0.143479D+03
 0.143319D+03
 0.143311D+03
 0.143214D+03
 0.143790D+03
 0.143636D+03
 0.142613D+03
 0.141831D+03
 0.142213D+03
 0.142389D+03
 0.142932D+03
 0.142800D+03
 0.141997D+03
 0.141501D+03
 0.141528D+03
 0.141803D+03
 0.142259D+03
 0.142273D+03
 0.141760D+03
 0.141279D+03
 0.141421D+03
 0.141409D+03
 0.141909D+03
 0.142382D+03
 0.141705D+03
 0.141093D+03
 0.141158D+03
 0.141236D+03
 0.141744D+03
 0.142511D+03
 0.141535D+03
 0.141084D+03
 0.140907D+03
 0.140998D+03
 0.141579D+03
 0.142041D+03
 0.141215D+03
 0.140807D+03
 0.140751D+03
 0.141145D+03
 0.141218D+03
 0.141997D+03
 0.140992D+03
 0.140590D+03
 0.140871D+03
 0.140719D+03
 0.141153D+03
 0.141711D+03
 0.141148D+03
 0.140393D+03
 0.140871D+03
 0.140859D+03
 0.141218D+03
 0.141866D+03
 0.141228D+03
 0.140718D+03
 0.140980D+03
 0.141113D+03
 0.141586D+03
 0.141725D+03
 0.141480D+03
 0.141094D+03
 0.141139D+03
 0.141250D+03
 0.141951D+03
 0.142183D+03
 0.142076D+03
 0.141781D+03
 0.141489D+03
 0.141558D+03
 0.142318D+03
 0.142572D+03
 0.142702D+03
 0.142219D+03
 0.141947D+03
 0.142045D+03
 0.142899D+03
 0.142631D+03
 0.143553D+03
 0.142787D+03
 0.142568D+03
 0.142649D+03
 0.143057D+03
 0.143185D+03
 0.144047D+03
 0.143210D+03
 0.143029D+03
 0.143027D+03
 0.143545D+03
 0.143716D+03
 0.144296D+03
 0.142918D+03
 0.143369D+03
 0.143555D+03
 0.144099D+03
 0.144269D+03
 0.144003D+03
 0.143277D+03
 0.143990D+03
 0.143950D+03
 0.144513D+03
 0.145017D+03
 0.146661D+03
 0.146572D+03
 0.146481D+03
 0.147009D+03
 0.147744D+03
 0.147604D+03
 0.147880D+03
 0.147531D+03
 0.147954D+03
 0.149723D+03
 0.149279D+03
 0.148867D+03
 0.149056D+03
 0.150729D+03
 0.150332D+03
 0.150118D+03
 0.150207D+03
 0.151981D+03
 0.150885D+03
 0.150916D+03
 0.151101D+03
 0.151869D+03
 0.151641D+03
 0.151588D+03
 0.151624D+03
 0.152348D+03
 0.152586D+03
 0.152041D+03
 0.151779D+03
 0.151901D+03
 0.153056D+03
 0.152619D+03
 0.152131D+03
 0.152048D+03
 0.152199D+03
 0.152970D+03
 0.153540D+03
 0.152788D+03
 0.152255D+03
 0.152195D+03
 0.152120D+03
 0.153343D+03
 0.153645D+03
 0.152645D+03
 0.152127D+03
 0.152273D+03
 0.152227D+03
 0.153471D+03
 0.153748D+03
 0.152329D+03
 0.152115D+03
 0.151575D+03
 0.151937D+03
 0.152991D+03
 0.153397D+03
 0.151653D+03
 0.151463D+03
 0.151215D+03
 0.151402D+03
 0.152186D+03
 0.152402D+03
 0.150975D+03
 0.150460D+03
 0.150143D+03
 0.150262D+03
 0.151110D+03
 0.151271D+03
 0.149923D+03
 0.149277D+03
 0.148991D+03
 0.148964D+03
 0.149610D+03
 0.149621D+03
 0.148391D+03
 0.148010D+03
 0.147467D+03
 0.147539D+03
 0.147904D+03
 0.148058D+03
 0.146623D+03
 0.146102D+03
 0.145498D+03
 0.145681D+03
 0.146190D+03
 0.146194D+03
 0.144828D+03
 0.144235D+03
 0.144202D+03
 0.144161D+03
 0.144738D+03
 0.144475D+03
 0.141002D+03
 0.140825D+03
 0.140711D+03
 0.140607D+03
 0.142071D+03
 0.141785D+03
 0.140121D+03
 0.139554D+03
 0.139565D+03
 0.139942D+03
 0.141126D+03
 0.140663D+03
 0.139825D+03
 0.139029D+03
 0.139370D+03
 0.141049D+03
 0.141488D+03
 0.141403D+03
 0.141412D+03
 0.140882D+03
 0.140691D+03
 0.140920D+03
 0.141704D+03
 0.141800D+03
 0.141428D+03
 0.140919D+03
 0.140872D+03
 0.140909D+03
 0.141280D+03
 0.142270D+03
 0.141192D+03
 0.140536D+03
 0.140786D+03
 0.140746D+03
 0.141469D+03
 0.142045D+03
 0.141017D+03
 0.140459D+03
 0.140677D+03
 0.140578D+03
 0.141136D+03
 0.141810D+03
 0.140798D+03
 0.140297D+03
 0.140510D+03
 0.140675D+03
 0.141066D+03
 0.141821D+03
 0.140936D+03
 0.140504D+03
 0.140640D+03
 0.140509D+03
 0.141253D+03
 0.141397D+03
 0.141080D+03
 0.140725D+03
 0.140816D+03
 0.140864D+03
 0.141487D+03
 0.141925D+03
 0.141443D+03
 0.141054D+03
 0.140925D+03
 0.141201D+03
 0.141671D+03
 0.142047D+03
 0.142154D+03
 0.141724D+03
 0.141332D+03
 0.141562D+03
 0.142080D+03
 0.142222D+03
 0.142618D+03
 0.142308D+03
 0.141881D+03
 0.142043D+03
 0.142771D+03
 0.142891D+03
 0.143711D+03
 0.142974D+03
 0.142410D+03
 0.142430D+03
 0.143057D+03
 0.143360D+03
 0.144227D+03
 0.143248D+03
 0.143058D+03
 0.142824D+03
 0.143402D+03
 0.143699D+03
 0.144133D+03
 0.142735D+03
 0.143178D+03
 0.143395D+03
 0.143659D+03
 0.144071D+03
 0.143752D+03
 0.143373D+03
 0.143671D+03
 0.143736D+03
 0.144248D+03
 0.144644D+03
 0.147334D+03
 0.146899D+03
 0.146941D+03
 0.146910D+03
 0.147406D+03
 0.149249D+03
 0.148654D+03
 0.148190D+03
 0.148434D+03
 0.150422D+03
 0.149772D+03
 0.149444D+03
 0.149346D+03
 0.151346D+03
 0.150358D+03
 0.150524D+03
 0.150462D+03
 0.151720D+03
 0.151178D+03
 0.150959D+03
 0.151127D+03
 0.152275D+03
 0.152279D+03
 0.151433D+03
 0.151535D+03
 0.151587D+03
 0.152689D+03
 0.152291D+03
 0.151995D+03
 0.151926D+03
 0.151822D+03
 0.152899D+03
 0.153582D+03
 0.152271D+03
 0.152131D+03
 0.152143D+03
 0.152140D+03
 0.153276D+03
 0.153544D+03
 0.152314D+03
 0.151925D+03
 0.152108D+03
 0.151952D+03
 0.153169D+03
 0.153767D+03
 0.152380D+03
 0.151879D+03
 0.151766D+03
 0.151797D+03
 0.152948D+03
 0.153415D+03
 0.151874D+03
 0.151279D+03
 0.151172D+03
 0.151032D+03
 0.152170D+03
 0.152393D+03
 0.150994D+03
 0.150586D+03
 0.149981D+03
 0.150089D+03
 0.151191D+03
 0.151185D+03
 0.149682D+03
 0.149385D+03
 0.148852D+03
 0.148843D+03
 0.149613D+03
 0.149436D+03
 0.148200D+03
 0.147528D+03
 0.147253D+03
 0.147351D+03
 0.147635D+03
 0.147684D+03
 0.144411D+03
 0.143802D+03
 0.145235D+03
 0.143460D+03
 0.144575D+03
 0.144252D+03
 0.142189D+03
 0.142000D+03
 0.141297D+03
 0.141585D+03
 0.142813D+03
 0.142120D+03
 0.140420D+03
 0.140264D+03
 0.140024D+03
 0.140223D+03
 0.141375D+03
 0.140981D+03
 0.139737D+03
 0.139259D+03
 0.139054D+03
 0.139299D+03
 0.140333D+03
 0.140156D+03
 0.138969D+03
 0.138625D+03
 0.138307D+03
 0.139174D+03
 0.140658D+03
 0.140098D+03
 0.138523D+03
 0.139423D+03
 0.139110D+03
 0.138303D+03
 0.140478D+03
 0.140514D+03
 0.140925D+03
 0.140506D+03
 0.140442D+03
 0.140461D+03
 0.141247D+03
 0.141565D+03
 0.140830D+03
 0.140356D+03
 0.140552D+03
 0.140393D+03
 0.140846D+03
 0.141688D+03
 0.140776D+03
 0.140385D+03
 0.140552D+03
 0.140470D+03
 0.140988D+03
 0.141687D+03
 0.140628D+03
 0.140120D+03
 0.140326D+03
 0.140254D+03
 0.140637D+03
 0.141662D+03
 0.140778D+03
 0.140231D+03
 0.140310D+03
 0.140208D+03
 0.140974D+03
 0.141511D+03
 0.140894D+03
 0.140540D+03
 0.140550D+03
 0.140534D+03
 0.141061D+03
 0.141570D+03
 0.141395D+03
 0.140872D+03
 0.141031D+03
 0.140890D+03
 0.141462D+03
 0.141970D+03
 0.142033D+03
 0.141542D+03
 0.141320D+03
 0.141158D+03
 0.142093D+03
 0.142469D+03
 0.142808D+03
 0.142233D+03
 0.141822D+03
 0.141988D+03
 0.142563D+03
 0.142843D+03
 0.143537D+03
 0.142791D+03
 0.142358D+03
 0.142278D+03
 0.142989D+03
 0.143193D+03
 0.143921D+03
 0.142964D+03
 0.142658D+03
 0.142481D+03
 0.142928D+03
 0.143384D+03
 0.143717D+03
 0.142316D+03
 0.142781D+03
 0.142704D+03
 0.143427D+03
 0.143567D+03
 0.149907D+03
 0.148977D+03
 0.148633D+03
 0.148756D+03
 0.151199D+03
 0.149956D+03
 0.149918D+03
 0.149836D+03
 0.151256D+03
 0.150840D+03
 0.150886D+03
 0.150724D+03
 0.151858D+03
 0.151894D+03
 0.151403D+03
 0.151348D+03
 0.151658D+03
 0.152707D+03
 0.152233D+03
 0.151927D+03
 0.151727D+03
 0.151844D+03
 0.152778D+03
 0.153486D+03
 0.152468D+03
 0.151908D+03
 0.151984D+03
 0.151927D+03
 0.153065D+03
 0.153620D+03
 0.152635D+03
 0.152147D+03
 0.151857D+03
 0.151974D+03
 0.153215D+03
 0.153544D+03
 0.152189D+03
 0.151769D+03
 0.151419D+03
 0.151690D+03
 0.152786D+03
 0.153186D+03
 0.151807D+03
 0.151360D+03
 0.150870D+03
 0.150921D+03
 0.152164D+03
 0.152204D+03
 0.150978D+03
 0.150497D+03
 0.149799D+03
 0.149938D+03
 0.150752D+03
 0.151091D+03
 0.149556D+03
 0.148971D+03
 0.148517D+03
 0.148575D+03
 0.148464D+03
 0.148076D+03
 0.145975D+03
 0.145332D+03
 0.144813D+03
 0.145015D+03
 0.146322D+03
 0.145920D+03
 0.143618D+03
 0.143283D+03
 0.142712D+03
 0.142850D+03
 0.144141D+03
 0.143654D+03
 0.140453D+03
 0.140017D+03
 0.139766D+03
 0.139724D+03
 0.140415D+03
 0.140953D+03
 0.140550D+03
 0.140177D+03
 0.139796D+03
 0.140115D+03
 0.140463D+03
 0.141230D+03
 0.140566D+03
 0.139921D+03
 0.139973D+03
 0.139946D+03
 0.140369D+03
 0.141052D+03
 0.140498D+03
 0.140000D+03
 0.140168D+03
 0.139839D+03
 0.140292D+03
 0.141257D+03
 0.140622D+03
 0.140035D+03
 0.139991D+03
 0.140081D+03
 0.140526D+03
 0.141125D+03
 0.141036D+03
 0.140161D+03
 0.140446D+03
 0.140300D+03
 0.140903D+03
 0.141456D+03
 0.141128D+03
 0.140851D+03
 0.140629D+03
 0.140782D+03
 0.141360D+03
 0.141794D+03
 0.141858D+03
 0.141528D+03
 0.141054D+03
 0.141191D+03
 0.141800D+03
 0.142224D+03
 0.142652D+03
 0.142186D+03
 0.141556D+03
 0.141571D+03
 0.142370D+03
 0.142657D+03
 0.143326D+03
 0.142652D+03
 0.142178D+03
 0.142013D+03
 0.142639D+03
 0.142963D+03
 0.143114D+03
 0.142346D+03
 0.141737D+03
 0.141685D+03
 0.142281D+03
 0.142526D+03
 0.150838D+03
 0.150624D+03
 0.150478D+03
 0.150348D+03
 0.152585D+03
 0.151728D+03
 0.151388D+03
 0.151304D+03
 0.151393D+03
 0.152727D+03
 0.152261D+03
 0.151762D+03
 0.151507D+03
 0.151769D+03
 0.152553D+03
 0.152968D+03
 0.152266D+03
 0.151928D+03
 0.151787D+03
 0.151812D+03
 0.153004D+03
 0.153416D+03
 0.152413D+03
 0.151851D+03
 0.151810D+03
 0.151624D+03
 0.153186D+03
 0.153607D+03
 0.152068D+03
 0.151489D+03
 0.151223D+03
 0.151452D+03
 0.152799D+03
 0.152952D+03
 0.151529D+03
 0.151194D+03
 0.150442D+03
 0.150712D+03
 0.151628D+03
 0.151970D+03
 0.148987D+03
 0.148574D+03
 0.147901D+03
 0.148146D+03
 0.149775D+03
 0.149562D+03
 0.147469D+03
 0.146828D+03
 0.146377D+03
 0.146773D+03
 0.147879D+03
 0.147811D+03
 0.145603D+03
 0.144925D+03
 0.144383D+03
 0.144393D+03
 0.145671D+03
 0.145341D+03
 0.139574D+03
 0.139040D+03
 0.138996D+03
 0.138799D+03
 0.139565D+03
 0.140347D+03
 0.140053D+03
 0.139339D+03
 0.139382D+03
 0.139380D+03
 0.139960D+03
 0.140764D+03
 0.139974D+03
 0.139688D+03
 0.139628D+03
 0.139578D+03
 0.140213D+03
 0.140811D+03
 0.140000D+03
 0.139813D+03
 0.139662D+03
 0.139724D+03
 0.140071D+03
 0.140676D+03
 0.140192D+03
 0.139780D+03
 0.139538D+03
 0.139663D+03
 0.140394D+03
 0.140896D+03
 0.140456D+03
 0.140203D+03
 0.139902D+03
 0.140026D+03
 0.140779D+03
 0.140995D+03
 0.141063D+03
 0.140480D+03
 0.140372D+03
 0.140529D+03
 0.141077D+03
 0.141405D+03
 0.141597D+03
 0.141047D+03
 0.140852D+03
 0.140840D+03
 0.141717D+03
 0.141713D+03
 0.142377D+03
 0.141729D+03
 0.141179D+03
 0.141240D+03
 0.141941D+03
 0.142219D+03
 0.142936D+03
 0.142241D+03
 0.141723D+03
 0.141555D+03
 0.142216D+03
 0.142424D+03
 0.152036D+03
 0.151844D+03
 0.151718D+03
 0.151470D+03
 0.153158D+03
 0.152788D+03
 0.152363D+03
 0.152003D+03
 0.151695D+03
 0.151773D+03
 0.152734D+03
 0.153152D+03
 0.152122D+03
 0.151771D+03
 0.151461D+03
 0.151482D+03
 0.152864D+03
 0.152912D+03
 0.151873D+03
 0.151246D+03
 0.150959D+03
 0.151002D+03
 0.152306D+03
 0.152294D+03
 0.149562D+03
 0.149116D+03
 0.148680D+03
 0.149213D+03
 0.150712D+03
 0.150485D+03
 0.139557D+03
 0.139052D+03
 0.139049D+03
 0.138912D+03
 0.139497D+03
 0.140155D+03
 0.139685D+03
 0.139335D+03
 0.139050D+03
 0.139234D+03
 0.139690D+03
 0.140427D+03
 0.139882D+03
 0.139441D+03
 0.139321D+03
 0.139403D+03
 0.140024D+03
 0.140414D+03
 0.139974D+03
 0.139633D+03
 0.139601D+03
 0.139658D+03
 0.140205D+03
 0.140659D+03
 0.140456D+03
 0.140381D+03
 0.139874D+03
 0.139769D+03
 0.140562D+03
 0.140928D+03
 0.141097D+03
 0.140770D+03
 0.140087D+03
 0.140224D+03
 0.141091D+03
 0.141328D+03
 0.141871D+03
 0.141195D+03
 0.140571D+03
 0.140482D+03
 0.141307D+03
 0.141403D+03
 0.142339D+03
 0.141414D+03
 0.140578D+03
 0.140618D+03
 0.141489D+03
 0.141551D+03
 0.151771D+03
 0.151242D+03
 0.151051D+03
 0.151199D+03
 0.152269D+03
 0.151924D+03
 0.151723D+03
 0.151281D+03
 0.151458D+03
 0.152666D+03
 0.152530D+03
 0.151964D+03
 0.151693D+03
 0.151309D+03
 0.151427D+03
 0.152578D+03
 0.152640D+03
 0.151545D+03
 0.151112D+03
 0.150874D+03
 0.151023D+03
 0.152275D+03
 0.152034D+03
 0.149722D+03
 0.149235D+03
 0.149358D+03
 0.149734D+03
 0.151314D+03
 0.151118D+03
 0.149112D+03
 0.148665D+03
 0.148514D+03
 0.148473D+03
 0.150045D+03
 0.150146D+03
 0.139343D+03
 0.138944D+03
 0.138670D+03
 0.138719D+03
 0.139108D+03
 0.139734D+03
 0.139168D+03
 0.138777D+03
 0.138529D+03
 0.138754D+03
 0.139347D+03
 0.139859D+03
 0.139288D+03
 0.138885D+03
 0.138630D+03
 0.138830D+03
 0.139315D+03
 0.139853D+03
 0.139638D+03
 0.139327D+03
 0.138912D+03
 0.139228D+03
 0.139595D+03
 0.139854D+03
 0.140008D+03
 0.139494D+03
 0.139061D+03
 0.139212D+03
 0.139967D+03
 0.140111D+03
 0.140342D+03
 0.140113D+03
 0.139206D+03
 0.139592D+03
 0.140205D+03
 0.140475D+03
 0.141137D+03
 0.140463D+03
 0.139690D+03
 0.139925D+03
 0.140454D+03
 0.140545D+03
 0.138516D+03
 0.138395D+03
 0.137930D+03
 0.138265D+03
 0.138636D+03
 0.139013D+03
 0.141948D+03
 0.141491D+03
 0.141376D+03
 0.141742D+03
 0.141711D+03
 0.141527D+03
 0.141116D+03
 0.140793D+03
 0.140563D+03
 0.140984D+03
 0.140332D+03
 0.140215D+03
 0.140081D+03
 0.139825D+03
 0.139810D+03
 0.139966D+03
 0.139447D+03
 0.139200D+03
 0.139349D+03
 0.138914D+03
 0.139032D+03
 0.139175D+03
 0.138716D+03
 0.138561D+03
 0.139069D+03
 0.138502D+03
 0.138582D+03
 0.138858D+03
 0.138094D+03
 0.138425D+03
 0.138925D+03
 0.138376D+03
 0.138363D+03
 0.138396D+03
 0.137762D+03
 0.138403D+03
 0.143517D+03
 0.142945D+03
 0.143448D+03
 0.143702D+03
 0.143576D+03
 0.143436D+03
 0.142641D+03
 0.142216D+03
 0.141873D+03
 0.142242D+03
 0.142377D+03
 0.141959D+03
 0.141111D+03
 0.140871D+03
 0.140786D+03
 0.141219D+03
 0.140795D+03
 0.140753D+03
 0.140076D+03
 0.139867D+03
 0.140133D+03
 0.139997D+03
 0.139957D+03
 0.139923D+03
 0.139591D+03
 0.139173D+03
 0.139383D+03
 0.139508D+03
 0.139437D+03
 0.139585D+03
 0.139382D+03
 0.138876D+03
 0.139014D+03
 0.139131D+03
 0.139095D+03
 0.139185D+03
 0.150767D+03
 0.150410D+03
 0.150603D+03
 0.151014D+03
 0.150768D+03
 0.150414D+03
 0.150539D+03
 0.150686D+03
 0.152085D+03
 0.150346D+03
 0.150307D+03
 0.150133D+03
 0.150471D+03
 0.150714D+03
 0.150399D+03
 0.150106D+03
 0.149808D+03
 0.150044D+03
 0.150466D+03
 0.149904D+03
 0.149535D+03
 0.149329D+03
 0.149426D+03
 0.149074D+03
 0.148636D+03
 0.148132D+03
 0.147754D+03
 0.148173D+03
 0.148964D+03
 0.148731D+03
 0.147149D+03
 0.146655D+03
 0.146232D+03
 0.147016D+03
 0.147539D+03
 0.147313D+03
 0.145590D+03
 0.145341D+03
 0.145267D+03
 0.145227D+03
 0.146343D+03
 0.146020D+03
 0.144715D+03
 0.144110D+03
 0.143763D+03
 0.144043D+03
 0.144635D+03
 0.144341D+03
 0.143052D+03
 0.142778D+03
 0.142479D+03
 0.142500D+03
 0.143378D+03
 0.143201D+03
 0.141756D+03
 0.141540D+03
 0.141256D+03
 0.141692D+03
 0.142200D+03
 0.142158D+03
 0.140764D+03
 0.140414D+03
 0.140575D+03
 0.140831D+03
 0.141289D+03
 0.141227D+03
 0.140142D+03
 0.139644D+03
 0.139886D+03
 0.140212D+03
 0.140756D+03
 0.140912D+03
 0.139839D+03
 0.139267D+03
 0.139583D+03
 0.139714D+03
 0.140049D+03
 0.140647D+03
 0.139417D+03
 0.138853D+03
 0.139016D+03
 0.139192D+03
 0.139859D+03
 0.140316D+03
 0.139028D+03
 0.138536D+03
 0.138738D+03
 0.138880D+03
 0.139442D+03
 0.139960D+03
 0.138659D+03
 0.138244D+03
 0.138405D+03
 0.138639D+03
 0.139118D+03
 0.139604D+03
 0.138271D+03
 0.137850D+03
 0.138461D+03
 0.138229D+03
 0.138766D+03
 0.139208D+03
 0.138270D+03
 0.137915D+03
 0.138106D+03
 0.138232D+03
 0.138750D+03
 0.139081D+03
 0.138060D+03
 0.137843D+03
 0.138149D+03
 0.138531D+03
 0.138845D+03
 0.138993D+03
 0.138393D+03
 0.138044D+03
 0.138622D+03
 0.138614D+03
 0.139140D+03
 0.139134D+03
 0.150428D+03
 0.149992D+03
 0.149776D+03
 0.150225D+03
 0.151287D+03
 0.150647D+03
 0.150515D+03
 0.150622D+03
 0.151219D+03
 0.151020D+03
 0.150957D+03
 0.151139D+03
 0.151188D+03
 0.150834D+03
 0.150854D+03
 0.151136D+03
 0.151133D+03
 0.150770D+03
 0.150175D+03
 0.150509D+03
 0.150937D+03
 0.150650D+03
 0.150323D+03
 0.150437D+03
 0.150811D+03
 0.150333D+03
 0.150670D+03
 0.150739D+03
 0.150699D+03
 0.150141D+03
 0.150273D+03
 0.150444D+03
 0.150247D+03
 0.149823D+03
 0.149537D+03
 0.149929D+03
 0.149392D+03
 0.148638D+03
 0.148622D+03
 0.148881D+03
 0.148300D+03
 0.148038D+03
 0.147602D+03
 0.147711D+03
 0.146976D+03
 0.146419D+03
 0.146011D+03
 0.146132D+03
 0.145325D+03
 0.144880D+03
 0.144533D+03
 0.144701D+03
 0.143877D+03
 0.143569D+03
 0.143244D+03
 0.143662D+03
 0.142630D+03
 0.142263D+03
 0.142118D+03
 0.142304D+03
 0.141576D+03
 0.141336D+03
 0.141284D+03
 0.141541D+03
 0.141052D+03
 0.140627D+03
 0.140626D+03
 0.141093D+03
 0.140673D+03
 0.140209D+03
 0.140261D+03
 0.140239D+03
 0.140212D+03
 0.139500D+03
 0.139689D+03
 0.139960D+03
 0.139640D+03
 0.139131D+03
 0.139329D+03
 0.139557D+03
 0.139183D+03
 0.138691D+03
 0.139001D+03
 0.139065D+03
 0.138787D+03
 0.138244D+03
 0.138567D+03
 0.138704D+03
 0.138588D+03
 0.138266D+03
 0.138308D+03
 0.138601D+03
 0.138373D+03
 0.138100D+03
 0.138350D+03
 0.138654D+03
 0.138904D+03
 0.138565D+03
 0.138590D+03
 0.139005D+03
 0.148839D+03
 0.148256D+03
 0.148649D+03
 0.150184D+03
 0.150320D+03
 0.149466D+03
 0.149804D+03
 0.151216D+03
 0.150489D+03
 0.150585D+03
 0.150728D+03
 0.150724D+03
 0.151258D+03
 0.151093D+03
 0.151347D+03
 0.151910D+03
 0.151652D+03
 0.151539D+03
 0.151657D+03
 0.151901D+03
 0.151791D+03
 0.151549D+03
 0.151984D+03
 0.151718D+03
 0.151482D+03
 0.151623D+03
 0.152019D+03
 0.151732D+03
 0.151471D+03
 0.151559D+03
 0.151702D+03
 0.151902D+03
 0.151516D+03
 0.151285D+03
 0.151893D+03
 0.151751D+03
 0.151119D+03
 0.151111D+03
 0.151271D+03
 0.151208D+03
 0.150626D+03
 0.150447D+03
 0.150643D+03
 0.150475D+03
 0.149841D+03
 0.149490D+03
 0.149843D+03
 0.149182D+03
 0.148610D+03
 0.148262D+03
 0.148446D+03
 0.147679D+03
 0.147172D+03
 0.146768D+03
 0.147018D+03
 0.146261D+03
 0.145714D+03
 0.145119D+03
 0.145433D+03
 0.144759D+03
 0.144270D+03
 0.143825D+03
 0.144289D+03
 0.143371D+03
 0.143021D+03
 0.142804D+03
 0.143073D+03
 0.142570D+03
 0.141874D+03
 0.142089D+03
 0.142440D+03
 0.141810D+03
 0.141151D+03
 0.141322D+03
 0.141664D+03
 0.141247D+03
 0.140691D+03
 0.140701D+03
 0.140982D+03
 0.140718D+03
 0.140266D+03
 0.140301D+03
 0.140612D+03
 0.140281D+03
 0.139797D+03
 0.139937D+03
 0.140122D+03
 0.139936D+03
 0.139376D+03
 0.139591D+03
 0.139748D+03
 0.139330D+03
 0.138919D+03
 0.139195D+03
 0.139423D+03
 0.139127D+03
 0.138895D+03
 0.138934D+03
 0.139378D+03
 0.138263D+03
 0.137951D+03
 0.135321D+03
 0.138405D+03
 0.138645D+03
 0.138581D+03
 0.138283D+03
 0.135858D+03
 0.138967D+03
 0.139150D+03
 0.139207D+03
 0.138745D+03
 0.136336D+03
 0.139297D+03
 0.139395D+03
 0.140198D+03
 0.139621D+03
 0.136679D+03
 0.139668D+03
 0.139954D+03
 0.140654D+03
 0.140148D+03
 0.137200D+03
 0.140178D+03
 0.140224D+03
 0.142062D+03
 0.138656D+03
 0.141142D+03
 0.141673D+03
 0.139047D+03
 0.141087D+03
 0.141577D+03
 0.139147D+03
 0.141640D+03
 0.138378D+03
 0.135983D+03
 0.138292D+03
 0.138225D+03
 0.135992D+03
 0.138384D+03
 0.138767D+03
 0.136187D+03
 0.138788D+03
 0.139081D+03
 0.136549D+03
 0.139124D+03
 0.139411D+03
 0.137085D+03
 0.139446D+03
 0.140146D+03
 0.137447D+03
 0.139884D+03
 0.141073D+03
 0.137950D+03
 0.140390D+03
 0.141560D+03
 0.138197D+03
 0.140615D+03
 0.142748D+03
 0.139626D+03
 0.141590D+03
 0.142333D+03
 0.140124D+03
 0.141761D+03
 0.142185D+03
 0.140328D+03
 0.142343D+03
 0.139026D+03
 0.137187D+03
 0.139172D+03
 0.139242D+03
 0.137398D+03
 0.139073D+03
 0.139278D+03
 0.137685D+03
 0.139477D+03
 0.139714D+03
 0.138028D+03
 0.139753D+03
 0.140151D+03
 0.138398D+03
 0.140302D+03
 0.141121D+03
 0.138614D+03
 0.140584D+03
 0.141596D+03
 0.139023D+03
 0.140796D+03
 0.142303D+03
 0.139322D+03
 0.141242D+03
 0.142978D+03
 0.140699D+03
 0.141965D+03
 0.142223D+03
 0.140965D+03
 0.142216D+03
 0.142362D+03
 0.141081D+03
 0.142646D+03
 0.150865D+03
 0.148562D+03
 0.150313D+03
 0.149206D+03
 0.147001D+03
 0.148535D+03
 0.147168D+03
 0.145186D+03
 0.146555D+03
 0.145384D+03
 0.143458D+03
 0.144392D+03
 0.143524D+03
 0.141918D+03
 0.142968D+03
 0.141888D+03
 0.140652D+03
 0.141681D+03
 0.140870D+03
 0.139615D+03
 0.140900D+03
 0.140339D+03
 0.138971D+03
 0.140301D+03
 0.140115D+03
 0.138531D+03
 0.140053D+03
 0.139846D+03
 0.138474D+03
 0.139828D+03
 0.139700D+03
 0.138236D+03
 0.139820D+03
 0.139619D+03
 0.138215D+03
 0.139757D+03
 0.139711D+03
 0.138602D+03
 0.139729D+03
 0.139877D+03
 0.138731D+03
 0.139936D+03
 0.140184D+03
 0.138984D+03
 0.140190D+03
 0.140704D+03
 0.139271D+03
 0.140677D+03
 0.141281D+03
 0.139744D+03
 0.141202D+03
 0.142192D+03
 0.139937D+03
 0.141593D+03
 0.142636D+03
 0.140357D+03
 0.141624D+03
 0.143002D+03
 0.141524D+03
 0.142426D+03
 0.142581D+03
 0.141633D+03
 0.142552D+03
 0.142638D+03
 0.142218D+03
 0.143133D+03
 0.142235D+03
 0.142707D+03
 0.143613D+03
 0.152308D+03
 0.151374D+03
 0.152959D+03
 0.151735D+03
 0.150561D+03
 0.151936D+03
 0.150899D+03
 0.149577D+03
 0.150544D+03
 0.149512D+03
 0.147680D+03
 0.148671D+03
 0.147613D+03
 0.145993D+03
 0.146890D+03
 0.145510D+03
 0.144130D+03
 0.145139D+03
 0.143844D+03
 0.142795D+03
 0.143503D+03
 0.142396D+03
 0.141545D+03
 0.142317D+03
 0.141455D+03
 0.140541D+03
 0.141352D+03
 0.140740D+03
 0.139988D+03
 0.141043D+03
 0.140494D+03
 0.139649D+03
 0.140662D+03
 0.140351D+03
 0.139483D+03
 0.140488D+03
 0.140214D+03
 0.139421D+03
 0.140128D+03
 0.140256D+03
 0.139419D+03
 0.140196D+03
 0.140128D+03
 0.139481D+03
 0.140286D+03
 0.140293D+03
 0.139666D+03
 0.140584D+03
 0.140524D+03
 0.139884D+03
 0.140816D+03
 0.140914D+03
 0.140156D+03
 0.141100D+03
 0.141655D+03
 0.140468D+03
 0.141470D+03
 0.142314D+03
 0.140969D+03
 0.141775D+03
 0.142851D+03
 0.141155D+03
 0.142102D+03
 0.143262D+03
 0.142055D+03
 0.142531D+03
 0.142789D+03
 0.142346D+03
 0.142754D+03
 0.142957D+03
 0.142915D+03
 0.143404D+03
 0.143469D+03
 0.143808D+03
 0.144279D+03
 0.144396D+03
 0.152090D+03
 0.151352D+03
 0.152191D+03
 0.152513D+03
 0.151819D+03
 0.152811D+03
 0.152995D+03
 0.151923D+03
 0.153341D+03
 0.153108D+03
 0.152135D+03
 0.153367D+03
 0.152854D+03
 0.152245D+03
 0.153570D+03
 0.152449D+03
 0.151839D+03
 0.153003D+03
 0.151928D+03
 0.150963D+03
 0.152246D+03
 0.150906D+03
 0.149677D+03
 0.150791D+03
 0.149543D+03
 0.148169D+03
 0.148896D+03
 0.147491D+03
 0.146748D+03
 0.147173D+03
 0.146031D+03
 0.144936D+03
 0.145528D+03
 0.144260D+03
 0.143417D+03
 0.143970D+03
 0.142752D+03
 0.142064D+03
 0.142805D+03
 0.141795D+03
 0.141470D+03
 0.141968D+03
 0.141315D+03
 0.140921D+03
 0.141491D+03
 0.140829D+03
 0.140344D+03
 0.141283D+03
 0.140814D+03
 0.140268D+03
 0.141005D+03
 0.140740D+03
 0.140313D+03
 0.140887D+03
 0.140479D+03
 0.140207D+03
 0.140497D+03
 0.140423D+03
 0.140253D+03
 0.140713D+03
 0.140563D+03
 0.140097D+03
 0.140923D+03
 0.140745D+03
 0.140432D+03
 0.141193D+03
 0.141155D+03
 0.140648D+03
 0.141343D+03
 0.141993D+03
 0.141162D+03
 0.141824D+03
 0.142337D+03
 0.141316D+03
 0.142170D+03
 0.143010D+03
 0.141633D+03
 0.142443D+03
 0.143349D+03
 0.142144D+03
 0.142947D+03
 0.142999D+03
 0.142584D+03
 0.143086D+03
 0.143195D+03
 0.143053D+03
 0.143854D+03
 0.142904D+03
 0.143776D+03
 0.144421D+03
 0.144915D+03
 0.145022D+03
 0.145971D+03
 0.145755D+03
 0.147245D+03
 0.147551D+03
 0.152270D+03
 0.151539D+03
 0.152455D+03
 0.152730D+03
 0.152101D+03
 0.152970D+03
 0.152847D+03
 0.152350D+03
 0.153354D+03
 0.153040D+03
 0.152389D+03
 0.153707D+03
 0.153058D+03
 0.152374D+03
 0.153660D+03
 0.152378D+03
 0.152020D+03
 0.153253D+03
 0.152022D+03
 0.151254D+03
 0.152297D+03
 0.150887D+03
 0.149933D+03
 0.150882D+03
 0.149590D+03
 0.148311D+03
 0.149306D+03
 0.147944D+03
 0.146800D+03
 0.147380D+03
 0.146199D+03
 0.145360D+03
 0.145951D+03
 0.144632D+03
 0.143937D+03
 0.144438D+03
 0.142965D+03
 0.142806D+03
 0.143217D+03
 0.142158D+03
 0.141827D+03
 0.142519D+03
 0.141507D+03
 0.141259D+03
 0.142062D+03
 0.141154D+03
 0.141046D+03
 0.141689D+03
 0.141145D+03
 0.140662D+03
 0.141627D+03
 0.141286D+03
 0.140419D+03
 0.141433D+03
 0.140990D+03
 0.140704D+03
 0.141197D+03
 0.140749D+03
 0.140645D+03
 0.140993D+03
 0.140716D+03
 0.140899D+03
 0.141188D+03
 0.140904D+03
 0.140828D+03
 0.141247D+03
 0.141355D+03
 0.141001D+03
 0.141860D+03
 0.141960D+03
 0.141418D+03
 0.141929D+03
 0.142604D+03
 0.141842D+03
 0.142390D+03
 0.143131D+03
 0.141859D+03
 0.142559D+03
 0.143496D+03
 0.142722D+03
 0.143111D+03
 0.143188D+03
 0.143014D+03
 0.143655D+03
 0.143009D+03
 0.143823D+03
 0.144203D+03
 0.144358D+03
 0.145062D+03
 0.145470D+03
 0.145260D+03
 0.146669D+03
 0.146193D+03
 0.147893D+03
 0.147684D+03
 0.149818D+03
 0.149247D+03
 0.151035D+03
 0.150462D+03
 0.152026D+03
 0.151307D+03
 0.152238D+03
 0.151925D+03
 0.152742D+03
 0.152571D+03
 0.152536D+03
 0.153179D+03
 0.152815D+03
 0.152780D+03
 0.153591D+03
 0.152915D+03
 0.152827D+03
 0.153668D+03
 0.152791D+03
 0.152592D+03
 0.153914D+03
 0.152362D+03
 0.152070D+03
 0.153153D+03
 0.151954D+03
 0.151644D+03
 0.152348D+03
 0.150954D+03
 0.150266D+03
 0.151114D+03
 0.149550D+03
 0.148635D+03
 0.149484D+03
 0.148036D+03
 0.147186D+03
 0.147764D+03
 0.146451D+03
 0.145671D+03
 0.146279D+03
 0.144758D+03
 0.144168D+03
 0.144747D+03
 0.143211D+03
 0.143331D+03
 0.143709D+03
 0.142484D+03
 0.142386D+03
 0.142943D+03
 0.141726D+03
 0.141822D+03
 0.142363D+03
 0.141510D+03
 0.141315D+03
 0.142026D+03
 0.141247D+03
 0.141122D+03
 0.141824D+03
 0.141390D+03
 0.140978D+03
 0.141592D+03
 0.141132D+03
 0.140931D+03
 0.141366D+03
 0.140996D+03
 0.140964D+03
 0.141288D+03
 0.140929D+03
 0.140969D+03
 0.141259D+03
 0.141154D+03
 0.140951D+03
 0.141409D+03
 0.141479D+03
 0.141198D+03
 0.141872D+03
 0.141854D+03
 0.141516D+03
 0.142325D+03
 0.142593D+03
 0.141944D+03
 0.142504D+03
 0.143221D+03
 0.142439D+03
 0.142792D+03
 0.143596D+03
 0.142860D+03
 0.143392D+03
 0.143274D+03
 0.143389D+03
 0.143909D+03
 0.143755D+03
 0.143919D+03
 0.144494D+03
 0.144628D+03
 0.145276D+03
 0.145661D+03
 0.145699D+03
 0.146659D+03
 0.146490D+03
 0.147936D+03
 0.147870D+03
 0.149904D+03
 0.149196D+03
 0.151123D+03
 0.150201D+03
 0.151835D+03
 0.151165D+03
 0.152577D+03
 0.151778D+03
 0.152892D+03
 0.152665D+03
 0.152280D+03
 0.153115D+03
 0.152756D+03
 0.152596D+03
 0.153650D+03
 0.152746D+03
 0.152567D+03
 0.153824D+03
 0.152691D+03
 0.152331D+03
 0.153620D+03
 0.152367D+03
 0.152022D+03
 0.153270D+03
 0.151813D+03
 0.151470D+03
 0.152329D+03
 0.151044D+03
 0.150170D+03
 0.151224D+03
 0.149583D+03
 0.148877D+03
 0.149577D+03
 0.148090D+03
 0.147485D+03
 0.147954D+03
 0.146491D+03
 0.145858D+03
 0.146550D+03
 0.144976D+03
 0.144325D+03
 0.144988D+03
 0.143379D+03
 0.143470D+03
 0.143851D+03
 0.142433D+03
 0.142325D+03
 0.143018D+03
 0.141917D+03
 0.141895D+03
 0.142251D+03
 0.141587D+03
 0.141343D+03
 0.142095D+03
 0.141463D+03
 0.141234D+03
 0.141826D+03
 0.141311D+03
 0.140888D+03
 0.141732D+03
 0.141096D+03
 0.141026D+03
 0.141323D+03
 0.140912D+03
 0.140837D+03
 0.141345D+03
 0.140917D+03
 0.140908D+03
 0.141464D+03
 0.141147D+03
 0.141208D+03
 0.141642D+03
 0.141236D+03
 0.141253D+03
 0.141817D+03
 0.142114D+03
 0.141589D+03
 0.142296D+03
 0.142768D+03
 0.141790D+03
 0.142646D+03
 0.143188D+03
 0.142320D+03
 0.142999D+03
 0.143828D+03
 0.142936D+03
 0.143454D+03
 0.143526D+03
 0.143427D+03
 0.144062D+03
 0.144030D+03
 0.144089D+03
 0.144531D+03
 0.144813D+03
 0.145462D+03
 0.145670D+03
 0.145730D+03
 0.146609D+03
 0.146561D+03
 0.147925D+03
 0.148054D+03
 0.149856D+03
 0.149179D+03
 0.151130D+03
 0.150271D+03
 0.151935D+03
 0.151190D+03
 0.152586D+03
 0.151781D+03
 0.152691D+03
 0.152233D+03
 0.153205D+03
 0.152643D+03
 0.152362D+03
 0.153638D+03
 0.152542D+03
 0.152420D+03
 0.153629D+03
 0.152483D+03
 0.152210D+03
 0.153735D+03
 0.152391D+03
 0.151651D+03
 0.153348D+03
 0.151699D+03
 0.151081D+03
 0.152298D+03
 0.150991D+03
 0.150233D+03
 0.151250D+03
 0.149849D+03
 0.148946D+03
 0.149803D+03
 0.148346D+03
 0.147475D+03
 0.148133D+03
 0.146451D+03
 0.145864D+03
 0.146416D+03
 0.144903D+03
 0.144231D+03
 0.144675D+03
 0.143442D+03
 0.143145D+03
 0.143799D+03
 0.142245D+03
 0.142133D+03
 0.142844D+03
 0.141740D+03
 0.141713D+03
 0.142559D+03
 0.141479D+03
 0.141419D+03
 0.141959D+03
 0.141463D+03
 0.140989D+03
 0.141817D+03
 0.141232D+03
 0.140878D+03
 0.141798D+03
 0.140944D+03
 0.140933D+03
 0.141501D+03
 0.140840D+03
 0.140910D+03
 0.141331D+03
 0.140919D+03
 0.140730D+03
 0.141521D+03
 0.141168D+03
 0.141050D+03
 0.141646D+03
 0.141553D+03
 0.141080D+03
 0.141989D+03
 0.141967D+03
 0.141478D+03
 0.142194D+03
 0.142854D+03
 0.141886D+03
 0.142700D+03
 0.143544D+03
 0.142392D+03
 0.143154D+03
 0.143827D+03
 0.142823D+03
 0.143536D+03
 0.143402D+03
 0.143551D+03
 0.144046D+03
 0.143865D+03
 0.143924D+03
 0.144722D+03
 0.146431D+03
 0.146450D+03
 0.147744D+03
 0.148097D+03
 0.149521D+03
 0.148929D+03
 0.150809D+03
 0.150037D+03
 0.151774D+03
 0.150745D+03
 0.152359D+03
 0.151312D+03
 0.152147D+03
 0.151835D+03
 0.152983D+03
 0.152580D+03
 0.152285D+03
 0.153368D+03
 0.152591D+03
 0.152213D+03
 0.153534D+03
 0.152360D+03
 0.152119D+03
 0.153381D+03
 0.152482D+03
 0.151518D+03
 0.153071D+03
 0.151698D+03
 0.150959D+03
 0.152334D+03
 0.150904D+03
 0.150169D+03
 0.151073D+03
 0.149875D+03
 0.148994D+03
 0.149628D+03
 0.148403D+03
 0.147277D+03
 0.147817D+03
 0.146504D+03
 0.145573D+03
 0.146381D+03
 0.144774D+03
 0.143981D+03
 0.144436D+03
 0.141042D+03
 0.140584D+03
 0.141737D+03
 0.139947D+03
 0.139575D+03
 0.141095D+03
 0.139336D+03
 0.140846D+03
 0.141554D+03
 0.140994D+03
 0.140934D+03
 0.141417D+03
 0.141206D+03
 0.140833D+03
 0.141689D+03
 0.140989D+03
 0.140768D+03
 0.141545D+03
 0.140702D+03
 0.140543D+03
 0.141423D+03
 0.140780D+03
 0.140655D+03
 0.141127D+03
 0.140898D+03
 0.140411D+03
 0.141323D+03
 0.140928D+03
 0.140638D+03
 0.141331D+03
 0.141329D+03
 0.141198D+03
 0.141969D+03
 0.142060D+03
 0.141403D+03
 0.142264D+03
 0.142789D+03
 0.141809D+03
 0.142686D+03
 0.143487D+03
 0.142375D+03
 0.143255D+03
 0.143851D+03
 0.142758D+03
 0.143455D+03
 0.143298D+03
 0.143299D+03
 0.143798D+03
 0.143638D+03
 0.143634D+03
 0.144387D+03
 0.146924D+03
 0.147092D+03
 0.149073D+03
 0.148037D+03
 0.150482D+03
 0.149272D+03
 0.151425D+03
 0.150438D+03
 0.152063D+03
 0.151073D+03
 0.152027D+03
 0.151734D+03
 0.152352D+03
 0.152261D+03
 0.151976D+03
 0.153108D+03
 0.152432D+03
 0.151978D+03
 0.153521D+03
 0.152377D+03
 0.151917D+03
 0.153443D+03
 0.152159D+03
 0.151782D+03
 0.152897D+03
 0.151638D+03
 0.151022D+03
 0.152286D+03
 0.150917D+03
 0.150115D+03
 0.151039D+03
 0.149753D+03
 0.148701D+03
 0.149564D+03
 0.147974D+03
 0.146986D+03
 0.147726D+03
 0.144228D+03
 0.143323D+03
 0.144394D+03
 0.142358D+03
 0.141335D+03
 0.142663D+03
 0.140624D+03
 0.140039D+03
 0.141042D+03
 0.139415D+03
 0.139037D+03
 0.140978D+03
 0.139114D+03
 0.138810D+03
 0.140287D+03
 0.138689D+03
 0.138205D+03
 0.140850D+03
 0.141010D+03
 0.140335D+03
 0.141090D+03
 0.140704D+03
 0.140564D+03
 0.141114D+03
 0.140642D+03
 0.140309D+03
 0.140962D+03
 0.140611D+03
 0.140136D+03
 0.141098D+03
 0.140746D+03
 0.140345D+03
 0.141069D+03
 0.140729D+03
 0.140498D+03
 0.141086D+03
 0.141388D+03
 0.140929D+03
 0.141710D+03
 0.141924D+03
 0.141079D+03
 0.141965D+03
 0.142707D+03
 0.141641D+03
 0.142648D+03
 0.143453D+03
 0.142295D+03
 0.143094D+03
 0.143713D+03
 0.142433D+03
 0.143105D+03
 0.142965D+03
 0.142871D+03
 0.143253D+03
 0.149374D+03
 0.148449D+03
 0.151000D+03
 0.149750D+03
 0.151757D+03
 0.150630D+03
 0.151710D+03
 0.151347D+03
 0.152375D+03
 0.152201D+03
 0.151780D+03
 0.152846D+03
 0.152219D+03
 0.151838D+03
 0.153366D+03
 0.152195D+03
 0.151604D+03
 0.153417D+03
 0.152050D+03
 0.151540D+03
 0.152896D+03
 0.151786D+03
 0.150870D+03
 0.151910D+03
 0.150840D+03
 0.149844D+03
 0.150878D+03
 0.149443D+03
 0.146764D+03
 0.148155D+03
 0.145924D+03
 0.144784D+03
 0.146263D+03
 0.143502D+03
 0.142718D+03
 0.143615D+03
 0.140292D+03
 0.139858D+03
 0.140659D+03
 0.140331D+03
 0.139991D+03
 0.140717D+03
 0.140235D+03
 0.140049D+03
 0.140765D+03
 0.140223D+03
 0.139783D+03
 0.140369D+03
 0.140310D+03
 0.140054D+03
 0.140646D+03
 0.140532D+03
 0.140373D+03
 0.140979D+03
 0.141004D+03
 0.140604D+03
 0.141445D+03
 0.141645D+03
 0.141279D+03
 0.141879D+03
 0.142570D+03
 0.141533D+03
 0.142234D+03
 0.143094D+03
 0.142161D+03
 0.142666D+03
 0.142819D+03
 0.141804D+03
 0.142194D+03
 0.151559D+03
 0.150569D+03
 0.151686D+03
 0.151346D+03
 0.152018D+03
 0.152061D+03
 0.151611D+03
 0.152931D+03
 0.152114D+03
 0.151877D+03
 0.153269D+03
 0.152188D+03
 0.151713D+03
 0.153124D+03
 0.152100D+03
 0.151330D+03
 0.152669D+03
 0.151376D+03
 0.150572D+03
 0.151844D+03
 0.148856D+03
 0.147828D+03
 0.149604D+03
 0.147328D+03
 0.146346D+03
 0.147770D+03
 0.145307D+03
 0.144447D+03
 0.145547D+03
 0.139494D+03
 0.138862D+03
 0.139501D+03
 0.139730D+03
 0.139465D+03
 0.140050D+03
 0.140002D+03
 0.139549D+03
 0.140331D+03
 0.140048D+03
 0.139523D+03
 0.140230D+03
 0.140122D+03
 0.139823D+03
 0.140462D+03
 0.140276D+03
 0.139892D+03
 0.140777D+03
 0.140861D+03
 0.140487D+03
 0.141191D+03
 0.141708D+03
 0.140775D+03
 0.141456D+03
 0.142133D+03
 0.141146D+03
 0.141874D+03
 0.142746D+03
 0.141635D+03
 0.142137D+03
 0.152033D+03
 0.151557D+03
 0.152700D+03
 0.152281D+03
 0.151648D+03
 0.152953D+03
 0.151884D+03
 0.151555D+03
 0.152761D+03
 0.151840D+03
 0.151122D+03
 0.151810D+03
 0.149311D+03
 0.148986D+03
 0.150792D+03
 0.139613D+03
 0.139051D+03
 0.139640D+03
 0.139507D+03
 0.138973D+03
 0.139756D+03
 0.139583D+03
 0.139376D+03
 0.140017D+03
 0.139949D+03
 0.139646D+03
 0.140298D+03
 0.140578D+03
 0.139895D+03
 0.140638D+03
 0.141135D+03
 0.140366D+03
 0.141055D+03
 0.141590D+03
 0.140644D+03
 0.141234D+03
 0.142066D+03
 0.140686D+03
 0.141380D+03
 0.151527D+03
 0.151311D+03
 0.151729D+03
 0.151836D+03
 0.151354D+03
 0.152083D+03
 0.151844D+03
 0.151359D+03
 0.152364D+03
 0.151706D+03
 0.150902D+03
 0.151966D+03
 0.149748D+03
 0.149441D+03
 0.151206D+03
 0.148821D+03
 0.148291D+03
 0.150120D+03
 0.139188D+03
 0.138543D+03
 0.139365D+03
 0.138980D+03
 0.138622D+03
 0.139382D+03
 0.139265D+03
 0.138771D+03
 0.139439D+03
 0.139538D+03
 0.138932D+03
 0.139642D+03
 0.139819D+03
 0.139130D+03
 0.139873D+03
 0.140281D+03
 0.139357D+03
 0.140361D+03
 0.140751D+03
 0.139648D+03
 0.140555D+03
 0.138539D+03
 0.138038D+03
 0.138697D+03
 0.141785D+03
 0.141481D+03
 0.141532D+03
 0.141143D+03
 0.140667D+03
 0.140497D+03
 0.139913D+03
 0.139740D+03
 0.139206D+03
 0.139239D+03
 0.139172D+03
 0.138779D+03
 0.138896D+03
 0.138720D+03
 0.138116D+03
 0.138734D+03
 0.138294D+03
 0.137855D+03
 0.143593D+03
 0.143500D+03
 0.143493D+03
 0.142485D+03
 0.142047D+03
 0.142013D+03
 0.141086D+03
 0.140833D+03
 0.140880D+03
 0.140242D+03
 0.140105D+03
 0.139980D+03
 0.139515D+03
 0.139531D+03
 0.139384D+03
 0.138999D+03
 0.138975D+03
 0.138997D+03
 0.150717D+03
 0.150526D+03
 0.150720D+03
 0.150619D+03
 0.150563D+03
 0.150337D+03
 0.150360D+03
 0.149991D+03
 0.150041D+03
 0.149423D+03
 0.149916D+03
 0.148478D+03
 0.147753D+03
 0.148578D+03
 0.147187D+03
 0.146482D+03
 0.147419D+03
 0.145571D+03
 0.145408D+03
 0.145925D+03
 0.144389D+03
 0.143908D+03
 0.144530D+03
 0.143141D+03
 0.142498D+03
 0.143065D+03
 0.141577D+03
 0.141232D+03
 0.141935D+03
 0.140597D+03
 0.140634D+03
 0.141381D+03
 0.139947D+03
 0.140139D+03
 0.140761D+03
 0.139606D+03
 0.139598D+03
 0.140268D+03
 0.139392D+03
 0.139156D+03
 0.139772D+03
 0.138852D+03
 0.138604D+03
 0.139529D+03
 0.138522D+03
 0.138428D+03
 0.139152D+03
 0.138086D+03
 0.138268D+03
 0.138802D+03
 0.137992D+03
 0.138139D+03
 0.138764D+03
 0.138138D+03
 0.138335D+03
 0.138809D+03
 0.138485D+03
 0.138432D+03
 0.138878D+03
 0.150759D+03
 0.149976D+03
 0.151340D+03
 0.150599D+03
 0.152154D+03
 0.151047D+03
 0.151215D+03
 0.151174D+03
 0.151027D+03
 0.150454D+03
 0.150801D+03
 0.150337D+03
 0.150779D+03
 0.150716D+03
 0.150757D+03
 0.150437D+03
 0.150121D+03
 0.149700D+03
 0.149009D+03
 0.148912D+03
 0.148169D+03
 0.147487D+03
 0.146886D+03
 0.146095D+03
 0.145286D+03
 0.144609D+03
 0.143854D+03
 0.143316D+03
 0.142479D+03
 0.142195D+03
 0.141736D+03
 0.141452D+03
 0.140937D+03
 0.140728D+03
 0.140458D+03
 0.140194D+03
 0.139868D+03
 0.139703D+03
 0.139756D+03
 0.139477D+03
 0.139162D+03
 0.138864D+03
 0.138502D+03
 0.138664D+03
 0.138542D+03
 0.138639D+03
 0.138424D+03
 0.138408D+03
 0.138817D+03
 0.138451D+03
 0.148231D+03
 0.149969D+03
 0.149543D+03
 0.151135D+03
 0.150675D+03
 0.151751D+03
 0.151293D+03
 0.151719D+03
 0.151531D+03
 0.151831D+03
 0.151731D+03
 0.151786D+03
 0.151433D+03
 0.151873D+03
 0.151656D+03
 0.151875D+03
 0.151646D+03
 0.151621D+03
 0.151172D+03
 0.151096D+03
 0.150459D+03
 0.150278D+03
 0.149519D+03
 0.149023D+03
 0.148323D+03
 0.147661D+03
 0.146797D+03
 0.146071D+03
 0.145369D+03
 0.144549D+03
 0.143976D+03
 0.143413D+03
 0.142843D+03
 0.142148D+03
 0.142112D+03
 0.141562D+03
 0.141302D+03
 0.141136D+03
 0.141010D+03
 0.140563D+03
 0.140291D+03
 0.140260D+03
 0.140020D+03
 0.139575D+03
 0.139801D+03
 0.139400D+03
 0.139310D+03
 0.139215D+03
 0.139299D+03
 0.138034D+03
 0.138216D+03
 0.138617D+03
 0.138715D+03
 0.139374D+03
 0.139209D+03
 0.140032D+03
 0.139589D+03
 0.140550D+03
 0.139835D+03
